3 0 1 2
5 3 5 9 84 130
7 4 6 10 17 30 49 132
6 7 11 12 37 52 165
8 8 13 14 16 43 46 77 151
5 15 20 47 94 169
9 18 21 22 25 31 55 69 173 183
6 19 23 35 59 97 149
9 24 26 42 45 51 66 71 135 175
5 27 48 67 123 208
7 28 50 70 78 120 143 211
7 29 61 73 81 98 100 153
8 32 40 68 76 83 104 178 257
11 34 38 39 64 82 89 90 106 154 189 274
9 41 44 53 86 93 112 186 206 247
9 54 56 57 79 96 101 115 126 233
11 58 60 91 102 109 114 118 139 141 194 278
8 62 63 111 119 142 228 229 293
8 72 74 113 117 124 145 231 240
6 75 105 121 131 152 256
6 80 92 122 138 155 272
6 85 95 128 140 176 262
9 87 88 107 129 146 147 181 182 215
8 99 103 125 156 157 160 192 251
7 108 127 144 158 163 196 270
9 110 133 150 166 170 190 199 205 279
9 116 134 136 171 172 174 177 201 223
5 137 185 191 219 252
7 148 187 188 195 235 238 242
7 159 193 197 237 248 250 265
7 161 198 202 207 255 266 288
6 162 200 204 209 264 280
9 164 203 213 214 236 269 283 289 297
5 167 210 217 253 287
7 168 212 218 222 243 291 292
5 180 220 224 239 258
5 184 225 226 241 271
5 216 227 230 244 295
4 232 254 268 298
2 245 282
4 246 260 261 277
3 249 263 281
3 259 267 284
1 273
3 275 276 285
2 286 290
1 294
1 296
1 299
0
0
0
0
0
0
0
0
0
0
0
0
0
0
0
0
0
0
0
0
0
0
0
0
0
0
0
0
0
0
0
0
0
0
0
0
0
0
0
0
0
0
0
0
0
0
0
0
0
0
0
