45 0 2 3 4 5 6 10 12 35 37 40 41 52 53 54 56 60 61 62 64 68 69 71 74 75 1330 1331 1339 1340 1341 1342 1343 1346 1347 1350 1355 1360 1362 1363 9984 9985 9986 9987 9998 9999
78 1 8 21 28 29 43 44 79 114 120 134 135 136 137 139 140 141 142 146 150 153 157 158 159 160 163 164 165 170 171 172 182 183 184 185 186 197 208 209 210 211 212 218 219 220 221 222 223 224 253 258 260 261 262 294 295 296 298 300 304 305 307 311 312 322 323 324 326 327 328 329 333 334 335 337 338 339 341
10 7 78 80 81 82 83 94 95 96 98
9 9 16 18 121 251 254 255 265 411
19 11 108 109 111 113 132 133 138 143 148 176 213 214 215 216 217 226 231 233
46 13 14 31 242 278 281 282 422 423 427 429 430 432 433 435 437 439 456 457 458 461 464 467 473 475 480 516 537 577 578 1175 1176 1180 1187 1188 1189 1190 1191 1192 1193 1194 1195 1196 1197 1198 1199
133 15 19 46 99 101 107 110 115 117 118 124 1707 1710 1711 1712 1713 1716 1721 1722 1723 1729 1735 1737 1738 1744 1746 1747 1749 1751 1752 1753 1754 1755 1761 1762 1764 1765 1788 1789 1790 1794 1796 1798 1809 1810 1811 1813 1814 1816 1817 1818 1819 1823 1824 1825 1826 1827 1828 1839 1841 1844 1862 1864 1872 1874 1877 1883 1884 1887 1888 1892 1893 1894 1898 1899 1900 1902 1906 1909 1910 1913 1915 1916 1922 1923 1924 1925 1926 1928 1940 1956 1957 1958 1960 1961 1963 1964 1966 1970 1978 1989 1994 1997 1999 2000 2001 2002 2003 2005 2006 2007 2012 2014 2019 2021 2022 2024 2025 2028 2030 2035 2036 2037 2038 2039 2040 2041 2066 2067 2092 2094 2106 2107
74 17 125 131 149 285 290 292 293 343 344 345 346 353 354 356 357 358 359 360 362 948 950 955 959 974 975 976 979 980 983 1001 1043 1049 1052 1053 1054 1055 1056 1057 1058 1060 1061 1065 1066 1067 1068 1069 1071 1086 1089 1090 1091 1093 1094 1096 1097 1098 1099 1149 1150 1155 1156 1157 1160 1161 1166 1167 1168 1169 1170 1171 1172 1174 1177
60 20 379 380 382 383 384 387 388 391 395 396 397 398 403 404 405 406 407 410 420 421 424 426 488 491 591 593 594 596 597 598 601 602 603 606 607 610 611 614 618 619 620 622 628 629 630 631 639 640 641 664 668 672 675 677 691 692 713 714 722
118 22 23 24 586 587 652 653 655 736 737 744 746 747 748 761 766 767 768 771 772 773 774 776 780 781 783 785 786 790 791 792 793 794 797 798 799 801 804 805 806 823 826 828 841 843 893 894 914 915 916 917 919 920 923 931 932 939 940 946 1212 1294 1295 1300 1301 1304 1305 1307 1308 1309 1310 1311 1312 1313 1315 1374 1385 1403 1405 1406 1407 1408 1409 1410 1411 1413 1414 1415 1416 1417 1418 1421 1424 1425 1426 1427 1428 1517 1519 1520 1522 1679 1680 1683 1685 1687 1691 1692 1693 1694 1695 1697 1702 1740 1741 1742 1756 1757 1766
10 25 374 440 445 446 447 5635 5636 5637 5638
28 26 27 30 33 34 36 38 42 45 47 561 1085 1087 1109 1110 1112 1131 1132 1133 1134 1135 1144 1145 1146 1147 1148 1151 1154
142 32 48 49 50 238 239 241 245 257 259 266 268 272 283 3737 3738 3741 3742 3743 3744 3746 3747 3748 3873 3874 3876 3897 3898 3899 3900 3902 3903 3904 3905 3907 3909 3922 3923 3924 3926 3928 3929 3930 3948 3950 3951 3952 4497 4498 4500 4501 4502 6770 6771 6775 6777 6780 6784 6809 6810 6977 6978 6979 6981 6986 6991 6992 6993 6994 6996 6997 6998 6999 7003 7007 7008 7011 7012 7015 7016 7017 7019 7022 7023 7027 7031 7032 7033 7034 7036 7039 7041 7047 7048 7053 7054 7055 7059 7061 7062 7064 7070 7072 7073 7076 7079 7081 7082 7083 7085 7086 7087 7090 7098 7100 7103 7105 7106 7107 7109 7110 7111 7114 7115 7116 7117 7118 7119 7120 7121 7123 7133 7134 7304 7305 7306 7307 7309 7311 7314 7318 7319
20 39 51 73 76 77 497 546 547 1260 1261 1262 1263 1264 1265 1269 1270 1321 1326 1327 1445
83 57 122 352 355 375 378 732 1008 1011 1013 1014 1015 1225 1226 1229 1232 1239 1242 1245 1246 1247 1248 1249 1250 1251 1256 1258 1272 1275 1276 1278 1279 1282 1283 1286 1293 1296 1320 1328 1368 1370 1373 1375 1447 1449 1477 1478 1481 1484 1535 1538 1539 1540 1570 1571 1574 1575 1577 1578 1580 1586 1588 1591 1594 1605 1616 1619 1626 1628 1630 1631 1632 1634 1635 7949 7951 7962 7963 7969 7970 7993 7995 7996
59 58 180 181 1489 1491 1492 1493 1495 1496 1497 1503 1649 1650 1651 5132 5134 5135 5136 5137 5138 5139 5143 5144 5145 5147 5148 5149 5151 5152 5154 5156 5157 5158 5166 5167 5168 5169 5170 5171 5173 5183 5184 5213 5214 5219 5220 5222 5225 5241 5242 5243 5246 5247 5248 5249 5252 5253 5254 5255
65 59 97 235 548 549 551 552 553 554 555 558 559 562 642 643 644 646 648 650 656 658 659 661 730 1667 1669 1672 2060 2062 2063 2070 2073 2080 2081 2109 2110 2120 2125 2126 2127 2129 2130 2133 2135 2136 2137 2138 2139 2140 2141 2142 2144 2146 2147 2149 3178 3181 3182 3183 3184 3186 3187 3188 3226 3227
1 63
75 65 1546 1548 1550 1553 1556 1557 1559 2159 2164 2166 2167 2168 2169 2170 2192 2194 2195 2196 2197 2203 2210 2219 2223 2224 2226 2227 2229 2231 2232 2233 2234 2235 2236 2237 2240 2246 2247 2249 6613 6614 8421 8422 8424 8425 8426 8431 8433 8437 8438 8439 8440 8441 8442 8444 8446 8448 8450 8451 8467 8469 8470 9886 9892 9893 9894 9902 9904 9906 9907 9909 9910 9911 9912 9914
17 66 188 189 194 195 468 479 481 486 510 511 2262 2263 2264 2267 2286 2288
17 67 104 455 533 534 535 543 678 679 681 682 684 685 688 689 690 694
2 70 85
30 72 350 351 513 517 1024 1025 1026 1028 1029 1030 1031 1032 1033 1035 1036 1037 1038 1039 1040 1041 1206 1210 1211 2256 2261 2268 2273 2371 2423
39 84 105 1513 1516 1523 1533 2595 2596 2597 2600 2601 2603 2604 2605 2606 2607 2609 2611 2652 2653 2656 2657 2659 4288 4291 4305 4307 4308 4313 4315 4316 4317 4318 4320 4322 4323 4324 4327 4329
9 86 198 201 493 494 495 505 512 519
78 87 88 705 707 716 717 1636 1638 2494 3646 3648 3649 3676 3677 3680 3681 3683 3685 3686 3687 3733 3734 3756 3757 3758 3780 3781 3782 3783 3784 3785 3789 3805 3809 3812 3814 3815 3816 3823 3827 3828 3829 3864 3865 3866 3867 3868 3869 3870 3963 3965 3968 3969 3971 3975 3976 3978 3983 3985 4024 4026 4031 4032 4033 4035 4036 4040 4042 4048 4049 4050 4051 4052 4053 4055 4056 4057 4058
46 89 90 91 127 2336 2337 2339 2340 2350 2351 2352 2353 2354 2356 2365 2367 2682 2688 2693 2694 2695 2696 2698 2699 2701 2702 2704 2706 2711 2712 2717 2718 2719 3028 3032 3034 3037 3038 3073 3074 3084 3085 3087 3092 3112 3116
12 92 156 161 169 203 205 2151 2153 2156 2157 2506 2507
25 93 100 320 321 2315 2317 2320 2321 2324 2329 2446 2447 2454 2459 2461 2466 2468 2469 2470 2471 2475 2476 2479 2481 2504
4 102 103 2516 2518
99 106 128 129 524 531 3506 3507 3510 3511 3512 3513 3515 3519 3520 3521 3523 3525 3529 3549 3550 3551 3552 3553 3556 3557 3558 3559 3566 3567 3568 3572 3576 3577 3589 3609 3611 3613 3624 3626 3643 3644 3645 4071 4072 4075 4077 4078 4079 4080 4081 4084 4085 4086 4091 4092 4093 4094 4095 4098 4099 4100 4103 4109 4111 4126 4127 4128 4130 4132 4133 4137 4138 4141 4142 4145 4147 4148 4150 4154 4155 4163 4164 4167 4168 4170 4171 4236 4237 4245 4246 4247 4248 4249 4251 4252 4253 4269 4272 4275
29 112 206 532 539 542 809 1216 1219 1220 1221 1222 1223 1234 1314 1316 1865 1866 1870 1876 1885 1903 1904 1905 1918 1920 1929 1930 2251 2254
20 116 207 225 230 234 244 449 453 2011 2016 2531 2532 2577 2578 2580 2581 2583 2585 2620 2634
48 119 2646 2648 2650 2663 2669 2672 2673 2674 2675 2685 2690 2721 2735 2736 2737 2742 2754 2756 2757 2758 2759 2761 2764 2766 2769 2770 2771 2773 2774 2775 2776 2783 2788 2790 2791 2933 2934 2940 2941 2946 2948 2949 2953 2954 2955 2957 3024
45 123 286 287 2511 2512 2513 2515 2524 2525 2526 2527 2534 2536 2537 2538 2539 2540 2543 2546 2548 2549 2551 2552 2555 2557 2558 2562 2564 2567 2586 2587 2644 2645 2651 2654 2664 2665 2728 2729 2739 2741 2747 2748 2749 2786
37 126 3278 3279 4408 4409 4411 4412 4425 4426 4442 4443 4447 4448 4451 4452 4454 4457 4458 4459 4464 4468 4484 4487 4488 4489 4490 4518 4557 4558 4564 4566 4567 4570 4573 4574 4575 4576
30 130 145 2640 2641 2738 2743 2744 2745 2746 2750 2779 2792 2796 2815 2816 2819 2821 2824 2828 2860 2861 2863 2864 2865 2874 2875 2876 2877 2878 2879
18 144 147 162 816 817 818 2369 2370 2372 2375 2376 2380 2881 2889 2891 2892 2893 2894
48 151 859 1402 1429 1431 1436 1437 1438 1450 1455 1463 1467 1468 1469 1471 1474 2176 2177 2183 2187 2191 2193 2198 2199 2206 2207 2208 2209 2211 2313 2314 2318 2327 2330 2331 2332 2333 2341 2345 2405 2426 2428 2430 2431 3012 3013 3015 3021
26 152 154 522 526 527 528 529 545 550 560 563 565 566 2503 2509 2510 2571 2621 2636 2637 2638 2798 2804 2905 2906 2907
7 155 719 720 721 723 864 870
5 166 2914 2915 2969 2994
11 167 177 191 193 317 886 889 2805 2806 2808 2810
23 168 243 249 274 347 1938 1939 2399 2401 2402 2403 2404 2409 2410 2412 2413 2414 2415 2416 2419 2432 2435 2436
199 173 178 299 373 389 390 2971 2972 2973 2977 2978 2992 2993 2995 2996 2997 2999 3045 3060 3061 3062 3197 3204 3206 3208 3210 3212 3213 3219 3222 3223 3228 3229 3230 3231 3233 3234 3239 3242 3243 3245 3248 3251 3252 3255 3256 3257 3260 3261 3263 3268 3269 3272 3273 3275 3276 3280 3285 3376 3377 3378 3388 3390 3392 3394 3395 3403 3472 3475 3476 3477 3479 3480 3481 3482 3483 3485 3488 3489 3490 3492 3493 3530 4179 4180 4181 4182 4183 4184 4223 4224 4333 4338 4339 4354 4377 4378 4380 4389 4395 4397 4398 4399 4402 4403 4404 4405 4406 4410 4415 4416 4421 4423 4424 4427 4435 4437 4579 4580 4587 4589 4590 4627 4629 4630 4631 4635 4693 4695 4725 4728 4732 4733 4742 4748 4750 4752 4753 4754 4755 4761 4763 4764 4765 4766 4767 4815 4816 4817 4818 4820 4828 4830 4831 4833 4835 4836 4843 4844 4847 4850 4858 4860 4876 4880 4881 5887 5888 5889 5890 5892 5896 5897 5914 5916 5917 5918 5932 5933 5934 5935 5937 5947 5948 5951 5952 5954 5955 5956 5958 5962 5965 5966 5967 5968 5969 5970 6016 6017
14 174 252 256 264 399 1004 1005 1380 1381 1392 1397 5664 5665 5666
11 175 179 609 615 625 626 627 633 634 2491 2497
21 187 190 196 2813 2814 3148 3297 3298 3299 3300 3301 3303 3305 3355 3363 3364 3365 3369 3372 3374 3375
116 192 2829 3336 3338 3339 3340 3341 3343 3345 3405 3406 3428 3436 4988 4989 4990 4991 4996 4997 4998 5008 5009 5022 5023 5025 5026 5027 5030 5031 5032 5033 5053 5055 5056 5057 5058 5061 5064 5068 5070 5071 5073 5075 5079 5080 5081 5084 5085 5089 5091 5092 5096 5097 5098 5100 5101 5110 5114 5117 5118 5119 5120 5128 5129 5130 5131 5159 5161 5261 5264 5267 5268 5270 5271 5274 5275 5277 5278 5280 5495 5496 5498 5499 5500 5501 5502 5503 5506 5507 5523 5524 5525 5526 5527 5536 5544 5546 5548 5596 5598 5599 5602 5603 5604 5605 5607 5610 5611 5614 5615 5619 5621 5631 5639 5643 5644
48 199 280 284 897 909 910 911 912 913 933 934 935 944 1022 3026 3027 3030 3437 3439 3440 3441 3446 3447 3450 3458 3460 3461 3463 3464 3465 3466 3467 3468 3545 3560 3561 3604 3605 3606 3607 3759 3761 3762 3763 3764 3765 3766 3767
31 200 273 275 276 277 4222 4228 4244 4259 4260 4261 4283 4287 4348 4349 4350 4352 4665 4666 4671 4672 4673 4675 4676 4681 4699 4905 4907 4911 4914 4915
70 202 5839 5841 5844 5848 5850 5852 5853 5856 5857 5859 5904 5906 5907 5974 5976 5978 5979 5981 5985 5999 6000 6001 6002 6005 6006 6010 6011 6020 6022 6030 6031 6032 6033 6034 6036 6040 6044 6045 6047 6049 6050 6052 6056 6057 6058 6059 6072 6076 6080 6085 6086 6088 6330 6331 6332 6385 6386 6387 6391 6394 6397 6400 6402 6403 6407 6409 6411 6412 6413
3 204 297 419
13 227 228 313 315 2615 2618 2901 5699 5701 5703 5704 5706 5707
9 229 237 348 663 665 666 667 669 697
45 232 246 754 1552 1561 1566 1567 1579 1581 1583 1640 1653 4121 4123 4125 4134 4135 4928 4932 4933 4934 4935 4936 4940 5049 5050 5385 5386 5387 5388 5390 5391 5402 5405 5407 5411 5415 5438 5440 5441 5445 5446 5447 5450 5453
89 236 248 718 725 1126 1128 1158 1164 1332 1399 3882 3885 3888 3889 3890 3893 3894 3895 3915 3916 3919 3920 3933 3945 3946 4066 4067 4068 4070 4076 4082 4083 4088 4089 4101 4108 4114 4115 4116 4117 4118 4120 4139 4140 4144 4146 4152 4153 4157 4159 4160 4162 4173 4174 4176 4177 4178 4186 4187 4189 4190 4191 4194 4197 4207 4210 4212 4213 4219 4220 4226 4227 4229 4231 4232 4234 4235 6512 6513 6554 6555 6558 6563 6564 6579 6581 6582 6585 6588
53 240 3833 3834 3835 3836 3839 3840 3854 3855 3856 3857 7683 7695 7696 7697 7716 7719 7720 7721 7722 7763 7767 7769 7770 7781 7782 7784 7785 7787 7788 7818 7829 7833 7834 7839 7844 7847 7848 7851 7852 7861 7867 7869 7870 7873 7875 7877 7878 7880 7881 7883 7884 7885
17 247 482 483 1077 1475 1674 1677 1678 5466 5472 5473 5657 5661 5662 5671 5673 5674
5 250 269 1585 1595 1596
38 263 414 521 523 525 530 536 636 651 2927 2962 3006 5773 5775 5776 5780 5793 5794 5795 5816 5819 5827 5829 5830 5831 5832 5833 5834 5835 5836 6112 6115 6116 6122 6125 6126 6134 6135
34 267 1597 1599 1600 1601 3154 3320 3321 3322 3323 3324 3325 3327 3331 3334 6224 6225 6227 6228 6230 6231 6232 6235 6282 6283 6284 6285 6287 6288 6289 6290 6298 6300 6301
78 270 498 500 709 710 715 729 731 3356 3358 3407 3408 3414 3418 3421 3859 3878 3879 3880 3881 3884 3918 5737 5739 5740 5741 5744 5745 5752 5755 5756 5757 5758 5762 5764 5765 5766 5767 5768 5770 5778 5781 5783 5784 5789 6444 6445 6446 6447 6455 6457 6459 6460 6461 6462 6463 6464 6465 6466 6470 6472 6473 6475 6476 6480 6669 6670 6672 6673 6888 6889 6890 6891 6892 6893 6894 6896 6898
20 271 279 759 777 778 784 787 3422 6699 6700 6719 6721 6722 6763 6765 6766 6768 6785 6786 6787
21 288 289 306 308 309 310 349 1700 1701 1730 1731 3009 3010 3018 3020 3022 3025 3029 3052 3055 3057
11 291 301 336 340 5477 5479 5482 5483 5484 5485 5486
13 302 741 742 808 1936 1941 1947 3307 3423 3424 3501 3502 3504
37 303 743 752 1660 1661 1671 1682 3750 3753 3768 3770 3771 3772 3773 3779 3986 3987 3988 4059 4061 4199 4202 4203 4206 4238 4239 4240 4267 4299 4302 4303 4304 4306 4310 4311 4312 4331
28 314 318 568 775 815 820 821 2053 2054 4363 4366 4370 4371 4372 4373 4374 4375 4376 4382 4384 4972 4987 5006 5007 5688 5694 5696 5698
43 316 1808 1812 4002 4003 4004 4005 4006 4007 4013 4014 9631 9639 9646 9648 9649 9652 9666 9669 9670 9671 9672 9673 9676 9678 9680 9688 9689 9692 9693 9708 9709 9710 9715 9742 9743 9744 9745 9746 9748 9824 9826 9827
23 319 330 331 369 574 5652 5653 5654 5655 5677 5682 5684 5686 5708 5727 5729 6145 6146 6151 6152 6153 6161 6173
5 325 840 853 1773 6422
44 332 364 1504 1515 1528 1541 1543 4495 4496 4499 4505 4530 4531 4551 4552 4645 4646 4650 4651 4661 4662 4663 4720 4721 4772 4780 4810 4823 4824 4825 4826 4852 4853 4854 4891 4892 4893 4895 5040 5045 5046 5047 5104 5107
52 342 860 4954 5301 5302 5304 5306 5309 5311 5312 5314 5315 5316 5321 5323 5324 5325 5326 5327 5329 5330 5334 5336 5337 5357 5362 5367 5369 5370 5371 5372 6102 6103 6137 6141 6143 6147 6154 6155 6157 6312 6313 6314 6315 6316 6319 6320 6435 6436 6438 6440 6441
17 361 863 871 872 873 874 875 879 880 1959 1962 1973 1980 1981 5382 5384 5392
16 363 365 367 763 1042 1044 1048 1050 1063 1076 1078 1983 1984 1986 1991 6830
32 366 1843 1982 2212 2213 6802 6806 6975 6976 6987 7095 7102 7122 7124 7125 7138 7139 7143 7148 7150 7151 7153 7219 7220 7223 7237 7240 7241 7249 7250 7255 7260
59 368 5511 5512 5513 6663 6864 6865 6871 6872 6873 6874 6875 6878 6879 6880 6884 6885 6886 6900 6907 6910 6911 6915 6916 6930 6932 7193 7194 8644 8645 8650 8651 8653 8654 8655 8657 8658 8660 8674 8675 8676 8684 8686 8687 8689 8692 8695 8700 8702 8714 8715 8716 8726 8727 8728 8729 8738 8743 8753
19 370 902 904 930 937 5532 5533 5538 5562 6942 7217 7218 7222 7225 7230 7231 7232 7233 7234
49 371 6237 6239 6240 7330 7332 7340 7342 7376 7377 7378 7381 7382 7383 7384 7385 7388 7389 7390 7391 7394 7395 7396 7398 7401 7402 7403 7404 7410 7412 7413 7437 7438 7448 7449 7451 7453 7457 7463 7482 7483 7484 7485 7486 7487 7488 7489 7491 7492
41 372 2381 2382 2385 4966 4967 4968 5013 5014 5015 5016 5036 5042 6594 6597 6598 7262 7265 7269 7270 7279 7280 7284 7285 7290 7292 7293 7294 7295 7296 7298 7299 7300 7302 7303 7320 7321 7322 7531 7533 7887
6 376 443 448 6219 6241 6246
30 377 381 1205 1207 1213 1255 6258 6259 6269 6530 6533 6535 6536 6541 6543 6544 6545 6547 6548 6551 6552 6553 6556 6557 6559 6565 6568 6569 6574 6575
42 385 392 409 412 454 996 1003 1006 2046 2968 6631 6637 6681 6682 6685 6689 6690 6691 6693 6694 6698 6702 6724 6727 6731 6732 7562 7563 7568 7634 7635 7636 7637 7638 7640 7644 7651 7652 9570 9573 9599 9600
33 386 836 6448 6452 6453 6477 6496 7656 7659 7664 7665 7668 7669 7670 7671 7672 7673 7675 7677 7678 7679 7680 7682 7684 7686 7702 7703 7704 7705 7745 7746 7755 7756
10 393 400 413 425 431 442 4591 4594 7935 7936
14 394 451 6272 6274 6275 6277 6279 8253 8254 8260 8261 8262 8264 8265
19 401 2042 2043 2045 2057 2058 2061 2064 2069 2071 2075 6382 6383 6420 6425 6426 6429 6432 6479
16 402 415 4958 4959 5196 6307 6309 6310 6311 6355 6356 6367 6368 6369 6370 6371
26 408 416 417 418 892 4952 4953 4955 4960 4961 6498 6948 6949 6956 6957 6958 6961 6962 6966 6968 6969 7561 7564 7569 7570 7577
47 428 484 490 945 1319 1329 1334 1338 1344 1354 1356 2266 2270 2271 2276 2277 2280 2282 2588 2594 8026 8027 8028 8030 8034 8037 8054 8061 8063 8064 8065 8067 8069 8078 8079 8080 8081 8095 8097 8098 8100 8106 8107 8109 8110 8113 8114
30 434 450 452 462 463 1388 2295 2297 2298 2299 2304 2305 2306 6868 6869 6870 6883 6943 6971 6972 7165 8141 8142 8143 8144 8145 8146 8147 8149 8151
71 436 459 2849 2850 7587 7590 7591 7596 7598 7599 7601 7605 7606 7607 7608 7623 7626 7627 7631 7655 8046 8047 8049 8050 8051 8062 8218 8221 8222 8223 8226 8227 8228 8249 8250 8251 8255 8268 8279 8282 8283 8284 8285 8287 8288 8290 8301 8303 8306 8317 8480 8481 8484 8485 8518 8520 8523 8524 8526 8529 8534 8536 8537 8540 8541 8543 8544 8545 8546 8547 8548
41 438 1389 1390 1395 1398 1400 1498 1501 2439 2440 2441 5589 5591 8556 8559 8561 8562 8563 8564 8565 8566 8568 8569 8570 8582 8592 8593 8594 8595 8596 8602 8604 8607 8608 8609 8610 8613 8615 8616 8617 8618
15 441 2855 2856 3066 3125 3126 3127 3128 3129 3134 3136 3137 3138 6800 6804
3 444 968 969
10 460 465 506 2599 2610 2614 2616 7191 7192 7207
2 466 496
15 469 4353 8175 8176 8177 8178 8179 8181 8182 8184 8185 8186 8191 8193 8194
1 470
2 471 973
16 472 508 992 1657 1659 1663 1690 8212 8213 8215 8216 8377 8378 8379 8386 8387
40 474 476 477 489 501 6507 6508 6509 6510 6511 8823 8829 8830 8836 8837 8838 8841 8842 8847 8854 8855 8857 8858 8859 8862 8864 8866 8867 8871 8872 8873 8874 8875 8876 8877 8878 8882 8885 8886 8887
66 478 1010 7512 7513 7514 7518 7525 7530 7548 7553 7579 7580 7584 7585 7586 7592 7600 7616 7618 7712 7713 7737 7738 7757 7761 7762 7793 7794 7795 7797 7805 7999 8000 8002 8043 8044 8045 8105 8116 8118 8119 8124 8127 8157 8162 8164 8171 8187 8321 8324 8325 8326 8330 8331 8332 8333 8336 8337 8338 8340 8345 8346 8347 8348 8349 8351
9 485 3072 8414 8416 8625 8626 8627 8628 8629
22 492 807 1688 1689 1698 1734 1739 8633 8635 8638 8639 8640 9554 9555 9959 9960 9961 9962 9979 9980 9981 9982
12 499 503 9332 9333 9334 9335 9338 9339 9340 9341 9342 9354
15 502 504 507 972 978 5876 5877 8769 8770 8775 8776 8779 8783 8784 9358
2 509 5885
3 514 899 900
8 515 518 8791 8792 8795 8797 8800 8805
2 520 1793
27 538 994 995 1016 1017 3451 6522 6523 6524 7928 7929 7930 7985 7986 7988 7989 7991 7998 8167 8894 8895 8899 8900 8901 8903 8905 8909
16 540 541 569 572 576 581 6589 6602 6605 6609 6610 6611 6612 6616 6617 6627
28 544 557 662 670 671 674 696 8914 8915 8919 8920 8921 8923 8925 8926 8927 8928 8930 8931 8935 8946 8947 8949 8950 8951 8953 8955 8964
79 556 8401 8402 8757 8758 8759 8766 8767 8774 8997 9004 9011 9012 9015 9080 9095 9096 9097 9099 9100 9122 9125 9126 9127 9129 9130 9132 9133 9134 9147 9148 9162 9170 9172 9173 9174 9175 9176 9178 9179 9182 9183 9184 9186 9187 9188 9224 9226 9227 9229 9230 9237 9238 9240 9241 9242 9245 9250 9251 9252 9257 9258 9259 9260 9263 9264 9267 9268 9269 9274 9277 9285 9298 9299 9301 9303 9304 9305 9307
17 564 699 2867 2868 2871 2904 8601 8620 8621 8623 8624 8630 8631 9885 9897 9905 9918
88 567 700 1021 1023 1034 1064 1073 1183 2912 2913 2917 2918 2919 2921 2922 2923 2926 5292 5294 8893 8913 8916 9021 9025 9029 9031 9032 9033 9034 9035 9036 9038 9039 9041 9052 9053 9054 9055 9056 9061 9073 9074 9085 9086 9090 9091 9092 9094 9194 9195 9197 9200 9201 9205 9206 9207 9210 9213 9214 9217 9219 9220 9233 9235 9236 9246 9247 9256 9270 9272 9273 9275 9292 9293 9327 9329 9330 9402 9405 9406 9407 9408 9409 9411 9412 9413 9414 9418
52 570 571 580 813 814 4920 4922 4924 4925 4926 4927 5231 9393 9394 9396 9422 9423 9612 9613 9620 9621 9622 9623 9627 9629 9633 9755 9756 9757 9759 9763 9764 9765 9795 9796 9800 9801 9803 9804 9806 9807 9808 9809 9810 9812 9813 9831 9832 9833 9834 9836 9837
24 573 9362 9365 9369 9377 9383 9494 9495 9496 9499 9502 9503 9505 9867 9868 9869 9870 9871 9872 9873 9927 9939 9940 9941
18 575 6329 6335 6374 6375 6376 6378 6381 6421 6423 6424 6427 6428 6430 6431 6655 6656 9958
12 579 2970 2982 3002 4632 4633 4637 4638 4640 4641 4642 4643
1 582
3 583 1084 2291
4 584 704 706 711
3 585 848 849
7 588 1116 1771 1772 1775 1786 6680
12 589 595 1204 1208 2347 3063 3065 3067 3070 5281 5282 5284
5 590 608 2396 2397 2406
1 592
24 599 1182 1184 9474 9506 9507 9508 9522 9523 9532 9535 9553 9560 9564 9565 9566 9575 9578 9597 9601 9603 9605 9606 9607
6 600 735 3166 3168 6667 6737
35 604 1186 1200 2485 2486 3075 3076 3077 3079 3081 3959 6856 6857 6858 6859 6860 6861 6863 6895 6908 6914 6918 6919 6922 6923 6924 6927 6928 6929 7171 7173 7176 7177 7178 9953
7 605 612 613 990 9117 9118 9138
4 616 9943 9944 9947
2 617 7926
6 621 5565 5566 5567 5568 5569
7 623 851 855 856 7324 7325 7326
1 624
21 632 5290 5291 5295 5297 5298 5299 5300 5587 5588 5590 5622 5623 5734 8198 8202 8231 8232 8233 8234 8236
9 635 901 905 1290 1336 1337 3996 4344 4345
1 637
1 638
18 645 908 918 938 970 971 986 987 989 1100 1101 2285 3192 3193 3194 3198 3199 3202
1 647
5 649 1603 1604 1606 1629
5 654 676 680 949 951
2 657 2487
20 660 683 1104 1105 8746 8747 8749 8755 8756 8760 8763 8789 8832 8834 8835 8839 8889 8892 8897 8898
20 673 1108 3470 3495 3505 3508 3522 9331 9381 9387 9389 9390 9392 9395 9398 9430 9432 9434 9437 9438
13 686 712 3102 3105 3108 3109 3141 4904 4906 4912 4948 4950 4956
16 687 693 1123 1125 1127 1129 5355 5356 5360 5363 5403 5404 5413 5414 5469 5517
6 695 5351 5352 5353 5359 5845
9 698 701 702 703 724 726 727 2780 2781
5 708 3155 3156 3158 3159
15 728 2833 2835 2838 2840 2841 2842 2843 2846 2848 8293 8294 8295 8300 8307
6 733 1465 1466 1470 8975 8978
13 734 738 739 753 755 1758 1760 1767 1768 1769 1770 1776 1778
15 740 745 750 751 857 5577 5580 5581 5582 9491 9493 9524 9761 9762 9768
3 749 6060 6061
2 756 1473
14 757 2854 2857 2866 6170 6174 6175 6178 6180 6183 6186 6187 6188 6189
2 758 1235
3 760 779 788
3 762 1462 1464
1 764
15 765 3004 3007 3033 3036 3039 3040 3041 7816 7819 7897 7913 7915 7916 7917
4 769 9020 9044 9045
11 770 3296 3335 3337 3350 3351 6212 6213 6214 6215 6216
12 782 812 1531 1532 1534 2966 2967 2979 3046 3054 3068 3071
2 789 825
21 795 803 1563 1799 1800 7494 7495 7499 7503 7506 7507 7511 7515 7519 7520 7727 7728 7730 8369 8370 8374
1 796
5 800 827 3097 3160 3161
12 802 1377 1378 5880 5881 5882 8318 8320 8322 8323 8358 8360
16 810 811 822 829 1855 1856 1860 1861 1878 4612 4613 5188 5189 5190 5203 5240
1 819
1 824
26 830 1565 2009 2010 2047 2108 2111 2171 2172 3146 3149 3150 3151 3152 3174 3175 3189 3240 3241 3250 3262 3265 3266 3267 3270 3404
11 831 898 3694 3695 3699 3714 3717 5942 5943 5949 5950
7 832 881 883 888 906 921 2902
39 833 835 837 842 1803 2574 2575 3862 4385 4386 4387 4390 4391 4393 4401 4428 4429 4475 4477 4481 4482 4492 4493 4504 4507 4509 4514 4517 6676 6677 6678 6679 6738 6741 6742 6744 6745 7161 7162
3 834 1849 1851
5 838 942 6100 6107 6164
2 839 845
78 844 1383 1386 1387 1391 2056 2076 2077 2078 2079 4609 4618 4623 4626 4648 4649 4653 4664 5898 5900 5902 5910 5911 5913 5920 5940 5941 5944 5945 5957 5971 5972 5980 5984 5986 5994 5995 5998 6003 6004 6015 6018 6021 6023 6027 6028 8397 8405 8406 8408 8413 8417 8418 8419 8420 8434 8435 8445 8452 8457 8488 8489 8490 8492 8493 8494 8495 8497 8498 8500 8502 8503 8504 8505 8508 8512 8513 8514
8 846 847 3448 3449 3452 3455 3456 3457
4 850 862 865 960
1 852
37 854 866 1274 3538 3650 3652 9017 9042 9043 9046 9049 9050 9063 9082 9317 9320 9464 9466 9467 9468 9469 9472 9475 9476 9844 9846 9854 9858 9859 9875 9883 9884 9887 9888 9889 9898 9900
7 858 877 1018 5798 5799 5807 5813
16 861 1359 1361 7735 7736 7753 7754 7807 8517 8521 8550 8551 8552 8553 8554 8585
9 867 2502 2505 8590 8597 8599 8632 8643 8670
9 868 876 3671 3674 3700 3702 3704 3705 3708
1 869
5 878 926 928 929 936
1 882
11 884 2085 2087 2173 2359 2361 2465 2472 2473 2496 2498
2 885 3580
4 887 1785 1787 1791
5 890 3621 3630 3631 3633
16 891 9952 9954 9955 9956 9957 9963 9965 9972 9975 9976 9983 9988 9989 9990 9991
9 895 1440 1442 1443 4691 4692 4694 4697 4698
15 896 903 1644 1646 3711 3715 3721 3726 3990 5338 5349 5350 5366 5373 5375
2 907 966
2 922 1181
3 924 952 953
7 925 941 956 957 958 2100 2105
14 927 961 962 963 4724 4726 4727 4739 4741 5879 5884 5886 5893 6029
12 943 967 2390 2391 2392 5791 5792 5847 5854 5861 5863 5864
9 947 1779 1783 1942 1943 8996 9007 9008 9018
2 954 1454
6 964 991 993 997 1046 2217
4 965 1502 2443 6068
1 977
3 981 1948 1954
3 982 1977 2501
2 984 1508
5 985 2629 2639 2882 2885
13 988 2964 6165 6191 6192 6193 6195 6199 6206 6209 6248 6497 6499
7 998 1530 1992 3608 3610 3615 3634
5 999 2242 2244 2245 2388
12 1000 1082 1095 1103 1545 1547 1555 1562 1568 1569 2939 2952
4 1002 1115 8671 8682
2 1007 1106
9 1009 1045 1138 1140 1141 1142 1639 1643 1648
5 1012 1059 1074 1214 1287
2 1019 4586
7 1020 1118 1162 4602 4667 4669 4685
1 1027
2 1047 2008
3 1051 1075 2938
7 1062 1070 1573 1582 3091 3093 3143
3 1072 3709 3710
1 1079
21 1080 1081 1159 3819 3825 3831 3832 3837 3841 6354 6361 6363 6365 6418 6484 6486 6489 6636 7181 7182 7187
2 1083 1185
4 1088 2051 2052 2088
13 1092 1215 1357 6807 6808 6811 6812 6813 6814 6815 6818 7732 7741
5 1102 1472 1476 3288 3289
12 1107 4019 4022 4537 5393 5397 5399 5465 5467 5468 5540 5543
7 1111 1113 1114 2096 2097 2098 2099
3 1117 2477 2478
2 1119 7938
25 1120 1218 1238 1257 1267 1273 3221 5162 5165 5180 7170 7188 7189 7190 7195 7196 7198 7211 7276 7277 7278 7281 8246 8247 8272
2 1121 1289
7 1122 1802 1806 2896 6071 6084 6090
7 1124 1130 1137 1602 1610 1611 2751
1 1136
10 1139 1152 1153 7615 7617 7954 7957 7958 7959 7965
3 1143 1163 1323
10 1165 1178 1179 1201 3635 3639 3641 3656 3657 3663
6 1173 2175 2178 2179 2181 2691
2 1202 4037
5 1203 1217 1231 2931 2936
1 1209
6 1224 2727 2884 7328 7333 7348
1 1227
7 1228 1325 1348 1349 1364 1365 1367
4 1230 2937 2943 2959
13 1233 1379 3094 3098 7942 7945 7977 7980 7982 7983 7984 7987 7997
9 1236 1252 3535 3587 3590 3591 5245 5250 5257
1 1237
6 1240 3295 3302 3304 3306 3308
6 1243 1281 8734 8737 8742 8744
8 1244 1401 1664 1847 1917 1932 1933 1937
8 1253 1297 7481 7493 7497 7554 7556 7559
1 1254
5 1259 1318 6820 6822 6823
1 1266
1 1268
8 1271 1280 1482 1807 1815 7937 7940 7978
7 1277 6095 6098 6099 6104 6119 6222
15 1284 3732 3843 3846 3849 3850 3852 3861 5319 5564 5570 5573 5583 5584 5586
6 1285 1299 1324 4541 4599 4600
1 1288
3 1291 3379 3381
5 1292 1620 1622 1623 3311
1 1298
9 1302 1376 3599 3627 6799 8016 8041 8076 8077
2 1303 1665
4 1306 1439 2091 2093
3 1317 1384 4346
5 1322 1371 1458 2132 2134
1 1333
12 1335 4355 4356 4358 4360 8972 8973 9068 9069 9783 9787 9788
1 1345
4 1351 3089 4528 4702
5 1352 2250 8361 8362 8363
4 1353 2300 2302 8777
2 1358 1820
11 1366 3943 9791 9793 9794 9814 9815 9816 9817 9818 9819
1 1369
8 1372 8807 8811 8956 8958 8961 8963 8965
11 1382 2342 2374 5735 5868 5873 6255 6256 6257 6260 9444
1 1393
2 1394 3956
1 1396
1 1404
7 1412 1432 5815 5817 5821 5822 5823
11 1419 1444 1452 2118 3966 4717 4718 4723 4758 4769 4771
2 1420 1446
8 1422 1434 1435 1456 3316 3317 3326 3328
6 1423 1460 1699 6297 6304 6305
3 1430 1457 2434
9 1433 1483 1784 1797 1831 1832 2438 4788 4789
14 1441 1480 3427 3429 3431 3433 4434 4469 4471 4491 4807 4808 4809 4811
5 1448 1459 1976 1979 6327
4 1451 2163 2165 2189
7 1453 2482 2483 9158 9159 9160 9161
3 1461 2201 2215
4 1479 9913 9915 9916
6 1485 1506 6342 7135 7140 7478
1 1486
5 1487 1499 1500 6502 6503
4 1488 3384 3385 3386
5 1490 1587 1589 1907 1911
2 1494 2275
8 1505 1507 2453 4016 4814 4865 4870 4872
1 1509
2 1510 6755
21 1511 2517 2519 2521 3397 7610 7611 7612 7613 7614 7619 8309 8310 8315 8316 8319 8328 8335 8339 8341 8353
6 1512 1514 8089 8090 8091 8132
1 1518
2 1521 1529
5 1524 1593 1612 1614 1615
10 1525 1624 5111 5127 5133 5141 5202 5206 5207 5208
2 1526 1686
1 1527
13 1536 2529 6788 6826 6827 6831 6840 7436 7440 9551 9594 9595 9604
4 1537 2900 2910 3796
7 1542 1544 1837 1845 3799 3817 3818
5 1549 1656 4205 4211 4268
1 1551
5 1554 1564 1703 6973 6974
3 1558 1584 3354
10 1560 1617 5289 5296 5307 5318 5322 5332 5339 5491
12 1572 1590 1608 1618 1985 1987 4946 4986 4999 9780 9781 9782
1 1576
7 1592 1621 2050 2113 3536 3537 3540
2 1598 3542
1 1607
2 1609 1633
2 1613 4271
5 1625 5237 5238 5244 5256
1 1627
1 1637
4 1641 1642 2265 2269
17 1645 4045 4060 4062 4064 4073 5826 5828 5837 5838 5840 5842 5867 5874 5875 5894 5921
2 1647 1834
