6 0 1 6 12 24 63
8 2 5 7 10 18 20 75 592
7 3 8 11 25 31 47 85
8 4 9 17 28 29 41 65 98
11 13 14 19 37 44 77 79 103 119 124 2107
10 15 21 30 46 50 88 105 120 126 341
12 16 22 32 48 52 64 72 104 113 121 202 233
15 23 26 33 36 38 39 55 56 66 97 114 127 212 283 470
13 27 34 35 51 54 57 58 100 118 129 145 224 411
16 40 43 59 67 71 76 86 101 122 137 146 149 160 166 265 419
14 42 49 53 70 83 92 96 112 136 142 172 277 496 3227
13 45 60 62 74 84 95 131 139 151 181 282 362 519
14 61 69 73 80 99 148 162 186 192 196 240 340 447 7264
14 68 81 91 109 115 153 154 165 195 205 287 371 503 582
14 78 82 87 110 116 123 155 197 218 235 368 439 531 4087
16 89 93 106 111 125 143 157 176 206 251 253 378 480 491 537 647
12 90 107 117 133 169 179 201 217 262 390 511 694
19 94 108 128 130 132 134 135 140 178 180 211 226 242 296 321 448 518 578 973
17 102 138 141 161 183 193 241 244 260 267 298 312 344 396 451 547 697
17 144 147 150 168 189 198 210 222 246 269 315 415 501 556 561 624 722
18 152 158 163 164 174 199 213 247 248 272 284 316 347 426 573 637 711 4659
20 156 159 167 177 184 203 214 245 255 268 279 293 346 349 427 453 516 574 796 819
21 170 171 173 190 194 219 225 231 234 254 263 285 317 374 399 442 467 616 641 825 870
20 175 182 185 200 223 237 264 270 297 302 326 329 351 441 455 497 638 655 845 3399
19 187 188 204 228 249 274 299 303 307 342 364 372 459 464 509 696 849 960 6422
19 191 208 209 230 239 259 278 318 324 348 366 401 469 486 566 730 869 900 1199
19 207 215 216 243 257 258 292 305 325 355 381 410 485 517 575 714 764 946 969
16 220 250 252 266 300 310 335 354 423 542 581 769 788 824 953 1177
15 221 261 290 301 322 337 361 424 433 458 587 818 836 852 1154
19 227 229 232 308 313 331 339 367 370 438 483 506 607 614 617 936 966 977 1289
20 236 311 323 332 334 345 369 379 386 388 454 463 520 543 621 651 937 1001 1027 1363
16 238 319 353 359 376 398 478 488 579 632 634 652 661 950 1071 1185
18 256 273 281 320 356 358 360 382 407 495 622 640 677 806 951 1099 1212 2436
24 271 288 338 363 373 384 387 403 406 414 444 471 508 524 562 657 668 692 717 882 1010 1106 1298 1445
22 275 276 289 343 365 380 391 394 412 418 440 481 535 591 608 695 731 990 1079 1235 1428 1627
22 280 291 294 383 392 413 428 449 461 490 500 549 631 672 699 732 891 1015 1022 1136 1268 1766
20 286 304 385 400 430 475 494 505 595 650 708 735 737 749 889 1150 1315 1508 1921 4331
22 295 309 393 397 409 452 465 492 507 536 599 658 707 712 754 787 860 1105 1181 1345 1397 7414
23 306 314 330 357 375 402 408 420 473 510 512 538 618 723 783 809 843 1184 1270 1350 1522 1635 4329
23 327 328 336 350 404 422 425 431 468 514 568 646 705 725 752 808 814 856 940 1209 1367 1596 2894
24 333 352 389 405 416 421 434 435 437 521 522 539 559 583 649 727 748 821 859 892 1211 1369 1637 1851
20 377 395 429 432 443 456 466 527 529 533 580 588 728 765 823 894 1237 1399 1484 1648
20 417 446 457 472 532 557 585 604 742 757 767 826 857 942 978 1255 1473 1533 1651 6148
26 436 450 460 462 484 525 545 564 600 611 613 733 755 759 770 828 932 983 1115 1227 1263 1313 1503 1551 1665 2504
23 445 476 477 489 499 546 567 603 623 633 744 761 776 876 880 948 1119 1266 1288 1327 1559 1773 1778
27 474 479 498 513 541 550 560 584 609 628 635 645 700 763 786 897 898 1017 1153 1287 1295 1464 1607 1638 1793 2254 9895
24 482 487 504 515 530 565 569 594 639 669 716 772 797 853 959 1005 1108 1129 1305 1323 1540 1653 1868 8392
24 493 502 555 572 576 636 642 643 693 756 774 807 827 963 1018 1254 1316 1385 1550 1615 1678 1864 1911 2507
23 523 528 540 571 590 597 644 664 758 762 801 829 847 890 1031 1061 1279 1361 1446 1655 1690 1990 1993
26 526 534 544 589 598 610 615 648 673 775 803 812 840 864 867 885 1041 1112 1281 1333 1396 1454 1697 1738 2016 2084
22 548 593 606 619 670 680 802 830 842 875 913 944 1006 1086 1183 1337 1347 1404 1629 1739 1946 2103
18 551 563 605 620 683 834 912 921 1019 1277 1357 1375 1449 1672 1714 1791 2149 3116
26 552 626 627 629 630 675 685 686 709 713 815 844 884 923 935 1077 1110 1297 1378 1393 1470 1705 1801 1954 2155 2338
16 553 653 689 710 729 887 905 945 988 1078 1318 1474 1486 1727 1991 2249
24 554 656 659 662 690 715 751 866 903 955 958 967 1008 1072 1107 1232 1311 1372 1509 1518 1762 1875 2134 2288
23 558 596 663 674 718 741 777 831 904 976 992 1084 1155 1331 1374 1527 1543 1601 1891 1928 2007 2217 6091
26 570 612 665 676 679 720 734 739 778 781 782 861 914 938 985 1026 1159 1162 1443 1447 1576 1786 1916 2067 2291 2423
27 577 625 667 678 682 684 743 793 798 799 838 917 947 999 1033 1043 1157 1164 1202 1328 1475 1529 1580 1798 1967 2157 2388
26 586 654 687 702 703 740 753 805 895 920 981 1013 1058 1075 1180 1251 1478 1479 1583 1594 1820 2041 2059 2213 2349 4361
29 601 660 698 701 704 760 789 790 822 832 855 954 965 982 1046 1065 1200 1324 1381 1497 1500 1538 1626 1634 1881 2075 2215 2296 2480
27 602 666 706 745 771 800 833 858 863 984 998 1047 1050 1073 1090 1201 1208 1356 1481 1546 1628 1716 1718 1981 2099 2367 2451
25 671 721 791 841 848 865 877 989 1054 1063 1087 1101 1274 1384 1506 1514 1682 1800 1975 2008 2031 2105 2267 2406 3580
25 681 688 726 736 780 792 851 868 872 907 918 1029 1052 1057 1088 1116 1296 1432 1633 1728 1834 2119 2273 2431 2497
25 691 738 794 871 881 909 922 1068 1094 1114 1117 1156 1216 1332 1455 1570 1685 1731 1765 1874 2123 2170 2386 2494 3082
27 719 724 746 747 768 837 878 893 911 916 1056 1070 1122 1161 1190 1234 1335 1388 1669 1686 1790 1811 1930 2143 2306 2467 2518
24 750 779 784 873 883 886 924 1034 1103 1135 1169 1225 1230 1284 1343 1501 1703 1812 1943 2094 2189 2380 2528 3143
25 766 785 879 888 933 986 1128 1137 1173 1195 1231 1240 1273 1334 1362 1510 1815 1937 2088 2257 2329 2481 2493 2561 4131
22 773 795 813 901 943 997 1023 1102 1142 1213 1246 1252 1355 1463 1513 1841 1939 2261 2371 2523 2661 5885
27 804 810 811 899 902 925 972 974 1003 1145 1146 1221 1224 1265 1286 1438 1534 1586 1859 2054 2268 2357 2444 2532 2611 2659 6441
27 816 817 908 926 987 991 1002 1032 1044 1147 1166 1171 1272 1291 1366 1476 1528 1591 1646 1857 1877 2269 2275 2400 2456 2565 2681
30 820 835 839 850 919 927 964 995 1000 1045 1085 1170 1249 1336 1376 1561 1605 1658 1699 1869 1878 1947 2093 2308 2311 2385 2487 2530 2630 2786
25 846 854 928 930 939 941 980 1007 1069 1091 1188 1261 1338 1379 1569 1617 1755 1900 1957 2345 2441 2448 2556 2582 2879
26 862 874 896 931 949 956 1009 1011 1020 1074 1097 1176 1223 1341 1351 1394 1624 1687 1827 1951 1958 2478 2498 2585 2587 2895
27 906 970 975 996 1028 1083 1118 1121 1126 1262 1294 1346 1400 1523 1582 1625 1663 1729 1912 1966 1974 2211 2514 2516 2594 2791 2936
22 910 952 971 979 1012 1039 1092 1144 1280 1308 1352 1391 1426 1619 1696 1953 1978 2501 2537 2616 2623 3595
25 915 961 968 1004 1064 1082 1096 1120 1163 1182 1314 1353 1383 1403 1450 1471 1645 1702 1782 1982 1995 2046 2095 2544 2634
28 929 957 994 1014 1016 1081 1089 1104 1158 1172 1214 1358 1382 1392 1456 1480 1563 1722 1814 1979 1989 2063 2203 2510 2567 2620 2668 2907
27 934 993 1021 1024 1025 1042 1098 1168 1206 1215 1401 1409 1413 1488 1502 1565 1733 1843 1902 1997 2065 2571 2572 2670 2678 2952 3767
25 962 1030 1035 1036 1049 1055 1127 1189 1226 1233 1244 1321 1406 1416 1571 1578 1775 1850 2025 2104 2214 2505 2703 2716 2980
23 1037 1051 1076 1093 1132 1193 1228 1290 1292 1418 1439 1453 1517 1581 1613 1803 1910 2072 2115 2533 2667 2719 2994
28 1038 1053 1131 1133 1138 1149 1194 1248 1303 1451 1457 1469 1495 1584 1611 1640 1649 1844 1922 2074 2109 2197 2264 2706 2737 2781 2783 3024
26 1040 1059 1095 1151 1207 1256 1319 1402 1452 1458 1530 1537 1606 1652 1901 1945 2079 2160 2393 2691 2712 2749 2789 2807 2809 3080
26 1048 1060 1066 1123 1152 1160 1167 1218 1309 1320 1459 1461 1496 1511 1598 1623 1654 1656 1949 2089 2162 2248 2709 2776 2804 2810
31 1062 1067 1080 1124 1165 1174 1219 1259 1329 1371 1460 1467 1482 1494 1507 1536 1616 1632 1684 1955 2002 2102 2177 2250 2422 2627 2731 2751 2796 2901 3232
27 1100 1139 1178 1203 1242 1269 1302 1349 1389 1483 1498 1504 1567 1673 1710 1743 1984 1992 2117 2174 2282 2360 2454 2778 2814 2911 2925
35 1109 1113 1140 1175 1197 1198 1222 1243 1301 1307 1360 1405 1489 1535 1706 1720 1732 1748 1757 1940 1987 2081 2172 2196 2199 2210 2398 2559 2718 2779 2828 2829 2850 2957 3444
31 1125 1130 1148 1192 1210 1217 1229 1238 1253 1304 1326 1395 1436 1490 1552 1713 1736 1806 2023 2035 2159 2190 2284 2294 2302 2721 2812 2834 2881 2942 3808
28 1134 1196 1220 1236 1245 1258 1306 1427 1444 1493 1544 1553 1636 1726 1741 1763 1823 1884 2073 2222 2285 2328 2405 2819 2844 2902 2956 3057
27 1141 1143 1205 1239 1250 1282 1299 1310 1419 1524 1585 1661 1780 1845 1970 2045 2127 2240 2336 2427 2626 2848 2904 2959 2969 3006 3504
25 1179 1186 1241 1276 1293 1317 1423 1431 1526 1589 1621 1662 1664 1719 1781 1903 1977 2112 2317 2340 2434 2862 2915 2968 3021
31 1187 1191 1247 1257 1300 1322 1344 1433 1532 1548 1618 1642 1667 1783 1789 1906 1931 2022 2180 2347 2374 2376 2483 2491 2784 2866 2938 2985 3048 3952 5255
24 1204 1260 1264 1340 1354 1435 1564 1630 1698 1701 1828 1941 2026 2047 2208 2356 2383 2618 2883 2953 2999 3038 3107 4964
26 1267 1278 1283 1342 1368 1370 1477 1557 1647 1650 1721 1761 1830 1840 1848 1886 2070 2118 2362 2363 2437 2732 2885 3008 3071 3375
27 1271 1275 1325 1373 1411 1516 1671 1680 1742 1774 1819 1832 1858 1950 1973 2029 2087 2277 2366 2392 2443 2694 2926 2990 3030 3059 3386
33 1285 1339 1380 1390 1412 1420 1485 1519 1622 1688 1695 1744 1829 1838 1866 1876 2006 2113 2128 2192 2361 2377 2449 2545 2824 2927 2962 2976 3041 3045 3062 3188 3708
27 1312 1348 1365 1398 1414 1440 1525 1694 1709 1747 1771 1853 1873 1918 2043 2131 2216 2421 2486 2553 2964 3014 3015 3072 3074 3279 6830
29 1330 1377 1417 1430 1441 1515 1545 1549 1708 1723 1749 1847 1856 1885 1887 2110 2133 2344 2438 2471 2566 2597 2978 3083 3092 3106 3285 3748 7527
32 1359 1410 1421 1422 1442 1465 1487 1521 1541 1555 1620 1679 1724 1754 1796 1870 1892 1927 2108 2164 2259 2420 2455 2476 2503 2638 2856 3070 3101 3403 4014 6491
25 1364 1407 1429 1542 1547 1602 1603 1643 1797 1879 1894 1905 2111 2173 2229 2271 2319 2458 2529 2575 2669 2865 3098 3120 3810
26 1386 1415 1448 1505 1562 1609 1668 1692 1799 1914 2034 2181 2200 2246 2402 2460 2461 2543 2579 2729 2991 3138 3157 3334 3517 4347
28 1387 1424 1462 1560 1592 1593 1610 1676 1792 1825 1919 1936 2015 2125 2130 2219 2270 2272 2407 2484 2588 2612 2884 3111 3148 3159 3531 3818
30 1408 1425 1437 1491 1499 1520 1558 1575 1639 1683 1849 1908 1915 1929 1952 2019 2187 2224 2227 2290 2453 2598 2619 2896 2987 3154 3161 3366 3422 4058
31 1434 1466 1468 1531 1554 1588 1600 1657 1689 1693 1861 1867 1920 1934 1963 2014 2060 2206 2226 2292 2488 2515 2605 2621 2934 3002 3168 3173 3381 3555 4556
33 1472 1492 1590 1597 1604 1674 1707 1725 1730 1767 1802 1880 1933 1948 1968 2032 2185 2193 2231 2299 2379 2473 2490 2602 2628 2655 2875 3066 3196 3197 3202 3436 6575
30 1512 1539 1556 1595 1608 1631 1735 1837 1889 1935 1962 2010 2033 2225 2245 2307 2321 2492 2641 2831 3022 3084 3141 3207 3218 3305 3472 3634 4171 6014
27 1566 1612 1677 1750 1759 1852 1899 1960 1972 2056 2077 2251 2283 2309 2580 2650 2764 2787 3023 3081 3163 3208 3226 3345 3554 3642 4576
27 1568 1614 1644 1659 1760 1770 1871 1971 1988 2004 2080 2237 2256 2312 2592 2662 2742 2773 2905 3112 3214 3237 3289 3349 3474 3529 3769
31 1572 1573 1599 1670 1675 1681 1740 1777 1810 1836 1872 1986 2017 2082 2278 2327 2333 2411 2596 2665 2816 3029 3135 3224 3274 3308 3355 3530 4184 4188 9154
29 1574 1660 1691 1715 1737 1784 1839 1883 2009 2020 2040 2044 2151 2315 2341 2445 2639 2676 2827 2871 3053 3219 3239 3311 3328 3404 3540 3826 7641
26 1577 1700 1756 1787 1821 1897 1898 2011 2050 2066 2114 2287 2326 2364 2425 2521 2688 2702 2932 3032 3165 3351 3354 3421 3570 4254
33 1579 1704 1734 1758 1772 1794 1854 1882 1904 1980 2021 2062 2092 2121 2165 2171 2300 2419 2466 2684 2696 2700 2880 3087 3097 3257 3352 3369 3406 3468 3633 3857 5107
30 1587 1712 1745 1776 1804 1865 1895 1996 2028 2030 2068 2124 2148 2204 2324 2387 2432 2564 2726 3017 3133 3358 3424 3450 3451 3457 3589 3645 3876 4585
27 1641 1746 1751 1779 1822 1888 2001 2052 2076 2120 2153 2220 2348 2447 2593 2625 2733 2958 3140 3426 3447 3459 3467 3601 3758 3901 5410
29 1711 1752 1753 1795 1907 1917 2055 2100 2184 2235 2342 2372 2462 2485 2508 2660 2750 2861 3115 3200 3307 3374 3438 3478 3493 3522 3663 3913 9346
29 1717 1764 1809 1890 1923 1932 1944 2039 2071 2116 2188 2262 2314 2369 2475 2568 2663 2723 2886 2898 3178 3397 3498 3510 3547 3664 3668 4097 4644
28 1768 1818 1913 1961 1994 1998 2061 2078 2122 2178 2260 2316 2370 2527 2653 2690 2754 2974 3000 3206 3413 3521 3527 3583 3719 3734 3829 4037
33 1769 1788 1805 1835 1855 1969 2018 2027 2064 2083 2097 2132 2183 2276 2354 2404 2424 2540 2631 2692 2798 2941 2988 3012 3217 3221 3469 3542 3607 3760 3868 3870 4275
37 1785 1807 1862 1863 1985 2013 2024 2036 2057 2106 2207 2255 2325 2389 2413 2549 2632 2727 2792 2839 2910 2997 3031 3052 3089 3223 3483 3559 3578 3649 3653 3697 3796 3918 4235 4901 9860
33 1808 1813 1816 1860 1926 2003 2037 2053 2129 2142 2176 2194 2230 2320 2355 2382 2428 2551 2658 2714 2806 2972 3007 3093 3230 3270 3538 3572 3588 3652 3816 3970 4300
28 1817 1831 1842 1964 2048 2058 2096 2135 2161 2243 2373 2464 2576 2695 2740 2882 3077 3142 3294 3561 3577 3614 3655 3687 3872 4063 4364 7555
28 1824 1846 1909 2000 2085 2101 2136 2175 2233 2280 2289 2390 2500 2546 2581 2697 2899 3046 3189 3296 3586 3661 3710 3800 3906 4111 4418 4915
32 1826 1924 1976 2049 2126 2158 2247 2281 2286 2397 2408 2463 2520 2615 2645 2708 2757 2929 3068 3231 3252 3309 3597 3627 3688 3712 3840 3931 4135 4256 4502 9604
31 1833 1938 2005 2051 2137 2179 2274 2331 2412 2416 2534 2589 2704 2821 2949 3004 3085 3244 3255 3276 3338 3613 3699 3706 3779 3940 3956 4268 4353 4419 5211
31 1893 1896 1956 2012 2138 2195 2232 2303 2337 2426 2465 2502 2560 2657 2739 2837 2951 3088 3222 3245 3282 3357 3591 3626 3713 3717 3842 3957 4339 4512 4625
32 1925 1983 2042 2140 2144 2154 2212 2238 2310 2313 2415 2474 2495 2539 2617 2741 2869 2975 3162 3248 3253 3263 3395 3593 3676 3727 3909 3946 3962 4345 4539 4821
31 1942 2069 2141 2147 2167 2242 2266 2298 2318 2457 2509 2548 2577 2656 2753 2888 2889 3056 3204 3261 3337 3433 3526 3624 3729 3752 3958 4274 4437 4605 5921
32 1959 2086 2145 2166 2201 2279 2322 2375 2511 2513 2590 2610 2666 2682 2872 2945 3102 3325 3342 3475 3497 3673 3838 3848 3859 3936 3959 3985 4337 4352 4526 4678
29 1965 2090 2152 2168 2218 2239 2301 2403 2499 2522 2606 2671 2967 2970 3013 3125 3184 3365 3523 3689 3691 3841 3930 3979 4257 4354 4461 4594 5178
30 1999 2091 2169 2221 2258 2323 2409 2525 2547 2643 2675 2730 2979 3043 3293 3329 3371 3372 3445 3600 3726 3768 3938 3993 4384 4412 4635 4707 4747 8194
31 2038 2098 2146 2182 2186 2236 2295 2334 2435 2470 2538 2542 2595 2647 2683 2939 3026 3047 3109 3359 3378 3539 3749 3862 3943 4020 4026 4422 4586 4690 4775
30 2139 2198 2205 2252 2339 2352 2433 2477 2552 2558 2685 2686 2759 3034 3113 3129 3394 3485 3509 3725 3793 3910 3948 3988 4196 4287 4516 4708 4916 9478
33 2150 2156 2191 2228 2253 2346 2359 2450 2562 2624 2629 2699 2724 2743 2811 3054 3067 3193 3327 3414 3564 3658 3823 3947 3996 3998 4138 4197 4532 4540 4643 4789 6614
31 2163 2202 2241 2244 2293 2358 2391 2541 2601 2613 2646 2705 2761 2845 3073 3137 3319 3419 3428 3566 3739 3861 3990 4000 4008 4222 4548 4685 4712 4871 5453
23 2209 2263 2343 2384 2394 2651 2720 2780 2893 3096 3213 3343 3466 3569 3864 3994 4036 4075 4224 4592 4682 4793 5320
30 2223 2234 2265 2304 2353 2395 2410 2654 2725 2760 2790 2800 2982 3108 3287 3400 3473 3549 3617 3874 3977 4012 4061 4150 4237 4518 4600 4699 4875 4962
28 2297 2305 2335 2401 2489 2679 2680 2763 2802 2817 3152 3211 3370 3376 3535 3621 3666 3738 3900 3995 4038 4155 4270 4407 4680 4767 4977 5273
27 2330 2350 2418 2429 2531 2574 2689 2735 2808 2818 2833 3180 3271 3408 3550 3714 3750 4013 4039 4042 4228 4291 4297 4714 4771 4978 6207
25 2332 2351 2399 2430 2439 2591 2707 2722 2799 2825 2826 2842 3250 3409 3418 3594 3736 3751 3935 4029 4105 4346 4479 4762 5002
27 2365 2459 2468 2536 2687 2738 2771 2835 2852 2887 2903 2944 3269 3301 3432 3615 3787 3788 4041 4108 4271 4380 4552 4791 4832 5033 5193
32 2368 2378 2396 2469 2506 2569 2609 2642 2774 2843 2846 2857 2897 2973 2981 3344 3458 3525 3638 3690 3789 3980 4121 4319 4367 4381 4411 4561 4674 4866 4881 5638
32 2381 2417 2442 2479 2519 2608 2637 2674 2728 2788 2859 2877 2977 3003 3063 3368 3461 3499 3596 3718 3792 3809 3965 4173 4176 4320 4490 4683 4897 4965 5065 6090
32 2414 2472 2482 2524 2599 2644 2744 2794 2832 2867 2878 2984 3175 3377 3463 3512 3602 3728 3732 3843 3924 4206 4209 4210 4326 4369 4580 4584 4590 4923 4998 5208
26 2440 2452 2496 2512 2526 2622 2745 2891 3028 3382 3437 3552 3571 3723 3737 3933 4022 4208 4242 4360 4517 4619 4695 4956 5204 5284
29 2446 2517 2535 2664 2673 2748 2892 2900 3010 3061 3389 3470 3574 3576 3740 3761 3964 3966 4142 4253 4255 4366 4416 4531 4698 4811 4963 5269 5486
29 2550 2554 2555 2677 2762 2797 2909 2913 2998 3065 3220 3464 3567 3639 3754 3773 3915 3969 4007 4133 4265 4267 4450 4571 4615 4702 4735 5007 5392
30 2557 2570 2573 2578 2701 2710 2770 2801 2919 2923 2946 3011 3094 3321 3401 3568 3641 3776 3790 4016 4203 4283 4449 4459 4631 4746 4827 4940 5044 5517
28 2563 2583 2614 2746 2747 2838 2853 2917 2924 3078 3095 3390 3495 3599 3650 3805 3822 3967 4024 4269 4296 4468 4646 4798 4872 5021 5050 5561
27 2584 2586 2604 2633 2755 2782 2868 2928 3121 3127 3132 3441 3605 3662 3820 3824 3852 3853 4073 4336 4505 4664 4820 4947 5042 5054 5738
29 2600 2607 2640 2756 2768 2840 2873 2931 2935 3124 3136 3446 3514 3616 3657 3799 3869 3916 4056 4102 4324 4342 4510 4666 4840 4841 4895 5227 5644
34 2603 2635 2636 2648 2649 2752 2775 2908 2920 2937 2943 2947 2948 3146 3147 3477 3672 3677 3814 3880 3945 3976 4154 4362 4462 4593 4681 4688 4877 4890 5029 5280 5681 6835
25 2652 2693 2815 2841 2918 2950 2955 3020 3174 3199 3246 3674 3837 3884 3885 3973 4198 4403 4409 4485 4608 4913 5231 5365 5698
33 2672 2698 2711 2715 2767 2860 2912 2960 2986 3055 3241 3251 3284 3393 3609 3684 3692 3747 3886 3890 3928 3999 4211 4216 4426 4613 4721 4908 4936 4954 5092 5240 5674
28 2713 2736 2906 2914 2961 2989 3035 3105 3110 3131 3273 3290 3449 3585 3700 3786 3891 4023 4143 4225 4427 4463 4705 4783 4961 5275 5285 5707
28 2717 2765 2766 2916 2966 2983 3018 3058 3134 3303 3416 3646 3753 3895 3960 4010 4086 4159 4220 4233 4439 4624 4733 4884 4973 5216 5361 6017
26 2734 2769 2930 2992 3037 3069 3086 3191 3317 3507 3721 3897 3927 3971 4027 4035 4234 4484 4620 4651 4741 4981 5257 5375 5618 6051
31 2758 2772 2777 2813 2965 3001 3019 3040 3079 3090 3130 3144 3194 3228 3356 3508 3806 3939 4043 4070 4187 4245 4536 4663 4905 4984 4995 5032 5317 5398 5666
29 2785 2847 2971 3033 3100 3156 3166 3229 3277 3360 3502 3686 3888 3894 3961 4033 4054 4085 4202 4261 4308 4537 4790 4907 5101 5110 5161 5372 5418
31 2793 2836 2933 3009 3036 3049 3103 3114 3158 3167 3176 3262 3298 3310 3584 3730 3896 3978 4051 4094 4285 4445 4508 4848 4927 5184 5196 5374 5432 5690 5953
28 2795 2855 2858 3005 3050 3091 3122 3192 3234 3286 3314 3415 3759 3801 3920 3983 4059 4103 4299 4301 4558 4729 4850 4959 5215 5470 5723 8311
31 2803 2874 2876 3027 3051 3118 3151 3185 3212 3242 3313 3435 3456 3543 3771 3828 3963 4074 4106 4162 4305 4563 4569 4979 4993 5009 5221 5256 5473 5591 6164
31 2805 2823 2890 2940 2963 3064 3126 3164 3205 3215 3280 3315 3453 3778 3807 3889 4011 4072 4080 4109 4118 4330 4333 4572 4999 5091 5225 5294 5481 5551 5823
33 2822 2830 2864 2954 3099 3139 3170 3254 3300 3330 3364 3488 3622 3812 3923 4090 4113 4125 4146 4191 4357 4359 4405 4429 4675 5016 5173 5261 5276 5489 5507 5635 6061
29 2849 2921 3025 3044 3150 3182 3275 3304 3379 3434 3484 3629 3819 3926 4112 4129 4149 4321 4372 4451 4606 4780 5017 5305 5344 5491 5562 5789 6301
30 2851 2922 3060 3172 3177 3186 3195 3297 3320 3454 3635 3685 3849 3941 3942 4157 4164 4389 4464 4528 4731 4920 5019 5158 5337 5386 5513 5836 5851 5988
30 2870 2993 3075 3149 3201 3203 3243 3336 3392 3402 3490 3695 3944 4120 4139 4167 4207 4399 4491 4626 4772 4912 5011 5039 5180 5380 5402 5527 5779 5987
30 2995 2996 3119 3169 3225 3272 3340 3407 3494 3705 4045 4148 4177 4226 4365 4404 4499 4709 4744 4810 5085 5099 5232 5391 5430 5471 5526 5559 5774 6065
33 3016 3039 3076 3128 3181 3238 3267 3281 3341 3362 3398 3515 3795 3974 4098 4213 4232 4240 4406 4441 4554 4755 4781 5088 5120 5300 5459 5466 5543 5609 5621 5970 6405
29 3042 3171 3198 3259 3292 3299 3348 3388 3427 3430 3548 3879 4128 4218 4244 4438 4498 4513 4595 4816 4932 5155 5342 5515 5548 5712 5897 6088 6479
33 3104 3179 3210 3264 3266 3318 3429 3431 3563 3798 3839 3981 4160 4161 4230 4258 4310 4453 4541 4604 4846 4849 4971 5089 5140 5234 5316 5521 5536 5569 5717 5928 6121
26 3117 3123 3235 3268 3278 3326 3335 3439 3481 3545 3817 4032 4215 4280 4312 4475 4618 4686 4859 5172 5359 5549 5633 5729 5991 6135
36 3145 3187 3209 3258 3260 3283 3291 3332 3346 3420 3487 3546 3631 3834 3893 4179 4180 4276 4288 4328 4470 4482 4649 4668 4876 4982 5145 5217 5286 5452 5538 5582 5787 5877 6159 9403
29 3153 3216 3295 3306 3323 3331 3417 3506 3553 3846 3982 4199 4277 4317 4340 4570 4596 4653 4725 4806 5025 5243 5408 5560 5586 5845 5849 6133 6172
33 3155 3190 3247 3302 3316 3333 3347 3443 3465 3480 3532 3544 3565 3794 4019 4294 4332 4421 4434 4496 4609 4670 4863 4899 5190 5341 5437 5575 5593 5667 5859 5930 6173
27 3183 3265 3312 3322 3350 3373 3479 3500 3603 3637 4081 4335 4492 4623 4654 4711 4894 5143 5319 5571 5615 5650 5678 5915 5950 6179 6627
30 3233 3288 3324 3367 3391 3410 3486 3489 3606 3835 4092 4100 4295 4343 4351 4378 4414 4493 4656 4770 4939 4968 5358 5599 5629 5660 5685 5948 6012 6202
30 3236 3339 3380 3412 3513 3608 3743 3955 3975 4101 4132 4316 4368 4373 4448 4509 4534 4704 4778 5004 5203 5363 5624 5649 5734 5736 5960 6055 6216 9600
34 3240 3353 3383 3385 3396 3405 3520 3625 3647 3825 3850 4136 4284 4371 4410 4488 4522 4525 4557 4669 4786 4860 5034 5364 5381 5445 5657 5711 5728 5780 5844 5870 6038 6246
27 3249 3361 3411 3518 3528 3644 3648 3670 4002 4153 4375 4382 4417 4420 4424 4538 4706 4752 4854 5061 5449 5665 5715 5795 6008 6074 6371
29 3256 3425 3442 3537 3541 3604 3651 3675 3742 3863 4147 4383 4471 4549 4555 4719 4853 4861 5078 5141 5468 5558 5677 5725 5747 5805 6029 6142 6271
30 3363 3452 3455 3556 3654 3678 3797 3989 4293 4402 4477 4610 4648 4738 4742 4837 4879 4886 5094 5250 5589 5686 5702 5764 5809 5907 6094 6149 6240 6413
30 3384 3460 3462 3536 3557 3558 3667 3683 3774 3892 4021 4212 4379 4423 4546 4614 4763 4826 4911 4972 5164 5469 5676 5719 5776 5813 6059 6157 6279 7234
31 3387 3423 3471 3476 3503 3560 3573 3587 3711 3785 3986 4028 4079 4425 4515 4551 4645 4740 4787 4924 5047 5194 5264 5494 5812 5864 5918 6184 6235 6511 9784
29 3440 3448 3482 3524 3610 3715 3791 4047 4127 4376 4430 4578 4676 4693 4800 4812 4842 4928 5087 5328 5518 5709 5819 5882 5926 6189 6320 6537 7911
30 3491 3501 3534 3612 3619 3724 3784 3813 4064 4140 4401 4428 4583 4598 4602 4700 4756 4814 4987 5111 5338 5576 5765 5824 5936 6022 6217 6390 6496 6588
32 3492 3505 3575 3620 3669 3741 3745 3802 3882 4124 4178 4266 4440 4591 4603 4637 4723 4727 4815 4819 4991 5165 5339 5625 5722 5872 5937 6161 6264 6546 7162 9556
33 3496 3519 3579 3671 3680 3770 3865 3908 4168 4223 4456 4511 4601 4617 4633 4713 4737 4836 4868 5043 5139 5271 5544 5684 5735 5873 5946 5985 6028 6266 6561 6576 7649
34 3511 3516 3533 3551 3582 3696 3722 3731 3777 3905 3925 4243 4431 4547 4743 4748 4750 4838 4847 4865 4946 5179 5283 5321 5414 5641 5762 5932 5996 6011 6269 6442 6587 6632
33 3562 3598 3623 3702 3703 3780 3887 4003 4031 4262 4564 4667 4761 4776 4893 4902 5003 5060 5267 5335 5458 5572 5710 5785 5981 5995 6002 6052 6169 6325 6447 6596 8696
33 3581 3592 3618 3701 3707 3783 3803 3912 4017 4040 4095 4272 4582 4599 4749 4779 4839 4843 4934 5038 5098 5288 5362 5554 5651 5792 6013 6068 6303 6332 6480 6625 8909
33 3590 3611 3630 3681 3716 3746 3821 4025 4062 4163 4290 4658 4813 4829 4845 4862 4955 5013 5103 5205 5421 5563 5663 5743 5888 6019 6040 6041 6153 6305 6377 6513 6787
32 3628 3640 3682 3733 3755 3830 3871 4044 4110 4130 4292 4519 4696 4851 4883 4970 5026 5123 5131 5389 5444 5605 5607 5753 5814 6053 6076 6311 6358 6404 6498 6639
29 3632 3643 3735 3757 3804 3847 3854 3904 4055 4158 4201 4334 4822 4855 5001 5150 5272 5399 5616 5754 6066 6077 6136 6141 6360 6524 6542 6737 6906
29 3636 3656 3659 3694 3744 3836 3858 3934 4137 4204 4281 4344 4825 4914 4918 5027 5056 5154 5186 5393 5620 5788 6070 6080 6181 6397 6435 6573 6804
35 3660 3665 3679 3693 3762 3881 3917 3984 4117 4134 4145 4306 4435 4612 4882 4919 4925 4930 4992 5037 5199 5236 5415 5431 5623 5871 5902 6086 6201 6203 6490 6564 6647 6843 7272
24 3698 3763 3764 3898 3907 4004 4174 4374 4504 4520 4943 5040 5212 5295 5419 5626 5892 5922 6101 6103 6222 6327 6598 6898
29 3704 3765 3782 3844 3949 3997 4048 4083 4185 4190 4443 4684 4985 4986 5048 5067 5114 5242 5463 5640 5656 5933 6108 6248 6293 6308 6626 6680 6974
30 3709 3772 3781 3845 4001 4015 4076 4089 4193 4444 4544 4579 4835 5000 5006 5072 5081 5246 5357 5573 5697 5745 5961 6139 6251 6415 6633 6656 6755 7010
32 3720 3756 3811 3851 4030 4069 4194 4229 4489 4565 4687 4952 5015 5073 5076 5174 5252 5331 5602 5750 5858 5920 5992 6116 6254 6260 6356 6495 6637 6650 6730 7326
29 3766 3827 3855 3919 4096 4116 4205 4241 4533 4689 5024 5063 5075 5095 5104 5187 5287 5340 5464 5627 5866 6031 6126 6273 6289 6431 6503 6663 6810
32 3775 3833 3856 3866 3951 4005 4104 4221 4289 4460 4500 4657 4728 4833 5080 5093 5122 5191 5239 5385 5594 5617 5630 5807 6047 6071 6196 6316 6465 6533 6673 7215
30 3815 3860 3867 3899 3954 4082 4093 4126 4247 4341 4497 4652 4782 5108 5132 5202 5214 5248 5394 5631 5893 6067 6131 6209 6317 6324 6499 6722 6732 6952
29 3831 3832 3873 3903 3992 4009 4144 4175 4251 4263 4363 4577 4818 5083 5118 5135 5220 5270 5422 5655 5891 5979 6081 6239 6335 6506 6751 6784 7207
30 3875 3877 3914 3932 4018 4152 4183 4264 4388 4413 4665 4720 4823 5152 5259 5426 5479 5487 5672 5923 5929 6089 6109 6241 6290 6339 6532 6762 6806 7021
32 3878 3921 3950 3953 4046 4181 4273 4315 4325 4527 4542 4726 4732 4873 5162 5198 5219 5268 5299 5447 5495 5636 6004 6095 6281 6366 6534 6654 6776 6823 7049 7260
34 3883 3911 3968 3987 4006 4034 4053 4192 4231 4282 4348 4550 4647 4785 5137 5200 5230 5346 5484 5493 5628 5708 5825 6023 6107 6158 6342 6408 6569 6667 6783 6865 7063 7341
35 3902 3929 3972 4050 4084 4252 4298 4350 4370 4638 4679 4774 4892 5249 5265 5306 5332 5356 5485 5498 5688 5778 6034 6118 6194 6355 6467 6478 6577 6704 6798 6821 6842 6942 7134
32 3922 3937 4067 4156 4278 4355 4385 4396 4641 4691 4792 4869 4906 5289 5330 5373 5505 5565 5733 5799 6043 6122 6259 6391 6489 6501 6583 6660 6833 6932 7153 7577
30 3991 4068 4123 4250 4302 4377 4432 4630 4831 4844 4898 4921 5291 5347 5367 5378 5409 5539 5614 5773 5816 6132 6370 6420 6517 6619 6881 6947 7066 7417
33 4049 4057 4071 4091 4151 4165 4304 4313 4356 4387 4446 4724 4857 4988 5290 5352 5379 5443 5541 5622 5827 5853 6140 6144 6455 6541 6579 6602 6631 6867 6883 6955 7194
33 4052 4060 4088 4186 4227 4307 4358 4457 4828 4856 4864 4990 5018 5292 5417 5450 5477 5531 5642 5692 5899 5931 6035 6165 6243 6383 6548 6636 6709 6761 6920 6960 7319
38 4065 4066 4099 4195 4200 4309 4323 4393 4452 4465 4483 4736 4888 5059 5100 5297 5405 5427 5504 5519 5546 5567 5741 5841 5927 5980 6193 6381 6477 6560 6659 6661 6713 6838 6901 6969 7187 7364
32 4077 4115 4214 4248 4314 4394 4478 4521 4559 4929 4945 5064 5192 5428 5540 5590 5662 5957 5977 6020 6219 6314 6458 6536 6592 6662 6717 6909 6916 7002 7165 7368
34 4078 4107 4119 4166 4217 4219 4249 4386 4395 4454 4524 4874 4938 5036 5096 5281 5420 5438 5577 5643 5775 5986 6054 6247 6333 6568 6593 6688 6745 6921 7004 7270 7315 7456
32 4114 4122 4169 4239 4286 4391 4472 4545 4566 4941 5106 5327 5441 5497 5581 5648 5737 5806 6039 6064 6083 6297 6443 6608 6769 6782 6929 6972 7008 7050 7348 7936
29 4141 4170 4259 4311 4408 4486 4562 4880 4958 5124 5282 5442 5578 5606 5652 5810 6087 6232 6349 6589 6694 6702 6774 6797 6943 6988 7094 7294 7460
34 4172 4182 4238 4279 4436 4476 4487 4575 4900 4997 5010 5169 5309 5411 5579 5646 5695 5718 5746 5880 6106 6110 6346 6525 6642 6733 6771 6799 6818 7029 7100 7178 7422 7502
32 4189 4246 4318 4400 4442 4495 4530 4588 4694 5023 5175 5395 5451 5611 5716 5720 5755 5884 6058 6127 6199 6372 6373 6679 6801 6828 7089 7107 7174 7322 7470 7534
29 4236 4303 4327 4415 4474 4514 4589 4885 5028 5279 5404 5488 5689 5727 5943 5958 5989 6079 6120 6195 6270 6526 6723 6825 6832 7090 7123 7362 7492
32 4260 4338 4455 4507 4553 4597 4627 4640 4889 5035 5304 5533 5600 5664 5691 5730 5790 5971 6045 6146 6285 6401 6549 6691 6840 6887 6907 7106 7214 7246 7471 7688
29 4322 4349 4458 4480 4529 4621 4628 4703 5012 5045 5329 5530 5592 5731 5956 6050 6104 6307 6468 6700 6831 6848 6899 7048 7156 7192 7399 7537 7559
31 4390 4392 4535 4560 4567 4642 4758 4799 4953 5055 5070 5311 5429 5568 5701 5732 5758 5808 5982 6124 6288 6336 6394 6805 6852 6981 6986 7125 7223 7424 7540
29 4397 4398 4481 4573 4622 4639 4672 4858 5053 5071 5382 5603 5752 5820 6009 6078 6249 6315 6469 6605 6855 6858 7019 7152 7261 7435 7478 7593 7747
31 4433 4503 4587 4636 4673 4692 4931 5058 5119 5222 5314 5480 5661 5761 5767 5786 5842 5978 6119 6343 6505 6514 6880 6911 7052 7119 7164 7371 7474 7533 7690
27 4447 4574 4607 4677 4722 4809 5068 5350 5397 5601 5766 5782 5804 6048 6334 6387 6527 6529 6834 6886 7055 7121 7166 7517 7568 7652 9577
31 4466 4543 4581 4629 4716 4734 5074 5090 5384 5501 5550 5694 5768 5800 5924 6075 6180 6326 6396 6555 6571 6903 6913 7074 7128 7154 7280 7521 7608 7718 7996
28 4467 4473 4568 4616 4650 4655 4730 4745 5084 5121 5412 5770 5817 6006 6204 6400 6558 6604 6917 7073 7101 7220 7281 7386 7542 7654 7722 7887
29 4469 4501 4632 4697 4788 4942 5133 5189 5413 5547 5699 5803 5833 5947 5962 5972 6111 6220 6403 6528 6641 6926 7197 7287 7396 7413 7553 7655 7756
31 4494 4611 4660 4710 4739 4795 4948 5105 5142 5146 5425 5791 5828 5834 5839 6072 6170 6223 6353 6417 6487 6645 6934 6957 7228 7289 7332 7477 7631 7741 7774
36 4523 4634 4662 4715 4718 4817 4903 4950 4969 5159 5183 5238 5584 5647 5781 5830 5840 5993 6100 6134 6302 6365 6438 6682 6734 6964 7092 7139 7303 7354 7508 7518 7677 7697 7772 7775
34 4661 4671 4701 4717 4777 4926 4975 5157 5168 5235 5322 5390 5793 5818 5847 5848 5994 6156 6306 6476 6512 6685 6803 6923 7034 7137 7140 7306 7411 7457 7604 7705 7764 7796
32 4751 4757 4784 4887 4976 5052 5170 5277 5366 5434 5811 5852 5854 6147 6166 6323 6376 6492 6611 6695 6788 6853 6937 6987 7169 7342 7453 7463 7618 7726 7805 7820
33 4753 4765 4769 4802 4834 4983 5079 5167 5274 5278 5403 5440 5869 5909 6174 6175 6384 6466 6494 6678 6736 6789 6870 7017 7182 7224 7360 7376 7490 7729 7806 7908 8465
33 4754 4773 4824 4867 5022 5102 5163 5176 5293 5407 5490 5514 5874 6024 6044 6182 6226 6451 6471 6617 6689 6739 6777 6894 7041 7252 7440 7505 7520 7731 7788 7817 7885
36 4759 4794 4909 4917 5066 5125 5223 5253 5301 5474 5506 5597 5890 5894 6026 6063 6282 6350 6518 6628 6712 6725 6768 6896 7057 7250 7255 7301 7486 7524 7544 7713 7789 7837 7886 9697
36 4760 4766 4797 4896 4910 4933 5005 5116 5171 5302 5315 5496 5687 5905 5998 6208 6338 6521 6621 6649 6759 6775 6827 6839 7064 7085 7204 7263 7339 7444 7551 7583 7730 7801 7839 7917
30 4764 4803 4937 5020 5117 5177 5312 5343 5502 5508 5704 5913 6010 6060 6228 6345 6418 6607 6714 6758 6792 6863 6949 7067 7302 7445 7512 7595 7841 7899
33 4768 4796 4807 4944 4966 5051 5126 5138 5228 5355 5509 5906 5951 5963 6018 6143 6291 6362 6530 6653 6724 6875 6984 7095 7389 7454 7480 7523 7600 7804 7850 7907 8307
31 4801 4805 4808 4957 4996 5086 5144 5166 5201 5369 5510 5659 5964 6082 6192 6321 6432 6594 6760 6900 7023 7113 7391 7461 7601 7717 7843 7852 7854 7947 8351
28 4804 4830 4870 5031 5148 5188 5218 5360 5406 5700 5749 5974 6098 6213 6380 6439 6802 6938 7027 7145 7434 7465 7498 7602 7856 7861 7978 8114
32 4852 4878 4922 5041 5082 5151 5229 5296 5401 5637 5763 5983 6025 6114 6272 6388 6433 6644 6807 6877 6939 6958 7143 7168 7451 7501 7616 7738 7900 7921 7997 8618
34 4891 4904 4951 4980 5109 5181 5182 5244 5303 5376 5433 5757 5802 6085 6115 6145 6375 6414 6462 6539 6850 6884 6967 7051 7160 7198 7269 7452 7469 7617 7807 7903 8009 9558
39 4935 4949 4974 5069 5097 5112 5128 5156 5210 5224 5307 5396 5439 5769 5822 5862 6129 6137 6253 6298 6398 6448 6450 6565 6837 6904 6905 7003 7070 7170 7211 7497 7619 7644 7683 7923 7934 8037 8151
42 4960 4967 4989 5077 5113 5115 5127 5153 5207 5226 5298 5318 5323 5353 5424 5457 5512 5523 5843 5904 6033 6138 6176 6337 6426 6453 6629 6757 6924 6946 7083 7193 7274 7530 7562 7647 7746 7770 7926 8061 8062 8385
32 4994 5129 5251 5313 5348 5435 5556 5570 5639 5821 5856 6171 6178 6187 6378 6502 6545 6726 6861 6940 6953 7098 7208 7226 7420 7567 7659 7791 7930 7938 8068 8180
32 5008 5014 5134 5258 5308 5351 5446 5587 5838 5879 6069 6183 6206 6224 6352 6399 6457 6540 6698 6841 6962 7079 7103 7225 7254 7565 7658 7666 7810 7951 7965 8096
30 5030 5130 5185 5263 5349 5368 5499 5542 5596 5861 5900 5911 6191 6238 6483 6591 6930 6963 6965 7127 7241 7266 7504 7657 7669 7687 7966 8070 8167 8265
28 5046 5049 5195 5333 5400 5436 5610 5742 5975 6210 6310 6406 6484 6624 6696 6968 7093 7129 7283 7293 7425 7665 7711 7858 7968 8092 8216 8314
26 5057 5136 5197 5206 5416 5478 5670 5878 6185 6252 6367 6429 6508 6670 6977 7040 7133 7141 7311 7594 7714 7754 7895 7970 8225 8548
30 5062 5147 5209 5345 5423 5580 5739 5760 5935 6188 6225 6287 6354 6460 6510 6692 6701 6991 7069 7262 7314 7582 7734 7972 7991 8011 8060 8110 8360 8636
31 5149 5213 5233 5448 5522 5619 5748 5976 6037 6268 6318 6368 6486 6544 6706 7013 7181 7189 7248 7285 7366 7398 7686 7736 7857 7868 8002 8024 8132 8240 8387
31 5160 5237 5456 5525 5654 5682 5759 5772 6015 6163 6357 6385 6386 6552 6719 6786 7053 7200 7325 7372 7548 7749 7799 7902 8018 8077 8105 8187 8228 8317 8395
31 5241 5460 5585 5683 5783 5784 5887 6084 6215 6434 6454 6582 6601 6721 6743 7044 7081 7210 7231 7333 7373 7403 7818 7827 7933 8032 8081 8164 8195 8268 8443
29 5245 5461 5671 5796 5850 5916 6097 6263 6449 6581 6612 6665 6742 6846 6851 7102 7155 7221 7350 7446 7535 7862 7897 7967 8043 8084 8174 8236 8470
30 5247 5462 5516 5693 5706 5860 5863 5969 6160 6277 6456 6585 6684 6749 6998 7159 7273 7357 7547 7570 7627 7892 7905 8045 8100 8197 8270 8298 8479 8629
31 5254 5262 5310 5520 5598 5696 5875 5925 6162 6230 6364 6515 6646 6716 6772 7018 7146 7196 7292 7410 7476 7599 7904 7956 8058 8117 8218 8290 8374 8514 8670
33 5260 5266 5324 5334 5387 5545 5574 5714 6027 6221 6256 6574 6586 6648 6728 6741 6895 7072 7172 7217 7428 7479 7495 7716 7945 7977 7998 8075 8146 8272 8409 8631 8694
39 5325 5326 5354 5467 5483 5555 5612 5705 5726 5896 6167 6233 6296 6590 6693 6735 6809 6945 7012 7033 7124 7206 7353 7365 7433 7506 7640 7780 7954 7963 7987 8010 8112 8165 8305 8353 8412 8596 8640
34 5336 5377 5476 5632 5724 5857 5901 6049 6186 6236 6329 6409 6606 6697 6763 6811 6873 6996 7001 7167 7212 7437 7507 7550 7797 8014 8192 8241 8244 8363 8402 8583 8682 9741
34 5370 5472 5492 5566 5658 5713 5744 5867 6036 6057 6267 6436 6609 6651 6705 6780 6829 6836 7005 7007 7184 7218 7438 7447 7510 7563 7913 8030 8202 8219 8376 8416 8589 8753
37 5371 5383 5475 5511 5534 5680 5797 5883 6007 6099 6205 6244 6276 6331 6412 6672 6707 6773 6878 6892 7035 7236 7271 7514 7571 7814 8021 8065 8088 8136 8203 8393 8484 8501 8539 8683 8771
32 5388 5503 5553 5583 5910 5912 6000 6112 6280 6312 6473 6674 6800 6908 7058 7276 7310 7573 7646 7786 7825 7920 8079 8101 8127 8243 8247 8485 8574 8619 8715 8799
35 5455 5465 5528 5613 5826 5940 6105 6128 6218 6300 6344 6531 6572 6711 6813 6915 7075 7126 7307 7378 7499 7578 7624 7634 7819 8054 8102 8104 8179 8302 8487 8585 8731 8743 8805
29 5482 5529 5653 5829 5945 5949 6212 6274 6295 6472 6666 6814 6882 6941 6948 7056 7171 7500 7585 7684 7685 8069 8113 8160 8306 8516 8522 8744 8945
33 5500 5532 5557 5668 5855 5990 6168 6286 6328 6361 6522 6708 6849 6893 6954 7025 7088 7265 7290 7546 7591 7628 7710 7762 8071 8126 8252 8323 8533 8542 8768 8784 9204
29 5524 5537 5669 5868 6177 6299 6309 6359 6523 6567 6820 6862 6951 7077 7099 7363 7615 7632 7732 7783 7940 8157 8169 8275 8510 8555 8750 8770 8964
33 5535 5564 5675 5751 5895 5968 6150 6304 6369 6411 6535 6715 6856 6914 6927 6989 7043 7112 7238 7385 7622 7626 7635 7821 8163 8188 8287 8343 8559 8582 8774 8816 9163
35 5552 5595 5721 5794 5965 6016 6231 6341 6389 6419 6446 6538 6615 6872 6976 6993 7114 7118 7431 7515 7630 7656 7673 7823 7826 7964 8173 8229 8308 8520 8658 8749 8782 8819 9018
29 5588 5608 5777 5886 5999 6032 6242 6393 6550 6690 6918 6997 7032 7130 7199 7556 7676 7779 7874 8059 8209 8312 8326 8408 8515 8535 8660 8776 8879
33 5604 5645 5703 5740 5815 6005 6046 6395 6427 6553 6584 6630 6824 6999 7104 7233 7558 7681 7808 7813 7832 7879 7971 8086 8280 8344 8382 8433 8554 8567 8708 8792 8887
29 5634 5673 5756 5771 5798 5903 5997 6073 6437 6559 6652 6860 7000 7150 7237 7564 7692 7733 7829 7943 7959 8064 8212 8388 8527 8637 8810 8898 8932
30 5801 5837 5846 6102 6123 6452 6470 6616 6675 7009 7157 7312 7623 7737 7834 7848 7961 7999 8016 8091 8340 8405 8556 8576 8672 8830 8891 8918 8959 9138
30 5832 5865 5917 6113 6125 6379 6500 6547 6727 6740 7036 7037 7039 7213 7242 7388 7682 7778 7836 8028 8048 8181 8342 8411 8606 8695 8880 8928 9015 9212
30 5835 5876 5881 6152 6211 6519 6744 6750 7046 7059 7247 7493 7587 7700 7750 7881 8034 8056 8098 8208 8354 8427 8622 8633 8685 8712 8893 8895 8941 9307
32 5889 5898 6030 6117 6237 6255 6262 6516 6551 6562 6764 7062 7068 7257 7258 7532 7701 7803 7889 7975 8107 8138 8156 8301 8357 8428 8451 8632 8729 8916 8978 9109
32 5908 5934 6245 6275 6485 6618 6622 6676 6793 6795 7071 7076 7195 7267 7557 7620 7702 7888 8023 8119 8161 8233 8359 8449 8456 8648 8736 8935 8986 9003 9161 9941
30 5914 5938 6258 6278 6292 6554 6634 6686 6847 7082 7282 7298 7696 7725 7763 7898 8087 8198 8304 8361 8430 8467 8647 8738 8779 8953 9001 9045 9071 9192
34 5919 5939 5941 5942 6092 6283 6322 6348 6566 6643 6738 6866 7091 7188 7288 7321 7588 7739 7758 7912 7994 8116 8199 8300 8380 8557 8690 8742 8772 8955 9030 9094 9188 9255
33 5944 5967 6284 6402 6658 6747 6874 6912 7097 7300 7308 7344 7586 7757 7909 8041 8186 8271 8303 8397 8444 8473 8508 8635 8706 8747 8777 8965 9064 9100 9296 9330 9343
30 5952 5984 6151 6313 6410 6703 6752 6854 6971 7105 7328 7346 7491 7795 7932 8082 8133 8230 8321 8403 8457 8474 8716 8739 8763 8845 8979 9080 9152 9354
31 5955 5966 6155 6351 6382 6421 6464 6753 6815 6978 6979 7108 7336 7443 7792 7809 7924 8029 8095 8269 8331 8379 8521 8664 8748 8788 8846 9023 9113 9164 9358
32 5959 5973 6003 6363 6459 6681 6754 6826 7024 7038 7117 7122 7330 7355 7509 7831 8031 8135 8259 8313 8452 8531 8735 8789 8803 9041 9134 9293 9349 9383 9404 9410
31 6001 6234 6374 6444 6481 6580 6710 6817 6919 7045 7131 7275 7340 7429 7589 7844 7853 8051 8139 8158 8276 8429 8563 8600 8626 8802 8823 8987 9244 9388 9418
33 6021 6093 6250 6407 6493 6731 6779 6859 6902 6944 7061 7135 7345 7459 7859 7893 8007 8129 8140 8196 8291 8459 8643 8719 8809 8836 8940 8981 9170 9353 9422 9423 9438
36 6042 6056 6062 6154 6265 6416 6445 6520 6746 6822 6990 7078 7163 7209 7284 7370 7549 7612 7860 7962 8148 8155 8367 8419 8491 8524 8674 8676 8785 8811 8902 9025 9099 9398 9431 9481
27 6096 6190 6294 6474 6504 6556 6876 6994 7111 7190 7243 7268 7400 7554 7882 8168 8171 8396 8496 8525 8570 8703 8818 8994 9112 9444 9510
33 6130 6197 6347 6463 6509 6600 6966 6985 7022 7142 7202 7291 7334 7377 7404 7560 7919 7953 8175 8217 8221 8336 8537 8580 8806 8825 8838 8929 9020 9022 9124 9452 9770
32 6198 6200 6475 6482 6563 6767 6922 7028 7240 7304 7305 7374 7432 7596 7663 7948 8124 8190 8210 8226 8288 8571 8612 8822 8852 8962 9032 9143 9463 9474 9505 9544
28 6214 6488 6578 6765 7016 7054 7110 7278 7352 7387 7423 7525 7645 7712 7740 8035 8200 8283 8295 8420 8608 8853 8985 9004 9082 9208 9527 9700
32 6227 6595 6597 6620 6623 6816 7065 7296 7316 7390 7407 7531 7816 7884 8038 8109 8223 8242 8310 8495 8656 8684 8863 8881 9028 9065 9074 9148 9320 9535 9542 9555
33 6229 6257 6425 6603 6635 6657 6868 7086 7227 7349 7401 7409 7419 7450 7706 7830 7941 8066 8254 8319 8519 8529 8662 8795 8868 8888 9034 9069 9193 9563 9573 9607 9724
34 6261 6392 6640 6655 6677 6766 7087 7185 7317 7356 7393 7455 7522 7785 7846 7873 7973 8115 8189 8329 8333 8461 8667 8692 8704 8900 8905 9036 9101 9285 9579 9615 9650 9958
31 6319 6461 6664 6699 6794 7116 7299 7338 7369 7405 7415 7462 7503 7651 7877 8015 8137 8279 8370 8414 8671 8705 8817 8922 9013 9063 9176 9342 9580 9643 9827
28 6330 6497 6557 6669 6718 6819 7149 7347 7466 7661 7766 7776 7939 7949 8020 8149 8338 8341 8425 8534 8720 8923 9062 9181 9205 9347 9645 9782
34 6340 6423 6543 6671 6687 6748 6844 7151 7201 7361 7472 7484 7753 7838 7989 8142 8185 8348 8362 8401 8480 8587 8707 8767 8930 8951 8998 9201 9374 9586 9687 9723 9748 9786
32 6424 6570 6610 6720 6756 6995 7158 7203 7379 7468 7473 7536 7771 7863 8008 8255 8355 8373 8578 8702 8800 8973 9009 9026 9221 9253 9476 9613 9698 9731 9768 9799
33 6428 6613 6638 6770 6790 7026 7176 7191 7392 7483 7597 7672 7906 7958 8089 8334 8422 8497 8758 8804 8827 8839 8921 9000 9048 9061 9108 9225 9277 9517 9642 9705 9802
31 6430 6668 6778 6864 7144 7239 7359 7513 7598 7680 7876 7950 8094 8231 8378 8426 8498 8599 8847 8856 9083 9085 9086 9167 9291 9335 9572 9765 9767 9829 9837
33 6440 6683 6785 6869 7060 7249 7375 7406 7526 7580 7610 7761 7928 7983 8106 8248 8371 8384 8436 8550 8614 8866 8869 9102 9198 9265 9450 9523 9620 9679 9828 9838 9914
32 6507 6729 6857 6889 7147 7259 7327 7441 7489 7592 7614 7709 7802 7935 7990 8191 8390 8475 8610 8757 8947 9105 9114 9125 9269 9306 9377 9633 9759 9774 9841 9932
33 6599 6791 6796 6871 6910 7177 7180 7381 7541 7561 7605 7629 7727 7942 8222 8435 8489 8490 8601 8713 8773 8837 8982 8984 8996 9132 9301 9318 9508 9557 9637 9778 9847
29 6781 6812 6879 6888 6925 7232 7408 7467 7660 7664 7767 8047 8278 8509 8560 8597 8759 8764 8843 8997 9005 9016 9137 9142 9331 9524 9710 9866 9918
27 6808 6845 6890 6935 7253 7412 7572 7670 7811 8144 8284 8512 8558 8650 8860 8908 9017 9070 9088 9146 9348 9486 9576 9788 9869 9873 9982
29 6885 6891 6928 6936 6961 7120 7279 7436 7671 7693 7703 7815 8145 8294 8296 8591 8621 8732 8867 9021 9040 9144 9171 9364 9503 9582 9863 9882 9969
27 6897 6931 6959 6970 6973 7244 7286 7464 7607 7675 7743 7765 7824 8215 8332 8630 8688 8942 9046 9162 9195 9226 9379 9539 9661 9894 9991
28 6933 6956 6980 6983 7295 7383 7488 7538 7621 7691 7745 7812 7835 8013 8206 8335 8675 8752 8960 9066 9199 9206 9305 9399 9610 9713 9900 9995
25 6950 6982 6992 7011 7430 7637 7679 7748 7847 8260 8337 8691 8762 8901 9077 9103 9156 9210 9357 9433 9602 9667 9805 9904 9916
28 6975 7006 7014 7042 7482 7650 7751 7755 7784 7869 7875 8345 8686 8722 8796 8972 9140 9174 9214 9234 9245 9472 9686 9766 9905 9912 9927 9968
27 7015 7020 7351 7581 7668 7768 7777 7891 7925 8245 8347 8350 8352 8605 8761 8780 8975 9011 9230 9237 9259 9493 9638 9715 9886 9934 9962
25 7030 7084 7230 7485 7715 7769 7790 7927 7955 8025 8122 8369 8413 8755 8787 8871 8999 9169 9239 9271 9275 9514 9819 9947 9971
27 7031 7109 7323 7528 7719 7800 7993 8040 8055 8067 8391 8446 8639 8807 8990 9047 9209 9262 9266 9294 9298 9313 9369 9550 9865 9950 9987
24 7047 7115 7161 7331 7723 7773 7840 7870 8004 8147 8437 8455 8476 8859 8882 9024 9122 9295 9319 9402 9569 9652 9878 9953
23 7080 7096 7173 7416 7728 7842 7866 7872 8005 8042 8153 8448 8482 8842 8883 9050 9276 9316 9333 9536 9631 9903 9978
25 7132 7148 7183 7442 7721 7845 7878 7916 7981 8131 8159 8507 8721 8886 8926 9091 9098 9297 9337 9341 9449 9578 9691 9881 9948
27 7136 7175 7219 7329 7603 7667 7865 7880 7931 8123 8211 8213 8214 8330 8536 8538 8775 8864 9002 9119 9323 9345 9373 9468 9608 9722 9924
25 7138 7179 7222 7335 7367 7742 7752 7896 7960 8001 8150 8224 8253 8552 8813 8878 9081 9197 9299 9386 9432 9496 9623 9813 9977
28 7186 7205 7235 7309 7384 7449 7543 7894 7910 7980 8000 8238 8258 8318 8505 8573 8604 8814 8915 9060 9196 9232 9355 9396 9401 9479 9657 9840
24 7216 7251 7380 7397 7915 7988 8182 8251 8262 8511 8611 8855 9118 9250 9252 9264 9405 9429 9471 9511 9516 9603 9680 9849
26 7229 7245 7358 7394 7516 7519 7625 7944 8022 8036 8249 8274 8325 8466 8616 8925 9160 9222 9292 9312 9409 9419 9465 9512 9519 9789
23 7256 7313 7402 7458 7575 7952 7974 8006 8076 8154 8263 8358 8562 8659 8666 8939 9008 9283 9325 9421 9473 9521 9945
22 7277 7297 7324 7475 7957 7976 8050 8178 8264 8458 8617 8661 8821 9010 9177 9290 9387 9426 9480 9530 9574 9605
25 7318 7320 7343 7421 7481 7579 7986 8012 8093 8201 8235 8289 8483 8623 8665 8826 8956 9207 9326 9389 9411 9487 9532 9597 9879
22 7337 7395 7487 7699 8027 8239 8256 8309 8499 8677 8769 8963 9072 9256 9344 9400 9427 9509 9518 9541 9639 9682
26 7382 7439 7496 7707 7985 7992 8046 8204 8292 8316 8398 8528 8602 8734 8801 8844 9068 9185 9311 9381 9448 9525 9551 9566 9649 9663
24 7418 7448 7529 7552 7744 8003 8052 8111 8285 8322 8460 8532 8577 8815 8824 9135 9279 9359 9424 9469 9513 9528 9611 9656
23 7426 7494 7566 7864 8063 8072 8176 8281 8349 8377 8477 8593 8832 8857 9007 9217 9390 9455 9534 9614 9684 9744 9834
20 7427 7511 7569 7611 8053 8108 8234 8365 8462 8603 8628 8861 9233 9430 9483 9553 9567 9626 9693 9775
23 7539 7606 7636 7867 8120 8257 8328 8381 8463 8652 8808 8862 8877 8938 9179 9334 9453 9507 9560 9641 9701 9711 9749
23 7545 7574 7613 7648 8073 8130 8250 8266 8389 8418 8641 8668 8760 8889 8892 8899 9035 9261 9547 9564 9644 9746 9859
22 7576 7638 7689 7890 8074 8162 8293 8375 8410 8417 8423 8655 8689 8894 8907 9043 9367 9570 9647 9726 9801 9965
23 7584 7633 7694 7698 7969 8166 8237 8320 8441 8469 8680 8728 8931 8989 9158 9280 9466 9587 9595 9730 9758 9843 9972
24 7609 7639 7695 7982 8134 8193 8273 8442 8478 8486 8493 8794 8917 8967 9012 9092 9303 9414 9588 9596 9653 9676 9779 9875
19 7642 7643 7708 7724 8261 8368 8454 8488 8840 8976 9057 9187 9434 9598 9659 9783 9807 9897 9911
21 7653 7662 7720 7798 8277 8421 8471 8500 8518 8943 9029 9218 9365 9552 9609 9624 9706 9823 9846 9920 9926
21 7674 7787 7883 8282 8327 8494 8506 8541 8642 8944 9051 9216 9228 9464 9616 9617 9630 9671 9776 9867 9938
21 7678 7704 7794 8017 8339 8445 8517 8581 8798 8988 9067 9116 9278 9501 9666 9673 9674 9796 9896 9901 9944
23 7735 7760 7793 7871 7922 8026 8439 8464 8526 8588 8876 9087 9089 9090 9247 9287 9618 9668 9683 9709 9922 9928 9946
21 7781 7782 7918 8049 8438 8530 8549 8553 8569 8912 9056 9110 9127 9249 9300 9672 9681 9712 9717 9929 9981
19 7822 7929 8080 8083 8543 8564 8627 8700 8974 9093 9173 9309 9372 9694 9707 9716 9734 9852 9985
16 7828 7937 8143 8565 8572 8638 8783 8993 9178 9332 9458 9704 9729 9736 9877 9998
19 7833 7855 7946 7979 8297 8324 8540 8547 8575 8609 8645 8723 9078 9231 9370 9490 9757 9794 9830
18 7849 7984 8078 8356 8432 8584 8620 8679 9126 9254 9327 9497 9545 9651 9763 9810 9893 9999
21 7851 7901 8039 8044 8170 8481 8586 8594 8634 8646 8673 8791 9153 9267 9502 9628 9664 9769 9876 9923 9935
17 7914 8085 8118 8503 8613 8615 8624 8649 8812 9186 9281 9363 9575 9654 9739 9800 9996
14 7995 8121 8183 8415 8651 8687 8874 9203 9368 9412 9655 9792 9824 9931
19 8033 8057 8097 8125 8267 8400 8663 8718 8737 8741 8834 9260 9317 9526 9677 9689 9833 9844 9845
14 8090 8128 8152 8286 8681 8726 8793 8904 9274 9375 9548 9703 9862 9902
18 8099 8172 8177 8386 8431 8693 8701 8711 8754 8828 9006 9338 9376 9482 9728 9750 9906 9959
17 8103 8184 8207 8566 8697 8714 8727 8831 8848 9044 9314 9420 9500 9529 9593 9780 9919
16 8141 8205 8346 8699 8746 8756 8873 8911 9084 9436 9437 9562 9793 9809 9855 9964
15 8220 8227 8399 8625 8717 8765 8897 8913 8914 9149 9634 9660 9812 9821 9871
