26 0 2 3 4 5 6 9 12 26 27 28 33 34 35 36 37 41 47 52 53 56 57 58 61 62 63
12 1 8 18 19 48 49 51 60 64 65 79 85
63 7 66 67 68 69 70 73 74 75 89 90 91 92 93 94 95 96 97 105 113 125 126 504 505 507 510 511 626 629 630 631 635 641 649 652 663 666 667 668 669 670 671 672 678 679 680 681 682 684 685 686 687 689 690 691 692 696 715 716 719 720 721 722
88 10 88 123 124 1191 1192 1193 1195 1197 1198 1199 1410 1411 1413 1414 1416 1417 1418 1419 1423 1424 1425 1426 1427 1428 1498 1500 1501 1506 1510 1513 1514 1515 1517 1522 1537 1538 1540 1578 1579 1580 1581 1583 1588 1589 1590 1591 1595 1596 3960 3962 3970 4003 4004 4006 4007 4016 4019 4021 4023 4024 4035 4036 4047 4049 4050 4052 4053 4054 4055 4056 4061 4064 4065 4066 4067 4068 4069 4070 4074 4075 4076 4078 4079 4081 4084 4086 4087
43 11 106 107 109 111 112 114 127 133 137 141 142 146 155 157 159 160 161 165 170 171 172 190 191 193 196 197 203 206 207 208 209 210 211 214 215 216 217 218 228 231 232 233
42 13 14 16 22 23 24 255 256 258 260 264 265 359 361 362 441 447 6693 6696 6698 6701 6703 6704 6706 6708 6709 6710 6711 6714 6715 6716 6718 6719 6723 6726 6727 6728 6729 6730 6775 6776 6787
98 15 30 31 131 132 134 139 140 147 148 173 174 176 179 183 187 189 198 202 461 463 465 468 469 476 477 478 482 484 485 487 488 489 490 491 493 494 495 496 3255 3256 3257 3262 3263 3267 3268 3269 3271 3276 3279 3304 3305 3317 3319 3320 3321 3324 3325 3329 3331 3332 3335 3336 3341 3342 3345 3352 3356 3357 3360 3362 3363 3364 3365 3369 3381 3406 3409 3410 3411 3412 3413 3414 3415 3416 3418 3424 3426 3427 3428 3432 3433 3434 3435 3437 3441 3443 3444
88 17 119 497 538 539 541 542 543 546 552 553 554 555 556 560 561 570 571 572 574 584 589 591 594 596 597 599 600 602 603 605 606 608 609 610 611 618 621 622 645 653 655 732 740 742 743 746 747 749 751 756 759 761 764 791 793 794 796 804 805 808 812 818 828 832 833 835 836 843 895 896 897 904 906 907 909 910 911 912 913 919 921 923 935 940 967 968 969
114 20 247 248 249 253 280 281 282 296 300 302 305 306 307 308 309 310 312 331 332 333 334 335 336 337 339 340 412 413 414 415 422 424 426 581 710 711 4597 4598 4599 4603 4605 4620 4624 4630 4632 4633 4634 4635 4637 4641 4642 4643 4645 4646 4660 4661 4662 4663 4668 4672 4673 4674 4677 4679 4680 4694 4696 4697 4698 4700 4701 4702 4712 4727 4728 4729 4733 4739 4740 4742 4745 4746 4747 5235 5240 5353 5355 5356 5357 5360 5361 5764 5768 5769 5770 5771 5772 5773 5774 5794 5795 5800 5801 5802 5803 5804 5808 5815 5816 5818 5819 5822 5823
127 21 42 43 44 254 267 268 269 271 272 277 1004 1006 1009 1011 1012 1013 1014 1015 1031 1035 1036 1037 1038 1039 1040 1041 1043 1047 1049 1050 1051 1052 1053 1054 1055 1056 1057 1060 1061 1063 1064 1066 1067 1068 1069 1070 1076 1077 1079 1087 1090 1092 1094 1095 1096 1098 1099 1107 1116 1118 1121 1122 1123 1124 1125 1126 1128 1129 1135 1137 1139 1140 1141 1142 1143 1144 1145 1146 1148 1149 1151 1152 1153 1165 1167 1168 1169 1174 1175 1178 1179 1180 1181 1201 1203 1204 1205 1206 1208 1210 1211 1238 1240 1244 1245 1246 1247 1248 1249 1251 1259 1261 1264 1265 1267 1268 1749 1750 1751 1752 1753 1754 1755 1762 1765 1766
85 25 293 294 295 297 304 311 315 383 386 393 394 401 406 407 418 425 428 429 430 431 433 434 438 439 985 986 987 988 990 1101 1104 1105 1182 1183 1212 3247 3248 3250 3251 3252 3253 3254 3259 3260 3264 3265 3266 3275 3278 3280 3281 3283 3285 3533 3534 3535 3537 3538 3540 3541 3543 3546 3547 3550 3551 3552 3555 3675 3676 3681 3682 3684 3686 3687 3691 3695 3696 3697 3699 3703 3704 3705 3707 3708
90 29 241 242 286 287 779 780 781 782 786 798 799 801 847 848 849 1271 1272 1273 1278 1279 1291 1292 1295 1300 1301 1302 1303 1305 1314 1315 1385 1387 1388 1402 1429 1430 1431 1432 1434 1435 1436 1437 1438 1444 1446 1448 1450 1451 1453 1454 1456 1459 1461 1462 1463 1464 1476 1477 1480 1481 1482 1486 1490 1492 1493 1494 1496 1497 1531 1532 1534 1543 1568 1570 1598 1599 1600 1601 1608 1609 1612 1613 1617 1632 1634 1639 1640 1645 1648
49 32 46 221 222 223 225 226 292 317 346 374 448 1330 1331 1333 1354 1356 1358 1359 1360 1362 1366 1368 1371 1374 1378 1472 1473 1697 1704 1705 1718 1729 1748 1770 1771 1773 1821 1823 1828 1829 1831 1832 1834 1837 1840 1846 1847 1851
17 38 77 457 459 514 516 1222 1224 1229 1230 1258 1262 1280 1281 1285 1286 1289
21 39 78 80 82 84 87 101 128 129 531 3727 3730 3732 3737 3743 3744 3746 3747 3748 5952 5953
64 40 45 50 355 365 367 376 378 1676 1678 1780 1782 1784 1785 1786 1793 6660 6669 6670 6671 6672 6674 6676 6677 6679 6690 6691 6733 6745 6746 6747 6748 6749 6750 6751 6758 6759 6765 6767 6768 6770 6771 6773 6774 6778 6779 6780 6781 6782 6789 6792 6796 6797 6799 6808 6809 6811 6813 6815 6817 6818 6820 6821 6830
8 54 86 130 136 402 405 409 411
90 55 102 103 1807 1809 1810 1811 1813 1814 1859 1868 7019 7023 7029 7032 7033 7035 7039 7040 7041 7042 7044 7047 7048 7049 7080 7081 7082 7084 7085 7088 7089 7094 7100 7101 7116 7118 7119 7122 7123 7127 7128 7131 7133 7136 7137 7139 7147 7148 7149 7151 7152 7156 7174 7181 7183 7184 7186 7187 7441 7443 7444 7448 7449 7451 7454 7457 7465 7468 7469 7475 7476 7478 7496 7497 7498 7501 7503 7504 7509 7511 7512 7513 7514 7515 7516 7517 7518 7521 7527
25 59 104 532 533 534 535 558 559 562 576 578 1965 1966 1981 2011 2014 2016 2231 2234 2235 2237 2238 2239 2240 2249
166 71 115 156 158 162 662 673 695 724 725 731 766 767 772 775 776 778 787 856 1020 1024 1025 1026 1028 1029 1033 1078 1081 1083 1084 1155 1214 1216 1290 1299 1306 1308 1309 1316 1804 1805 1806 1816 1817 1818 1819 1824 1825 1827 1862 1863 1864 1875 1914 1915 1917 1920 1922 1925 1926 1927 1928 1942 1943 1954 2030 2031 2041 2052 2053 2054 2058 2060 2062 2063 2066 2067 2157 2176 2178 2181 2183 2185 2186 2187 2190 2192 2193 2194 2195 2198 2199 2203 2206 2209 2210 2216 2220 2221 2222 2224 2225 2226 2228 2229 2243 2245 2246 2250 2251 2252 2253 2255 2256 2257 2273 2306 2318 2319 2321 2322 2323 2324 2325 2326 2327 2328 2329 2339 2341 2344 2346 2347 2355 2360 2372 2374 2379 2380 2398 2411 2414 2415 2417 2418 2420 2421 2425 2428 2429 2430 2431 2479 2481 2482 2483 2489 2491 2494 2861 2874 2875 2876 2877 2878 2879
33 72 353 356 358 370 455 947 948 970 972 975 976 978 1907 1908 1909 1910 1912 1930 1939 1957 1961 1962 1963 1964 1968 1970 1972 1974 1984 1987 1991 2436
32 76 169 234 289 290 291 298 737 750 754 864 871 872 874 875 878 879 880 893 898 966 2432 2433 2434 2448 2456 2463 2464 2465 2467 2503 2504
15 81 116 213 319 320 321 2001 2002 2003 2004 2005 2008 2046 2081 2084
26 83 145 2119 2130 2131 2137 2139 2140 2141 2142 2143 2150 2151 2156 2158 2159 2161 2162 2278 2281 2282 2292 2302 2335 2337 2338
1 98
20 99 324 345 347 992 996 997 998 1001 2397 2401 2403 2405 2462 2469 2470 2471 2477 2478 2497
12 100 350 351 738 739 757 765 863 865 866 868 870
39 108 117 122 473 475 501 2117 2120 2122 2126 2127 2129 2132 2133 2144 2146 2147 2148 2149 7825 7826 7828 7829 7831 7832 7842 7843 7865 7866 7867 7868 7871 7872 7873 7874 7875 7876 7877 7885
5 110 152 153 330 341
31 118 712 952 953 2818 2820 2821 2823 2824 2825 2827 2832 2834 2838 2839 2840 2841 2842 2843 2846 2847 2848 2857 2858 2859 2860 2862 2884 2889 2891 2895
2 120 2388
2 121 2507
69 135 177 180 352 354 472 480 2512 2513 2515 2519 2520 2521 2522 2523 2563 2565 2570 2572 2603 2604 2605 2607 2608 2609 2610 2611 2967 2969 3022 3023 3025 3026 3028 3029 3030 3071 3146 3149 3150 3151 3152 3153 3154 3155 3156 3157 3183 3185 3186 3187 3188 3647 3649 3650 3652 3667 3668 3755 3757 3758 3777 3779 3793 3794 3795 3800 3809 3810
69 138 143 266 278 327 328 329 884 887 890 892 1871 1872 1873 1876 1877 1886 1887 1888 1889 1891 2559 2568 2573 2574 2575 2577 2586 2587 2618 2619 2620 2640 2641 2645 2646 2649 2650 2657 2658 2662 2663 2664 2665 2668 2689 2690 2695 2699 2700 2704 2706 2709 2714 2715 2716 2758 2759 2760 2761 2763 2764 2770 2771 2772 2773 2777 2778 2786
26 144 149 1016 1018 1335 1365 1367 2804 2913 2915 2937 2938 2943 2944 2947 2950 2951 2953 2974 2976 2979 2981 2987 2992 2993 2994
38 150 154 955 958 963 984 991 993 994 995 1003 1007 1008 1086 1550 2382 2386 3099 3100 3101 3114 3117 3118 3119 3120 3194 3196 3198 3199 3200 3203 3204 3206 3214 3226 3229 3230 3232
105 151 1562 1563 1567 1573 1574 1575 1576 1994 1995 1996 1997 2010 2022 2026 2028 2029 2034 2035 2037 2038 2039 2040 2042 2044 2045 2047 2049 2055 2056 2064 2065 2092 2095 2101 2102 2105 2753 2755 2756 2757 2766 2768 2769 2774 2775 2779 2794 2795 2796 3072 3089 3091 3093 3094 3097 3102 3107 5226 5227 5228 5229 5230 5231 5422 5423 5424 5426 5429 5430 5438 5439 5440 5443 5444 5445 5463 5464 5468 5472 5473 5492 5493 5498 5499 5500 5501 5502 5503 5504 5506 5507 5519 5520 5521 5525 5527 5541 5542 5543 5551 5730 5731 5732 5738
50 163 164 166 2902 3130 3131 3132 3135 3136 3137 3138 3141 3242 3246 3286 3288 3289 3311 3455 3456 3457 3466 3467 3471 3472 3522 3574 3575 3576 3577 3589 3605 3608 3609 3610 3611 3612 3613 3614 3625 3626 3628 3629 3637 3639 3653 3764 3765 3766 3767
48 167 168 199 224 3860 3861 3866 3867 3868 3874 3878 3879 3883 3884 3889 3890 3891 3892 3893 3894 3896 3897 3898 3899 3901 4145 4146 4147 4149 4150 4152 4153 4154 4160 4163 4165 4166 4167 4171 6040 6042 6043 6044 6045 6046 6047 6050 6051
26 175 178 323 325 344 1714 3816 3819 3820 3822 3823 3829 3848 3852 3855 3856 3857 5164 5165 5167 5168 5169 5170 5171 5172 5178
82 181 2731 2746 2747 2748 2749 2995 2996 2997 2998 2999 3506 3507 3508 3509 3511 3512 3514 3515 3516 3517 4961 4967 4968 4971 4977 5022 5023 5025 5044 5060 5061 5076 5081 5087 5092 5097 5098 5103 5104 5106 5108 5111 5117 5118 5119 5120 5123 5124 5125 5126 5127 5128 5130 5131 5132 5133 5137 5140 5141 5142 5143 5146 5149 5150 5151 5152 5156 5157 5158 5162 5163 5166 5173 5180 5187 5189 5190 5195 5196 5206 5208
42 182 184 200 239 240 3910 3914 3915 3917 3918 4135 4143 4174 4175 4176 4181 4182 4183 4184 4228 4233 4237 4243 4244 4247 4248 4249 4250 4251 4255 4258 4259 4260 4261 4267 4270 4283 4287 4333 4341 4342 4347
102 185 201 1100 1102 1114 1131 1132 1134 1136 3952 5926 5939 5940 5941 5942 5944 5945 5946 5956 5961 5963 5966 5967 5968 5969 5972 5976 5977 5978 5982 5983 5984 5985 5999 6000 6001 6002 6003 6004 6006 6007 6008 6013 6026 6027 6028 6061 7001 7004 7009 7013 7016 7017 7051 7053 7055 7059 7061 7063 7567 7568 7586 7587 7588 7589 7591 7593 7737 7739 7743 7745 7746 7747 8380 8386 8387 8638 8639 8643 8644 8645 8646 8647 8655 8657 8658 8660 8679 8680 8682 8685 8689 8691 8692 8693 8694 9465 9466 9469 9471 9472 9478
65 186 1635 8312 8314 8476 8477 8478 8479 8515 8516 8542 8566 8567 8569 8570 8574 8579 8580 8588 8590 8591 8592 8593 8594 8595 8596 8615 8616 8620 8621 8622 8625 8626 8630 8631 8773 8776 8782 8792 8812 8813 8815 8816 9056 9058 9059 9060 9063 9069 9092 9093 9094 9100 9101 9109 9816 9817 9818 9820 9821 9822 9823 9824 9826 9827
6 188 195 1656 1657 1658 1665
20 192 2389 2396 2399 2400 2508 2509 2510 2534 2536 2537 2621 2627 2635 2636 2638 2677 2679 2680 2681
49 194 245 440 512 517 1802 1803 1867 1869 1902 1933 1936 1940 1941 1944 1945 1952 1953 2071 2073 2074 2086 2087 2098 2099 3990 3997 3998 4102 4105 4123 4124 4125 4126 4127 4129 4134 4137 4138 4192 4193 4194 4196 4222 4352 4355 4356 4359 4361
52 204 220 230 237 442 2498 4378 4383 4386 4387 4388 4389 4390 4391 4392 4393 4394 4395 4396 4398 4399 4400 4402 4404 4406 4408 4409 4418 4570 4571 4577 4579 4580 4583 4584 4606 4607 4608 4614 4617 4619 4685 4758 4759 4760 4761 4766 4768 4769 4770 4774 4775
30 205 2502 2505 2591 2592 2594 4454 4455 4457 4458 4459 4466 4467 4468 4473 4474 4476 4477 4478 4479 4489 4491 4492 4494 4495 4496 4497 4499 4501 4502
74 212 4513 4515 4518 4554 4560 4561 4716 4718 4719 4720 4721 4723 4725 4730 4731 4781 4782 4783 4798 4806 4807 4808 4809 4811 4812 4815 4820 4822 4823 4824 4825 4827 4828 4829 4831 4832 4844 4845 4847 4849 4851 4852 4853 4854 4858 4860 4866 4895 4929 4930 4932 4936 4940 4984 4986 4988 4989 4990 4991 4997 4998 5585 5587 5589 5595 5596 5597 5598 5599 5608 5609 5633 5638
5 219 303 454 580 582
105 227 229 243 274 449 450 452 464 2687 2688 2712 2897 2898 2900 2904 3933 3944 3946 4424 4425 4427 4445 4447 4449 4481 4482 4483 4484 4507 4509 4511 4512 5754 5756 5757 5758 5760 5761 5762 5775 5780 5785 5788 5793 5796 5797 5805 5824 5826 5827 5831 5832 5833 5834 5836 5846 5847 5848 5849 5857 5858 5859 5861 5863 5865 5866 5868 5869 5871 5875 5876 5877 5891 5896 5898 5899 5902 5910 5912 5913 5917 5918 6099 6100 6101 6116 6129 6130 6131 6132 6146 6147 6151 6152 6153 6155 6156 6158 6160 6161 6180 6183 6184 6200 6202
14 235 3008 5555 5556 5557 5558 5566 5567 5568 5569 5659 5661 5664 5666
16 236 250 279 658 902 905 941 942 2801 2802 2805 2806 2809 6244 6245 6246
94 238 285 527 530 537 6265 6266 6269 6315 6320 6379 6380 6382 6384 6387 6388 6389 6390 6452 6453 6455 6466 6467 6472 6473 6474 6475 6476 6477 6481 6483 6484 6485 6487 6492 6495 6503 6505 6506 6519 6524 6547 6548 6553 6554 6556 6557 6558 6560 6562 6563 6564 6590 6591 6595 6596 7683 7685 7687 7693 7694 7695 7696 7697 7699 7700 7702 7704 7705 7757 7758 7759 7760 7761 7765 7766 7767 7770 7786 7788 7798 7799 7806 7814 7823 7845 7846 7847 7851 7852 7902 7907 7935 7936
6 244 768 769 3076 3077 3082
16 246 981 982 1117 1156 1163 1172 1186 1188 1200 1394 1401 1440 1441 1442 1445
5 251 2922 2923 2924 2925
10 252 299 518 5692 5699 5700 5701 5703 5704 5707
23 257 375 377 379 522 525 528 529 563 564 566 3000 3006 6250 6251 6252 6254 6257 6258 6259 6260 6268 6271
30 259 420 421 432 435 443 444 644 651 3108 3109 3122 3124 3127 3128 3129 3163 3298 3299 3300 3301 3302 3303 3306 3307 3380 3382 3384 3385 3386
56 261 357 363 371 5746 5748 5749 5750 5753 5839 5840 5841 5842 5845 5890 5892 5922 5928 6221 6223 6224 6225 6228 6229 6230 6231 6232 6249 6261 6262 6263 6272 6274 6275 6276 6277 6278 6279 6612 6613 6615 6617 6620 6621 6625 8060 8065 8075 8079 8080 8081 8089 8091 8093 8094 8096
31 262 3461 3464 3465 3468 4841 4872 5249 5251 5252 5258 5260 5261 5267 5275 6209 6211 6212 6213 6220 6234 6235 6608 6611 6628 6629 6633 6659 6802 6803 6804
73 263 657 1577 1582 1597 1603 1604 1605 1673 1683 1685 1690 6844 6845 6846 6847 6848 6853 6854 6855 6858 6860 6862 6864 6865 6907 6910 6911 6913 6914 6916 6934 6938 6941 6944 6945 6947 6955 6965 6969 6978 6979 6980 6981 6982 6983 6984 6987 6989 6992 6993 6994 6995 6996 6997 6998 7000 7003 7005 7008 7072 7074 7078 7079 7096 7097 7098 7099 7102 7106 7188 7189 7194
72 270 661 3480 3481 3482 3483 3494 3496 3498 3518 3520 3521 3527 3529 7266 7278 7280 7289 7295 7296 7297 7298 7302 7304 7305 7306 7312 7313 7314 7322 7330 7331 7333 7334 7335 7336 7337 7338 7339 7347 7348 7379 7380 7381 7383 7384 7385 7390 7391 7394 7395 7396 7400 7401 7402 7403 7418 7419 7420 7424 7430 7431 7432 7434 7435 7482 7483 7484 7485 7486 7491 7492
2 273 283
36 275 284 1689 1691 1692 1694 1695 1696 1700 1701 1703 1712 1713 1715 1719 1721 1722 1728 2589 2590 2595 2597 2598 2600 2601 2602 2616 4838 4842 4843 4864 4865 4868 4877 4900 4901
4 276 314 318 697
5 288 342 1288 5283 5284
18 301 380 389 390 5369 5370 5371 5372 5381 5383 5384 5385 5386 5405 5406 5408 5417 5418
40 313 391 416 417 436 437 446 453 3478 3573 3578 3596 3618 3619 3620 3621 3623 3624 3658 3665 3666 3673 3690 3698 3700 3711 3712 3753 3761 3762 3763 3768 3773 3776 3783 3784 3786 3787 3788 3808
46 316 1774 1776 1777 1781 1787 1789 1797 1836 1838 1853 1860 1861 1879 1882 1883 1884 1932 1934 1946 8160 8163 8164 8179 8183 8184 8185 8186 8187 8201 8203 8205 8206 8207 8208 8211 8212 8217 8218 8234 8236 8268 8345 8347 8348 8351
9 322 471 803 824 6843 9209 9210 9211 9212
38 326 949 950 5419 5421 5431 5433 5434 5446 5448 5449 5474 5475 5476 5477 5480 5481 6881 6895 6896 6908 6909 6951 6952 7988 7989 7991 7994 8000 8001 8003 8004 8007 8009 9583 9585 9586 9600
16 338 364 1706 1708 1711 1716 2959 5719 5723 9675 9676 9679 9680 9682 9686 9697
88 343 382 567 575 3070 3929 3930 3969 3971 3977 4199 4200 4201 4202 4204 4205 4206 4207 4209 4242 4276 4279 4280 4285 4288 4291 4348 4349 4350 4354 6402 6404 7238 7240 7242 7245 7248 7251 7252 7257 7258 7261 7329 7332 7350 7351 7352 7353 7355 7358 7359 7360 7376 7427 7429 7438 7440 7458 7459 7460 9639 9642 9656 9657 9663 9667 9701 9705 9723 9779 9781 9782 9929 9933 9937 9938 9944 9948 9960 9961 9962 9970 9971 9979 9980 9981 9990 9991
7 348 1241 1242 1243 1253 1255 5674
20 349 2362 2381 2383 2811 2815 2816 2836 2837 2849 2850 7528 7529 7530 7531 7532 7535 7538 7539 7540
44 360 392 395 396 4521 4523 4524 4525 4526 7570 7574 7575 7576 7578 7579 7580 7581 7582 7584 7585 7597 7598 7600 7601 7615 7616 7624 7626 7629 7630 7631 7644 7645 7646 7647 7654 7670 7671 7673 7675 7677 7681 7689 7690
13 366 1955 2076 2077 2080 2082 2085 2088 4567 4568 4569 4582 4585
29 368 5313 5314 5316 5326 5327 5328 5331 5335 5338 5342 5348 5350 5351 5352 5358 5363 5389 5398 7968 7977 7983 7985 7986 7990 7992 7993 7995 7996
20 369 707 1337 2100 2108 2109 2441 5515 5531 5533 5535 5536 5881 5882 5883 5884 5886 5887 5888 5988
46 372 2290 2303 2304 2305 2307 2309 2317 2334 2342 2345 4591 4594 8041 8045 8049 8051 8052 8055 8057 8058 8064 8070 8108 8109 8110 8131 8132 8317 8403 8404 8405 8406 8407 8408 8414 8416 8445 8446 8448 8450 8451 8454 8456 8464 8465
24 373 503 8760 8763 8770 8872 8875 8877 8881 8890 8891 8892 8896 8897 8898 8914 8915 8919 8920 8921 8926 8927 8928 8932
46 381 1489 1504 1508 9159 9160 9161 9531 9533 9534 9536 9541 9546 9547 9548 9549 9550 9564 9565 9566 9569 9570 9572 9601 9602 9603 9609 9610 9619 9620 9624 9626 9630 9631 9633 9725 9727 9728 9732 9733 9735 9737 9738 9739 9740 9741
83 384 506 2112 2166 2167 2168 2171 2172 2202 2204 2205 2207 2211 4368 4369 4377 4382 4410 4412 7945 7948 7949 7950 7952 7953 7954 7967 8024 8025 8028 8031 8032 8040 8048 8062 8730 8731 8737 8738 8741 8743 8746 8747 8749 8778 8779 8781 8783 8784 9240 9241 9243 9244 9264 9273 9274 9275 9276 9280 9281 9284 9285 9286 9287 9288 9289 9291 9301 9308 9310 9312 9314 9315 9316 9322 9323 9325 9328 9329 9330 9414 9415 9418
12 385 398 790 806 5046 5047 5055 5057 5059 5062 5063 5065
26 387 508 844 853 2435 2437 2939 2956 9027 9029 9030 9032 9034 9039 9040 9041 9121 9122 9126 9127 9129 9130 9131 9132 9134 9138
6 388 826 2527 2533 3020 3021
22 397 399 3015 4540 8115 8118 8119 8126 8127 8140 8142 8143 8144 8145 8146 8152 8153 8156 8167 8868 8869 8887
91 400 509 4955 4965 8474 8488 8489 8490 8491 8501 8510 8549 8551 8552 8553 8554 8555 8603 8604 8606 8607 8608 8610 8613 8614 8633 8635 8637 8699 8700 8704 8706 8709 8710 8711 8713 8717 8718 8720 8725 8726 8727 8728 8729 8733 8734 8735 8752 8754 8756 8758 8767 8777 8809 8820 8822 8824 8825 8826 8827 8832 8837 8840 8844 8845 8846 8851 8852 8857 8859 8862 8866 8867 8883 8884 8886 8899 8900 8902 8905 8908 8923 8936 8938 8941 9516 9519 9524 9526 9527 9799
3 403 579 2451
5 404 462 466 513 519
19 408 479 492 699 2554 2555 2556 9227 9228 9230 9236 9237 9238 9239 9246 9247 9249 9250 9255
20 410 2542 2546 2547 2549 2552 2553 3031 3036 3037 3038 9177 9178 9179 9180 9181 9190 9191 9192 9900
1 419
2 423 2630
40 427 4898 4899 4905 4921 4924 4925 4926 4928 4935 4937 4938 4939 4942 4943 4944 4945 4948 4949 4950 4951 4952 4954 6838 6872 6874 6875 6883 6954 6956 6957 7111 7112 7114 7120 7121 7158 7159 7161 7162
17 445 451 7495 7519 7520 7726 7927 7928 7930 7940 7941 7944 7946 7947 9891 9892 9894
15 456 500 1257 1263 5852 5854 5855 5860 5870 8292 8293 8294 8295 8298 9018
38 458 2722 2723 2725 2726 2733 2780 2781 9202 9203 9205 9214 9215 9216 9217 9218 9219 9220 9221 9263 9267 9268 9270 9272 9277 9334 9335 9336 9337 9338 9339 9340 9341 9344 9350 9352 9353 9354
5 460 467 6204 6206 6207
1 470
16 474 481 839 840 1283 1284 1553 1555 1556 1557 1561 1619 1621 1622 1623 1637
12 483 2261 6525 6530 6532 6539 6542 9855 9856 9859 9862 9866
2 486 4978
14 498 499 523 524 1347 4299 4302 4304 4308 4318 4319 4531 5210 5211
7 502 515 526 536 860 5404 5410
5 520 2454 4691 4692 4699
4 521 545 569 592
15 540 548 549 1672 8112 8148 8161 8170 8171 8173 8178 8181 8188 8193 8194
8 544 550 587 5582 6634 6636 6638 6639
1 547
62 551 565 601 604 883 885 2676 2721 4966 4969 4970 4976 4982 5006 5009 5197 5198 5199 5201 5203 5217 5218 5220 5222 5223 5232 5278 5279 5281 5282 5292 5293 5295 5296 5297 5300 5305 5554 5574 5576 5580 5581 5583 5584 5601 5603 5604 5605 5611 5614 5616 5617 5620 5621 9419 9420 9421 9422 9503 9528 9551 9577
42 557 625 627 632 3043 3044 3045 7204 7206 7208 7209 7210 7212 7223 8276 8277 8278 8280 8283 8284 8287 8334 8336 8340 8341 8342 8354 8357 8358 8359 8361 8364 8365 8366 8367 8372 8373 8374 8378 8379 8391 8395
9 568 915 916 922 924 936 9835 9836 9837
22 573 8402 9010 9011 9012 9013 9019 9020 9051 9053 9054 9055 9057 9065 9116 9125 9137 9144 9146 9152 9399 9403
25 577 583 1213 1220 1223 1228 1231 1326 1329 1336 1343 2576 2588 2799 2814 9804 9805 9809 9811 9813 9830 9832 9833 9834 9838
17 585 639 708 2880 2887 2899 2908 2912 2916 2917 2918 2920 2921 2926 5675 5676 5712
29 586 588 1282 1296 2856 3087 3169 3170 3171 3172 3173 9374 9381 9382 9384 9385 9386 9387 9389 9390 9392 9393 9394 9396 9406 9408 9409 9412 9423
8 590 593 595 1587 1592 1593 1607 9770
9 598 613 727 2214 4296 4322 4323 4324 4331
8 607 3010 3012 3041 6168 6170 6171 6172
11 612 614 3388 3389 3390 3391 3392 3393 3394 3398 3399
4 615 616 8442 8443
10 617 7810 7924 7931 7932 7933 8038 8063 8067 8068
17 619 636 659 674 676 677 6094 8947 8950 8951 8957 8958 8962 8979 8994 9162 9163
2 620 637
13 623 723 2934 3233 3234 3236 3237 6077 6165 6176 6177 6178 6179
1 624
11 628 734 735 3238 3240 3241 3290 3293 3308 6597 6598
19 633 1202 2929 2958 3051 3053 3408 3446 3447 3845 3846 3847 3849 3850 3854 3859 5624 5629 5991
3 634 5725 5851
3 638 9747 9748
6 640 3919 3921 3922 3923 3931
5 642 704 705 1618 1627
18 643 763 1688 1699 3192 3197 8505 8507 8509 8523 8524 8538 8540 8543 8545 8546 8547 8548
10 646 1724 1726 1731 5650 6429 6432 6438 6440 6441
1 647
9 648 701 703 709 728 2643 2654 2656 2659
6 650 1979 3216 3217 3222 3227
5 654 656 665 693 825
5 660 675 700 1395 1397
4 664 837 851 852
4 683 882 6646 6647
2 688 694
16 698 706 713 788 9852 9854 9864 9865 9876 9879 9883 9885 9886 9921 9922 9927
3 702 714 9164
3 717 6054 6055
15 718 733 1643 1647 1649 1745 1746 1747 1767 1768 1769 1772 1775 2370 2371
3 726 729 946
1 730
31 736 755 1733 2439 2440 2442 2443 3965 3978 3982 3983 3985 9171 9194 9195 9196 9198 9200 9206 9258 9259 9364 9367 9371 9372 9375 9376 9377 9429 9430 9431
12 741 789 807 2283 2285 3959 7197 7199 7200 7203 7205 7207
4 744 1898 1904 1916
7 745 773 774 1931 1992 2506 2516
7 748 3405 3407 3417 3419 3450 4590
4 752 4332 4335 4337
20 753 811 813 814 5992 5993 5994 6009 6015 6018 6022 9455 9456 9457 9458 9459 9460 9461 9462 9463
7 758 954 980 989 1058 2212 2213
6 760 784 785 800 817 819
18 762 1470 8398 8399 8400 8401 8411 8421 8422 8423 8426 8428 8564 8565 8568 8571 8599 8636
6 770 3503 3505 3510 5538 6029
11 771 820 822 861 891 8226 8230 8232 8233 8239 8240
5 777 939 943 959 4256
13 783 4365 4371 4373 4416 6039 6058 6060 6063 6064 6070 6188 6189
10 792 831 1046 1616 1795 1796 1843 3054 3056 3059
12 795 815 1232 3559 4656 4665 4666 6203 7733 7735 7736 7789
6 797 3066 5509 5512 5514 5517
7 802 1234 2496 2499 2500 2501 6442
7 809 6334 6337 6339 6396 6408 6413
4 810 816 830 1993
2 821 4532
7 823 4565 4573 4574 4575 4581 4586
6 827 3181 3189 3190 3191 3202
13 834 2032 2036 2061 2068 2069 2072 4703 4704 4705 4887 4889 4890
15 838 1108 5243 5265 5271 5373 5376 5377 5378 5390 5391 6652 6653 6655 6656
9 841 857 5529 5530 5539 5540 5544 5553 5559
8 842 2173 2260 2265 2266 2270 2286 2288
1 845
12 846 850 854 858 1157 2453 2455 3680 3688 6445 6446 6447
5 855 1317 1321 1322 1323
11 859 6208 6243 6281 6309 6310 6311 9498 9500 9502 9505
9 862 867 3174 3176 3178 3813 3814 3837 3840
1 869
34 873 876 4089 4091 4092 4093 4094 4096 4099 4100 4103 4114 4115 4116 4118 4139 4141 4142 4213 4214 4215 4223 4227 4229 4232 4234 4464 4465 4471 4485 4684 4686 4689 4690
2 877 1350
6 881 908 917 1389 1398 1399
12 886 918 1341 2091 2093 6824 6826 6827 6828 6886 6927 6929
33 888 925 927 928 931 932 5045 5052 5053 5066 5067 5073 5084 5085 5244 5246 5329 5333 5334 5336 5339 5412 5413 5415 5450 5451 5452 6348 6350 6351 6353 6357 6358
1 889
7 894 7263 7285 7286 7287 7327 7341
4 899 901 934 937
1 900
3 903 1552 1615
6 914 1541 1544 1566 1571 2217
6 920 1468 1469 1743 2387 2406
5 926 938 1896 1897 1921
13 929 930 944 3372 3374 4551 4562 4564 4587 4589 4593 6586 6587
2 933 960
8 945 2885 9754 9755 9756 9757 9758 9759
1 951
5 956 957 962 964 973
16 961 965 1707 1709 1732 2298 2299 2354 2363 4611 4612 4613 5641 5654 5658 5660
13 971 999 2223 2227 2331 2332 2333 2369 2376 6829 6831 6832 7542
4 974 1159 3725 3870
1 977
6 979 1019 4001 4002 4012 6932
5 983 7126 7140 7163 7164
3 1000 1044 1227
3 1002 1190 2667
3 1005 4792 4793
1 1010
3 1017 5727 5728
2 1021 1022
9 1023 1324 4043 4059 4073 4177 4178 4180 4235
1 1027
8 1030 1032 1256 1269 1274 3954 3955 3957
7 1034 1376 2472 2473 2632 2633 2634
29 1042 1048 1059 1062 1065 2684 2745 2750 2854 2855 2863 2864 2865 7543 7544 9480 9489 9490 9491 9493 9587 9588 9592 9593 9594 9595 9596 9599 9604
12 1045 1339 1340 1342 1344 1348 1349 1382 1511 1976 1977 2751
1 1071
16 1072 4506 4508 4722 4724 4734 4737 4738 4749 4751 4752 4784 4785 4787 4788 4789
21 1073 2409 2410 2412 2413 2457 2458 4536 4794 4795 4797 4799 4801 4802 4803 4804 4805 4810 4909 4911 4916
4 1074 1400 2782 2783
5 1075 3060 3061 3067 3074
7 1080 1082 1088 2248 7547 7554 7559
8 1085 1439 1947 7635 7638 7639 7640 7641
2 1089 1106
6 1091 1471 3019 3032 5627 5635
4 1093 1109 1110 5667
5 1097 1474 9842 9843 9847
11 1103 1642 1663 4595 4596 4609 4626 4650 4651 6326 6332
6 1111 1112 7669 7712 7714 7722
2 1113 1115
24 1119 8085 8086 8101 8147 8149 8189 8196 8204 8213 8214 8215 8219 8274 8275 9649 9670 9671 9688 9689 9692 9693 9699 9700
3 1120 1233 1237
11 1127 1147 1519 1520 1521 1523 3346 3347 3348 3350 3351
3 1130 1138 1154
13 1133 1160 1161 2475 2486 6449 6451 6456 6458 6469 6470 6471 6496
1 1150
4 1158 1275 1276 1287
3 1162 5524 5526
17 1164 3771 3772 3774 3780 3781 3782 3785 3789 4834 4835 4839 4856 4857 4861 4879 4881
2 1166 1629
4 1170 1641 1646 5937
7 1171 1894 1971 1973 2488 3353 3354
4 1173 2118 3400 3451
5 1176 1529 7732 7749 7774
1 1177
1 1184
1 1185
10 1187 1189 1215 1512 1516 1528 3477 3484 3485 3531
6 1194 1338 2517 2524 2525 2530
2 1196 1209
4 1207 1353 2115 8077
4 1217 1219 1352 2308
2 1218 1375
21 1221 2350 2351 2352 2353 2356 6197 6198 6199 6280 6284 6285 6287 6288 6302 6306 6312 6313 6314 6342 6533
20 1225 2639 3367 3368 3379 3383 3387 3395 5122 5144 5145 6363 6365 6366 7863 7869 7879 7896 7898 7900
4 1226 1392 2566 6534
1 1235
4 1236 1239 1250 1270
3 1252 3579 3580
6 1254 9719 9720 9722 9776 9778
6 1260 1293 1311 6840 7310 7315
1 1266
6 1277 7633 7634 7643 7648 7649
3 1294 2025 7856
3 1297 8269 8272
1 1298
14 1304 1403 2625 2741 2784 9791 9792 9794 9796 9797 9798 9801 9815 9828
13 1307 1422 1433 1505 1507 2474 2484 4530 4534 4538 4541 4550 4556
7 1310 1421 1447 9075 9076 9077 9080
2 1312 1313
9 1318 9706 9707 9708 9712 9743 9744 9772 9774
8 1319 1666 1667 2135 2153 2165 2188 2215
6 1320 1669 6649 6658 6661 9905
9 1325 1328 6414 6419 6420 6500 6501 8785 8803
1 1327
5 1332 5931 5934 5935 5936
8 1334 3584 3585 3586 9887 9888 9889 9895
1 1345
5 1346 2683 2685 2701 2703
5 1351 2738 2740 2788 2791
17 1355 3715 3718 3807 3817 3821 3825 3830 3833 3834 3838 9424 9427 9433 9435 9437 9438
1 1357
1 1361
1 1363
2 1364 1369
4 1370 1452 1950 2719
7 1372 9907 9909 9910 9911 9949 9950
7 1373 1377 1379 3469 6509 6510 6511
8 1380 1383 2562 2569 2579 7447 7455 7456
2 1381 6737
7 1384 5951 5955 5958 5990 5995 9958
4 1386 1390 1391 2883
1 1393
1 1396
1 1404
10 1405 1734 1736 3501 3502 3523 5183 5185 5186 5193
6 1406 1989 7914 7915 7916 7917
10 1407 1408 1409 2242 2244 2247 2258 2262 2300 2623
8 1412 1420 1458 2710 2711 2713 2717 2718
10 1415 1443 7715 7716 7720 7721 7723 7727 7728 7729
1 1449
18 1455 6518 6526 6535 6541 7488 7489 7493 7494 7499 7506 7536 7541 7545 7546 7560 7571 7602
11 1457 2798 2886 3656 3657 3672 3677 3694 3701 3702 3706
5 1460 1740 1756 1757 3872
8 1465 1475 8663 8665 8666 8668 8669 8670
4 1466 1467 1880 1881
3 1478 8242 8243
1 1479
2 1483 1958
1 1484
13 1485 1491 1495 2817 2831 7236 7265 7271 7275 7276 7277 7279 7281
16 1487 1488 3312 3313 3326 3330 3344 3396 3397 9614 9617 9623 9632 9634 9636 9638
2 1499 1503
3 1502 3564 5042
1 1509
1 1518
6 1524 1554 1558 1560 1565 3876
6 1525 1536 2835 2851 2853 2866
4 1526 1799 1844 4437
1 1527
6 1530 2930 2931 2935 2955 2964
1 1533
5 1535 2870 2871 6579 7801
4 1539 1542 1545 1546
5 1547 1586 6884 6885 6887
2 1548 1682
4 1549 1725 1737 1739
1 1551
1 1559
11 1564 1835 1839 1848 3017 5637 5639 5640 5652 5653 5657
8 1569 4309 4312 4330 4452 4453 4629 4631
5 1572 1584 3047 3088 3588
12 1585 1982 8651 8652 8653 8654 8656 8673 8674 8675 8677 8683
1 1594
5 1602 1661 2970 3079 3080
8 1606 3458 3460 3462 3463 3473 3622 3627
6 1610 1668 1885 2613 2617 2626
2 1611 3906
13 1614 1620 1895 1923 1924 1935 1959 1960 1999 2000 2009 2019 2661
7 1624 5671 5672 5721 5722 7860 7861
7 1625 5035 5038 5043 5089 7067 7107
1 1626
1 1628
9 1630 2023 3935 6684 6705 6707 6725 6739 6784
2 1631 1633
