32 0 2 3 4 5 7 8 10 14 15 16 17 19 21 22 23 24 29 34 35 36 37 38 39 40 42 43 44 57 58 62 63
83 1 11 25 65 72 80 82 83 86 87 88 90 91 92 95 97 99 101 102 103 117 118 122 123 124 501 504 505 506 514 515 516 518 524 527 530 531 1506 1509 1513 1519 1520 1521 1522 1689 1690 1710 1712 1713 1720 1724 1726 1727 1732 1734 1735 1736 1737 1738 1746 1747 1748 1752 1753 1754 1755 1761 1762 1778 8201 8202 8203 8209 8210 8212 8213 8214 8216 8223 8225 8300 8304 8307
35 6 137 138 139 141 143 144 145 156 157 159 160 164 166 169 170 171 172 182 183 184 185 186 192 202 219 220 223 225 226 227 228 229 230 233
63 9 27 28 45 46 70 74 75 635 636 637 640 652 659 661 663 664 666 667 668 670 674 677 678 679 680 683 686 688 689 690 691 692 693 695 696 732 737 740 741 743 744 746 747 748 752 762 763 765 766 767 769 780 781 782 783 791 793 794 795 796 971 973
34 12 207 209 210 213 216 231 234 241 242 245 246 251 268 269 276 277 307 308 309 311 312 327 328 329 333 334 337 339 340 359 360 362 411
79 13 18 155 161 163 167 168 173 174 176 177 179 180 181 280 281 282 283 6546 6670 6672 6673 6694 6699 6701 6702 6710 6711 6712 6715 6718 6719 6722 6734 6741 6742 6744 6745 6747 6748 6749 6751 6755 6768 6769 6774 6786 6789 6790 6791 6792 6795 6797 6801 6806 6817 6818 6819 6821 6825 6831 6840 6847 6849 6850 6852 6853 6855 6862 6863 6867 6878 6879 6880 6887 6896 6897 6898 8351
41 20 302 305 313 315 364 369 371 493 494 496 7380 7382 7383 7384 7385 7386 7389 7390 7391 7396 7405 7406 7407 7408 7409 7410 7411 7415 7418 7419 7420 7424 7463 7467 7468 7470 7571 7575 7576 7577
14 26 30 32 33 47 415 427 435 436 437 438 445 446 447
62 31 284 348 351 356 365 367 368 533 534 535 536 537 1004 1006 1007 1008 1009 1010 1014 1015 1025 1026 1027 1033 1040 1041 1042 1043 1044 1045 1046 1048 1049 1050 1051 1052 1053 1054 1055 1057 1058 1060 1061 1070 1071 1119 1134 1135 1138 1140 1141 1142 1143 1144 1145 1146 1147 1149 1151 1152 1154
95 41 410 416 417 418 421 422 423 448 561 572 573 581 597 598 600 602 603 604 609 611 615 619 620 622 625 626 627 628 634 699 705 707 710 714 814 840 842 843 859 863 868 871 872 873 874 876 877 878 879 880 884 889 931 932 936 937 966 990 993 994 995 997 998 1003 1012 1013 1018 1019 1024 1028 1029 1034 1036 1038 1039 1047 1063 1067 1068 1069 1073 1075 1084 1088 1090 1094 1095 1096 1097 1098 1099 1182 1183 1185
23 48 49 50 115 116 126 1918 1921 2401 2402 2404 2405 2416 2417 2418 2420 2421 2424 2426 2427 2434 2435 2436
22 51 55 56 76 77 205 450 451 1108 1114 1116 1161 1163 1164 1170 1172 1173 1179 1180 1197 1198 1199
52 52 108 109 110 111 113 253 487 488 523 526 528 532 538 539 540 541 542 549 550 551 552 553 554 555 556 580 586 587 724 725 727 735 773 774 784 785 787 909 913 916 918 921 928 929 930 933 934 935 940 968 969
107 53 59 60 61 64 130 133 140 147 148 194 195 260 262 453 961 962 963 988 989 1023 1064 1066 1072 1101 1187 1188 1194 1195 1200 1202 1205 1206 1207 1208 1209 1227 1232 1233 1234 1237 1274 1278 1279 1282 1283 1285 1286 1287 1309 1310 1311 1322 1323 1325 1326 1327 1345 1366 1367 1371 1374 1375 1382 1384 1390 1391 1395 1397 1890 1892 1893 1894 1896 1897 1898 1899 1901 1902 1904 1905 1908 1909 1910 1915 1916 1917 1919 1922 1930 1941 1945 1950 1955 1963 1965 1966 1972 1973 1976 1977 1980 1981 1983 1984 1992 1993
12 54 66 153 201 264 266 267 403 404 405 406 419
112 67 69 73 79 958 959 1211 1409 1410 1411 1413 1414 1415 1417 1419 1420 1421 1423 1424 1425 1426 1430 1431 1432 1436 1437 1438 1442 1443 1446 1460 1461 1464 1470 1479 1486 1489 1490 1491 1492 1493 1496 1498 1499 1500 1503 1524 1526 1527 1529 1532 1534 1535 1536 1538 1539 1540 1541 1543 1560 1562 1563 1566 1567 1568 1569 1570 1573 1574 1575 1576 1593 1595 1596 3343 3344 3347 3349 3376 3380 3381 3395 3397 3400 3401 3402 3403 3426 3430 3434 3435 3436 7622 7623 7625 7626 7627 7631 7632 7634 7637 7638 7639 7640 7642 7643 7645 7646 7647 7655 7690 7887
68 68 93 94 96 128 129 468 469 485 560 565 569 570 571 575 1214 1216 1218 1220 1221 1222 1224 1225 1226 1228 1229 1230 1240 1250 1251 1252 1253 1256 1264 1266 1361 1365 1368 1369 1611 1613 1618 1619 1621 1623 1625 1628 1632 1638 1678 1688 1692 1694 1696 1699 1701 1703 1743 1745 1749 1750 1751 1756 1758 1759 1760 1763 1766
2 71 98
48 78 81 100 203 235 1603 1604 1605 1644 1645 1649 1660 1661 1664 1667 1668 1671 1673 1679 1681 1683 1686 1775 1782 1785 1786 1799 1800 1820 1823 1825 1826 1827 1833 1834 1835 1836 1837 1838 1839 1840 1842 1844 1845 1847 1848 1850 1851
77 84 104 426 1872 1873 1874 1875 2000 2001 2002 2003 2004 2005 2008 2019 2020 2021 2022 2031 2047 2048 2049 2050 2052 2053 2054 2068 2069 2070 2072 2074 2075 2099 2113 2115 2122 2123 2135 2136 2137 2138 2140 2141 2142 2146 2148 2150 2151 2154 2155 3691 3695 3697 3700 3704 3705 3712 3713 3714 3719 3730 3734 3736 3740 3742 3743 3745 3746 3747 3751 3752 3754 3755 3756 3757 3758 3818
1 85
47 89 105 1406 1434 1435 1448 1449 1881 1884 1885 1886 1903 1914 1924 1926 1927 1931 1932 1933 1934 1939 1994 1996 1997 2017 2023 2036 2038 2039 2040 2041 2161 2162 2164 2165 2166 2167 2169 2170 2200 2201 2202 2203 2215 2275 2287 2288
58 106 114 474 475 479 481 486 1268 2578 2579 2583 2584 2585 2627 2638 2641 2645 2649 2650 2651 2652 2653 2661 2789 2802 2804 2805 2806 2810 9221 9235 9236 9237 9239 9243 9244 9254 9255 9301 9305 9310 9311 9312 9315 9316 9317 9322 9323 9325 9327 9328 9329 9332 9333 9335 9348 9353 9358
20 107 121 2222 2225 2226 2228 2230 2231 2232 2233 2234 2235 2240 2251 2252 2253 2254 8658 8669 8670
64 112 244 286 287 2268 2286 2290 2294 2306 2339 2340 2346 2347 2349 5210 5212 5213 5214 5219 5220 5221 5222 5227 5342 5343 5345 5346 5349 5351 5352 5354 5355 5357 5362 5368 5369 5370 5371 5372 5397 5398 5399 5407 5408 5409 5411 5412 5413 5414 5415 5417 5418 6442 6453 6454 6455 6458 6465 6469 6473 6474 6476 6477 6479
3 119 2450 2451
3 120 2337 2338
73 125 150 151 449 461 464 1356 1359 1360 1362 1455 1473 2375 2376 2384 2385 2441 2456 2458 2460 2470 2471 2472 2473 2474 2475 2481 2536 2537 2542 2543 2544 2546 2547 2548 2551 2552 2553 2564 2566 2599 2600 2601 2602 2611 2740 2742 2743 2745 2746 2747 2748 2749 2779 2787 2790 2791 3027 3028 3029 3037 3038 3049 3051 3052 3055 3056 3058 3059 3077 3078 3079 3080
14 127 2355 2356 2365 2366 2368 2369 2370 2373 2379 2382 2383 2387 2388
8 131 154 318 319 320 321 2506 2507
11 132 135 158 162 642 645 650 662 669 708 722
73 134 175 178 189 190 193 254 255 270 278 298 798 801 806 2389 2392 2409 2410 2411 2413 2415 2422 2521 2527 2531 2532 2688 2697 2698 2699 2701 2702 2704 2708 2709 2727 2729 2734 2735 2736 2737 2739 2751 2766 2767 2768 2769 2770 2771 2772 2773 2798 2799 2800 2801 2811 2813 2814 2836 2837 2839 2844 2852 2853 2854 2855 2856 2872 2873 2875 2891 2892 2894
22 136 325 344 1355 1398 1399 2896 2897 2899 2904 2918 2919 2920 2923 2926 2942 3421 3425 3427 3428 3443 3444
24 142 826 832 841 845 5817 5820 5829 5830 5832 5833 5835 5836 5863 5864 5865 5866 5869 5872 5879 5881 5882 5884 5885
47 146 893 896 897 942 1597 1600 1602 1606 1616 1630 1631 1633 1789 1790 1865 1866 1870 1871 1876 1877 2083 2087 2094 2156 2157 2945 2947 2948 2949 2955 2958 2960 2962 2965 2966 2968 2972 2975 2977 2982 2985 3008 3021 9828 9836 9837
2 149 1298
26 152 165 375 376 377 378 2617 2620 3011 3015 3023 3041 3070 3072 3086 3087 3092 3095 3096 3098 3102 3106 3110 3112 3115 3116
10 187 188 196 2260 2263 2264 2282 2495 2496 2497
43 191 197 1302 1303 1304 1308 1315 3136 3137 3140 3142 3145 3146 3147 3149 3150 3151 3152 3153 3154 3165 3166 3167 3168 3175 3177 3178 3181 3182 3183 3184 3185 3189 3190 3191 3192 3193 3196 3201 3202 3214 3222 3227
84 198 243 247 256 257 259 291 292 293 951 3247 3248 3255 3256 3257 3258 3259 3260 3261 3262 3263 3267 3270 3272 3274 3278 3279 4018 4019 4021 4025 4026 4040 4041 4042 4049 4050 4051 4052 4053 4054 4059 4062 4065 4066 4067 4068 4069 4071 4072 4074 4075 4076 4077 4078 4079 4086 4089 4092 4093 4094 4098 4102 4105 4106 4107 4108 4111 4161 4163 4165 4166 4167 4171 5923 5926 5933 5935 5937 5941 5943 5946 5951 5953
34 199 200 248 323 330 331 346 955 956 964 970 974 975 976 977 3454 3455 3456 3457 3467 3474 3476 3477 3479 3482 3483 3485 3490 3491 3492 3493 3501 3502 3504
102 204 271 272 382 384 385 386 393 394 395 396 2682 2683 2684 2686 2690 2711 2712 2816 2817 2820 2821 2823 2824 2829 2970 2973 2986 2987 2991 3000 3005 3006 3544 3546 3547 3554 3564 3565 3568 3569 3570 3829 3833 3835 3836 3837 3841 3843 3845 3846 3847 3850 3851 3852 3853 3856 3857 4421 4424 4425 4426 4444 4445 4448 4449 4457 4459 4467 4468 4474 4475 4476 4477 4478 4479 4481 4482 4484 4489 4490 4494 4495 4496 4498 4499 4500 4501 4503 4504 4507 4508 4512 4562 4565 4569 4570 4572 4573 4574 4575 4576
58 206 978 2108 2118 2125 2127 2131 2171 2172 2174 2175 2176 2177 2178 2179 2180 2189 3130 3131 3132 3133 3161 3240 3241 3243 3245 3280 3282 3291 3294 3300 3301 3306 3307 3311 3317 3319 3325 3326 3330 3332 3333 3334 3335 3336 3339 3340 3341 3351 3367 3368 3369 3373 3374 3389 3396 3398 3399
41 208 224 3858 3861 3868 3879 3883 3884 3885 3887 3888 3890 3895 3896 3897 3900 3906 3990 3991 3992 3993 4001 4002 4003 4005 4006 4007 4011 4015 4016 4027 4030 4031 4032 4034 4035 4039 4119 4120 4125 4131
72 211 354 398 432 439 3406 3475 3496 3497 3498 3507 3508 3511 3512 3515 3516 3517 4411 4419 4626 4627 4628 4629 4630 4632 4633 4635 4696 4699 4705 4706 4709 4712 4754 4755 4757 4758 4759 4760 4761 4763 4767 4790 4791 4798 4809 4810 4812 4813 4814 4816 4820 4829 4830 4831 4833 4835 4836 4838 4840 4850 4851 4852 4853 4858 4860 4866 4867 4869 4870 4871 5107
20 212 3591 3600 3601 3657 3658 3663 4175 4176 4188 9862 9863 9867 9872 9873 9904 9935 9936 9940 9941
60 214 304 314 317 1324 1340 1341 1347 2612 2625 2628 2629 2632 2633 2635 2636 2637 2642 2643 2654 2655 2667 3206 3209 3210 3211 3213 3218 3233 3234 3235 3236 3237 3408 3416 3417 3418 3419 3420 3422 4349 4351 4354 4360 4362 4364 7837 7848 7850 7856 7869 7871 7872 7874 7876 7877 7878 7881 7884 7885
37 215 236 237 349 1556 1557 1565 1580 2678 4200 4201 4202 4203 4205 4206 4208 4215 4216 4218 4219 4220 4221 4222 4238 4239 4240 4251 4252 4253 4259 4260 4261 4264 4265 4269 4271 4275
61 217 1299 1301 1313 3523 3529 3582 3583 3627 3629 3630 3631 3632 3634 4578 4579 4580 4581 4582 4584 4586 4611 4612 4613 4615 4664 4672 4673 4674 4778 4782 4784 4785 4787 4794 4795 4796 4797 4799 4800 4801 4802 4803 4804 4805 4806 4841 4874 4875 4936 4940 4942 4943 4946 4949 4950 4951 4952 4954 4959 4964
4 218 2815 2819 3082
102 221 250 263 353 372 1551 4280 4282 4283 4288 4289 4291 4296 4298 4299 4304 4305 4314 4315 4316 4319 4321 4323 4324 4325 4326 4336 4337 4338 4339 4369 4373 4375 4379 4382 4385 4386 4387 4389 4393 4394 4395 4396 4397 4398 4399 4401 4402 4403 4410 4414 4416 4529 4530 4531 4540 4967 4968 4969 4971 4975 4976 4978 8041 8044 8045 8055 8057 8058 8060 8068 8119 8121 8122 8123 8125 8126 8129 8130 8131 8132 8135 8141 8142 8143 8144 8145 8146 8149 8150 8153 8154 8157 8159 8160 8162 8164 8174 8185 8186 8187 8194
28 222 400 407 473 476 477 478 498 499 502 503 5007 5039 5042 5052 5053 5054 5419 5421 5426 5428 5429 5430 5448 5449 5450 5451 5453
46 232 265 4998 5093 5096 5098 5099 5102 5103 5104 5105 5106 5108 5110 5111 5119 5120 5121 5124 5125 5126 5127 5128 5129 5130 5131 5132 5133 5134 5135 5141 5143 5145 5147 5148 5149 5150 5152 5154 5156 5157 5158 5172 5176 5177 5178
35 238 274 373 383 390 3533 3534 3535 3539 3548 3549 3550 3552 3553 3555 5608 5609 5612 5613 5614 5619 5620 5625 5628 5629 5633 5652 5653 5654 5657 5667 5671 5672 5673 5674
29 239 397 399 1582 1584 1585 1586 1709 1711 1715 1719 1728 2927 3203 3204 3228 3229 3231 3238 3239 3452 3453 3458 3461 3463 3466 3471 3472 5320
38 240 3638 3641 3642 6019 6025 6026 6027 6029 6054 6055 6131 6139 6140 6142 6157 6189 6199 6205 6209 6210 6211 6213 6214 6215 6216 8924 8925 8926 8927 8928 8954 8955 8960 8961 8962 8963 8964
92 249 431 442 3611 3612 3613 3624 3643 3645 4994 4995 4997 4999 5010 5011 5014 5015 5017 5022 5023 5024 5026 5028 5031 5032 5086 5087 5088 5091 5179 5180 5196 5199 5200 5202 5204 5538 5546 5550 5551 5735 5743 5745 5747 5748 5749 5750 5752 5753 5756 5757 5759 5760 5761 5762 5765 5766 5767 5768 5770 5772 5773 5782 5784 5786 5789 5982 5990 5991 6327 6346 6347 6348 6349 6350 6353 6354 6356 6376 6379 6380 6381 6383 6388 6390 6395 6396 6399 6402 6403 6412 6413
19 252 285 593 594 614 2097 2106 2112 2194 2198 2199 2205 2207 2208 2212 2213 5513 5559 5561
13 258 300 350 352 355 723 1348 1349 1350 5265 5266 5267 5273
17 261 299 467 3677 3679 3680 3683 3685 3686 3689 3720 3721 3722 3724 3726 3727 3767
98 273 275 288 290 301 428 457 458 1482 1488 1504 1505 1507 1523 1591 1700 1705 3787 3794 3795 3800 3820 3825 3828 3830 3831 3832 3838 3875 3876 5898 5899 5900 5901 5902 5903 5904 5907 5917 5918 5959 5961 5962 5965 5966 5968 5969 5972 5974 5979 5981 6004 6007 6008 6074 6230 6231 6234 6235 6497 6498 6500 6502 6505 6507 6508 6509 6510 6511 7039 7040 7041 7045 7047 7048 7073 7084 7085 7086 7088 7090 7095 7098 7099 7100 7124 7125 7136 7137 7139 7146 7148 7150 7151 7152 7161 7162 9982
68 279 726 728 756 770 1797 1801 5323 5324 5325 5326 5327 5328 5330 5335 5374 5474 5476 5477 5478 5481 5603 5607 5611 5616 5631 5632 5634 5635 6539 6541 6549 6553 6554 6555 6559 6561 6899 6904 6905 6907 6914 6917 6931 6933 6934 6939 6940 6942 6963 6965 6968 6972 6987 6991 6994 6995 6997 6998 6999 7002 7004 7009 7011 7012 7017 7020 7021
24 289 296 1819 1832 1854 1855 1857 1878 2062 2063 2271 2276 2277 2279 2280 2281 2284 2323 2326 2328 2500 2502 2503 2504
9 294 297 638 3937 3938 3942 3945 3951 3952
46 295 303 653 655 5515 5524 5525 5528 5529 5530 5531 5537 5539 5542 5545 5547 5552 5553 5554 5556 5558 5564 5566 5567 5568 5571 5573 5581 5592 5594 5596 5597 5598 5599 5602 5622 5627 5642 5643 5645 5646 5647 5649 5681 7795 7796
4 306 310 465 470
23 316 1883 1888 1889 1895 1900 2510 3674 3738 3773 3778 3782 3783 3784 3785 3786 3790 3802 3803 3804 3806 3807 3810
5 322 483 1204 1210 1212
5 324 810 811 812 819
11 326 820 821 2498 4196 4278 4279 4284 4307 4310 4329
80 332 424 823 2257 3986 3989 3995 4112 4113 4115 4116 4117 4118 4132 4133 4142 4147 4148 4154 4159 4173 4183 4186 4187 4191 4211 4217 4223 4224 4608 4617 4618 4642 4643 5687 5688 5690 6660 6668 6669 6671 6674 6677 6678 6679 6681 6682 6683 6684 6685 6686 6687 6688 6759 6763 6765 6766 6767 6770 6772 6773 6775 6777 6781 6782 6947 7024 7025 7027 7028 7029 7035 7036 7037 7050 7215 8374 8390 8394 8395
171 335 751 753 760 761 830 831 846 847 901 902 903 907 914 925 941 943 947 952 954 979 981 983 2534 2535 2538 2539 2541 2554 2555 2556 5724 5725 5729 5811 5812 5813 5839 5842 5843 5844 5853 5859 5895 5896 5908 5909 5910 5911 5913 5914 5915 6123 6124 6126 6127 6128 6129 6130 6132 6136 6150 6151 6152 6153 6168 6169 6186 6187 6192 6193 6195 6217 6218 6219 6221 6223 6229 6232 6236 6238 6239 6242 6243 6247 6248 6249 6251 6255 6256 6258 6260 6282 6287 6288 6289 6292 6293 6300 6302 6306 6311 6320 7354 7357 7358 7359 7360 7363 7365 7367 7369 7371 7430 7432 7434 7436 7438 7443 7444 7448 7449 7450 7452 7453 7458 7459 7460 8528 8530 8531 8540 8541 8542 8546 8547 8549 8550 8552 8553 8554 8565 8566 8567 8572 8573 8574 8584 8585 8593 8594 8596 8598 8599 8602 8604 8606 8615 8616 8617 8620 8621 8622 8625 8626 8627 8628 8632 8638 8639 8640
3 336 338 341
10 342 828 1940 1947 3672 3737 3753 3761 3763 3769
14 343 345 482 484 489 491 6568 6583 6584 6587 6611 6612 6613 6614
12 347 3815 3816 4981 4982 4987 4988 4989 4990 5000 5001 5002
10 357 358 391 454 985 987 1000 1021 1022 4678
33 361 1086 1968 1971 1975 4777 4779 4780 4845 4855 4873 4879 4880 4881 8400 8401 8402 8407 8408 8423 8424 8425 8426 8427 8428 8433 8434 8436 8438 8439 8440 8441 8443
9 363 379 772 1111 1112 2716 7232 7233 7234
67 366 1269 1271 1272 1276 1277 2256 2259 2269 3916 3919 3920 3921 3922 3923 3928 3933 3956 5282 5283 5287 5298 5299 5301 5302 5303 5304 5305 5308 5309 5310 5311 5313 5315 5317 5682 5683 5684 5686 5696 5697 5712 5719 5720 5723 8831 8832 8834 8835 8836 8837 8841 8842 8843 8849 8850 8851 8852 8862 8863 8877 8878 8882 8883 8884 8886 8887
36 370 1120 1121 1124 1125 1126 1128 1155 2078 2091 2092 2093 3907 3908 3910 3975 3979 4896 4897 6430 6431 6446 6447 7279 7280 7282 7284 7287 7297 7298 7300 7301 7316 7317 7318 7319
17 374 2725 2726 2752 2753 2756 2758 2759 2760 2761 2762 2763 2774 2775 2778 4276 4331
14 380 414 858 864 1217 1219 1235 7023 7034 7057 7061 7062 7063 7326
32 381 1297 2830 2831 2848 4898 4899 4906 4908 4920 4926 4927 4955 4957 4958 4961 5795 6040 6060 6063 6064 6066 6068 6079 6080 6110 6111 6115 6116 6147 6156 6159
7 387 462 463 1353 1354 1358 1363
3 388 1169 1289
59 389 402 408 409 425 430 546 576 578 8698 8699 8701 8702 8707 8708 8721 8722 8724 8725 8726 8727 8728 8730 8731 8742 8745 8746 8747 8748 8749 8750 8766 8768 8784 9088 9089 9091 9092 9096 9097 9098 9099 9116 9117 9118 9119 9120 9121 9122 9127 9130 9131 9132 9133 9134 9135 9136 9137 9138
8 392 455 4357 4367 4593 4607 4609 4644
22 401 2218 2220 2223 2224 2250 2939 2940 2943 2951 2963 2967 2988 2999 6517 6518 6521 6522 6523 6524 6595 6596
3 412 704 711
10 413 460 471 1290 1295 5504 5507 6659 6662 6952
13 420 497 5274 5275 7240 7242 7243 7245 7246 7249 7250 7255 7260
26 429 443 452 508 1318 3114 3117 3118 3119 3120 7691 7693 7694 7695 7696 7698 7699 7700 7702 7703 7705 7730 7748 7750 7753 7756
12 433 1452 1454 5887 5888 5891 5893 5928 7532 7535 7539 7540
32 434 459 3359 3363 3364 3365 3372 3385 3388 3391 3392 3393 3409 3423 3424 3590 3592 3593 3666 3667 3669 3670 3688 4273 4277 4333 4342 4521 4522 4526 7495 7502
18 440 1328 2321 2322 2327 2332 2333 2350 2351 2352 2353 2357 6391 6415 6628 6631 6650 7341
27 441 2828 6605 6609 6610 6615 6617 6620 6621 6625 7960 7961 7962 7967 7969 7970 7973 7974 7975 7982 7983 7986 7987 7993 7994 7995 7996
5 444 1331 2447 2461 2518
17 456 495 1465 1466 1467 1472 1474 4691 4692 4693 4703 4707 7761 7763 7767 7770 7774
121 466 509 4768 4769 4770 4772 4885 4886 4891 4892 4893 4894 4910 4911 4917 4918 4919 4923 7673 7675 7676 7677 7724 7725 7726 7784 7785 7786 7788 7834 7835 7839 7891 7892 7894 7895 7898 7900 7922 7924 7932 7933 7938 7939 7941 7942 7943 7944 7947 8290 8309 8310 8312 8319 8321 8326 8328 8330 8334 8335 8339 8340 8341 8342 8349 8350 8354 8359 8364 8365 8366 8367 8373 8376 8399 8403 8411 8445 8446 8448 8452 8455 8457 8459 8466 8467 8471 8474 8478 8479 8511 8512 8513 8514 8523 8524 8537 8558 8560 8562 8564 8569 8570 8575 8576 8646 8647 8653 8654 8655 8657 8659 8661 8663 8664 8671 8672 8676 8680 8682 9204
7 472 510 657 1641 1642 1647 1651
39 480 7185 7186 7187 9003 9006 9007 9008 9009 9012 9014 9015 9036 9038 9039 9040 9041 9046 9047 9049 9050 9051 9052 9053 9054 9055 9056 9057 9058 9059 9060 9061 9064 9085 9086 9087 9100 9162 9163
35 490 1376 1554 1555 1571 1687 1708 1721 1729 1768 1769 1770 1771 1773 9359 9361 9362 9364 9374 9376 9377 9383 9426 9427 9428 9429 9431 9452 9586 9592 9593 9596 9597 9598 9600
112 492 775 813 815 818 7209 7210 7216 7217 7218 7219 7220 7238 7248 7256 7259 7261 7262 7263 7266 7268 7269 7312 7314 7325 7331 7332 7338 7339 7351 7352 7353 7356 7361 7372 7374 7377 7379 7387 7388 7392 7394 7397 7399 7957 7959 7991 7998 8001 8002 8006 8007 8016 8020 8021 8025 8026 8028 8029 8042 8046 8048 8063 8064 8065 8071 8074 8075 8077 8080 8081 8106 8112 8113 8165 8183 8184 8188 8195 8218 8219 8228 8271 8272 8279 8281 8282 8283 8285 8286 8287 8378 8379 8383 8384 8388 8492 8493 8495 8505 8506 8507 8508 8611 8614 8637 8687 8688 8689 8690 8692 8696
33 500 1401 1402 1456 1698 1730 1731 4533 4534 4535 4538 4543 4544 4545 4547 4548 7668 7671 7672 7682 7684 7686 7689 7692 7706 7710 7712 7713 7775 9951 9952 9957 9958
9 507 883 888 892 4752 4773 4774 4786 4821
64 511 8995 8996 9000 9002 9017 9022 9023 9027 9028 9042 9043 9045 9202 9205 9218 9219 9220 9222 9223 9225 9227 9228 9229 9230 9232 9233 9234 9258 9259 9260 9261 9262 9263 9264 9271 9272 9275 9281 9283 9286 9287 9288 9289 9290 9291 9294 9295 9303 9306 9339 9342 9400 9401 9406 9407 9408 9409 9411 9413 9414 9416 9417 9418
9 512 855 898 2713 2714 2728 2730 2731 5065
15 513 517 5496 5497 5499 5500 5502 5503 5505 5509 5511 5512 5514 5516 5517
1 519
33 520 2014 2042 2044 2056 2065 4733 4937 4938 4939 5006 5012 5018 5020 5021 8817 8826 8827 8828 8829 8833 8839 8855 8856 8859 8861 8865 8866 8867 8874 8875 8876 8879
26 521 548 557 719 720 721 731 6567 6573 9635 9636 9637 9651 9653 9656 9660 9661 9672 9673 9674 9682 9692 9693 9695 9696 9697
19 522 749 6424 6425 6426 6427 6428 6429 6433 6434 6435 8788 8804 8807 8808 8810 8930 8931 8932
23 525 562 1784 1788 1791 9513 9515 9516 9521 9523 9525 9526 9529 9531 9534 9535 9540 9541 9547 9548 9549 9551 9556
33 529 750 754 4587 4588 4589 4591 4592 7505 7525 7526 7528 7529 7530 7545 7546 7547 7549 7551 7562 7582 7584 7585 7587 7589 7590 7591 7595 7602 7621 7624 7635 7641
17 543 2908 2909 2914 2915 7852 8971 8972 8977 8978 8985 9025 9167 9168 9169 9170 9438
43 544 545 632 4721 5230 5231 9496 9499 9500 9501 9503 9570 9571 9574 9575 9576 9579 9605 9606 9607 9702 9703 9704 9705 9719 9720 9721 9722 9731 9743 9744 9751 9752 9754 9755 9756 9757 9759 9773 9774 9775 9778 9784
13 547 9808 9809 9814 9815 9817 9818 9819 9823 9824 9825 9826 9827
8 558 559 1074 1077 2214 5253 5254 5255
19 563 564 771 776 1794 1795 1796 1805 1806 1858 1862 1863 1864 9963 9964 9967 9968 9994 9995
5 566 7666 7733 7734 7820
21 567 713 797 2301 2303 2305 2307 2308 5932 5956 5957 5958 5993 5997 5998 6000 6001 6002 6652 6655 6656
11 568 1400 1739 9622 9623 9629 9630 9631 9647 9649 9650
13 574 9483 9487 9490 9491 9492 9493 9494 9495 9498 9502 9504 9505
30 577 579 3446 3449 3450 5262 5263 5264 5321 5322 5329 5336 5337 5465 5466 7108 7110 7111 7112 7116 7117 7119 7135 7141 7144 7145 7155 7160 7164 7207
1 582
20 583 1740 1744 1765 6488 6489 6492 6493 6494 6512 6525 6526 6536 6577 7007 7018 7033 7051 7060 7066
5 584 788 9796 9798 9799
2 585 900
12 588 1807 1808 1809 1810 1813 1814 2313 2314 2315 2317 2406
11 589 591 1999 2006 2009 2011 2012 2013 2015 2066 2067
3 590 595 1991
1 592
12 596 601 605 606 607 3522 8253 8255 8259 8262 8264 8265
6 599 1998 2026 2121 2132 2149
7 608 2204 2211 7101 7107 9840 9841
11 610 612 613 1085 1091 1092 1093 1100 1102 1104 1106
3 616 9846 9847
4 617 8896 8897 8898
6 618 2192 2312 2408 2412 2431
3 621 7177 7178
29 623 1162 3019 3020 3022 3983 3996 4549 4557 4558 4597 4598 4602 4610 4638 4640 4641 4645 4646 5383 5384 5385 5386 9888 9889 9890 9891 9893 9894
1 624
6 629 630 639 1196 1201 2444
9 631 2519 2520 2529 2934 3817 3823 3869 3872
8 633 1352 1475 4662 4663 5183 5184 7478
1 641
3 643 1176 1177
4 644 651 9944 9947
14 646 2216 2437 5434 5435 5436 5438 5443 5446 5447 5460 5462 5463 5470
1 647
6 648 658 2569 2570 2571 7471
11 649 2433 2438 2580 2589 2592 2615 2656 2658 2662 2668
41 654 656 660 671 672 2795 2797 2822 2825 2832 2833 2834 7954 7955 7963 8003 8004 8005 8014 8104 8175 8176 8177 8178 8179 8205 8206 8207 8211 8220 8221 8226 8229 8230 8237 8239 8241 8250 8251 8252 8268
7 665 673 1186 1189 1190 2446 2448
4 675 682 684 694
3 676 685 697
10 681 687 698 700 1553 1587 1588 1589 1592 1607
9 701 702 703 715 739 790 804 805 849
4 706 717 8741 8743
3 709 829 2781
8 712 3563 3571 3572 5675 5677 6299 6303
11 716 1817 1818 1821 1822 1828 1882 1887 1942 1943 9388
11 729 1243 1244 1249 1281 6423 6432 6437 6439 6440 6441
1 730
18 733 2292 2482 2483 5069 5070 5072 5073 5074 5076 5079 5080 5081 5082 5084 5085 5160 5161
4 734 817 822 852
13 736 738 745 755 2558 2559 5495 5522 5532 5533 5534 5535 5536
7 742 2846 2851 2857 2860 2861 2862
4 757 3068 3081 4735
3 758 1531 1533
12 759 2866 7948 7949 7964 8099 8100 9602 9618 9620 9779 9782
1 764
9 768 778 857 6045 6050 6052 9960 9961 9962
3 777 922 950
20 779 792 809 7190 7195 7197 7202 7203 7205 7208 7221 7230 7231 7235 7236 7237 7251 7252 7336 7348
2 786 3159
4 789 848 851 869
9 799 984 1320 1330 1332 3169 3170 3171 3173
11 800 890 3518 3519 3521 5185 5186 5188 5191 5192 5193
5 802 1381 3911 3912 3913
5 803 1780 1961 1964 1967
4 807 2931 2935 2938
5 808 5796 5798 5799 5809
2 816 824
1 825
16 827 3033 3035 3036 3039 3040 3042 3043 3060 3061 3064 3065 3069 3075 3076 3083
10 833 911 1030 1031 4227 4228 7596 7600 8894 8895
13 834 2361 3093 3156 3160 3162 3198 3200 3581 3584 3586 5876 5877
2 835 836
13 837 839 844 1458 1545 1547 1548 1549 1577 1583 6167 6170 6173
11 838 1117 2076 2095 7660 7662 7663 7683 8732 8736 8771
5 850 853 3811 3812 3840
11 854 860 9830 9833 9842 9849 9885 9886 9909 9910 9912
2 856 9991
2 861 1184
6 862 865 1118 1127 1129 6371
3 866 1393 8965
9 867 3558 3559 6314 6323 6324 6589 6593 6626
1 870
4 875 2677 2679 2681
2 881 1079
1 882
7 885 4044 4046 4047 4060 4070 4135
4 886 912 2877 2881
16 887 2533 8983 8984 8993 8994 9066 9068 9069 9145 9146 9148 9391 9392 9393 9398
1 891
6 894 9440 9441 9442 9443 9444
2 895 1288
9 899 908 910 915 917 1510 4559 4560 4561
5 904 1959 1960 1987 3540
3 905 2782 2783
3 906 923 2895
19 919 924 1344 1351 2794 2827 3579 3587 3588 7494 7496 7497 7515 7518 9448 9449 9460 9461 9463
2 920 1629
3 926 939 946
3 927 957 960
14 938 1777 1781 2868 2870 2871 4649 4661 4665 4667 4676 4677 4679 4682
13 945 3562 3566 3606 3608 3610 3614 6648 6649 6651 6658 6665 6667
3 948 6421 6422
3 949 982 1655
1 953
2 965 2119
9 967 3091 3097 4727 4728 4730 4731 4744 4746
5 972 1080 1081 1082 1105
14 980 986 1386 1387 1389 1392 2335 2336 6753 6754 6756 6757 6758 6783
4 991 1132 1133 1136
15 992 3561 4749 4750 4823 4825 4826 4844 4849 5041 5043 5045 5046 5047 5101
5 996 999 2903 2906 2907
1 1001
4 1002 1166 1476 3589
2 1005 5380
8 1011 1167 1174 1203 1213 2917 2928 2953
4 1016 1017 7404 7422
10 1020 1245 1248 1280 1516 1517 2890 2893 2954 2956
5 1032 1370 1378 7490 9802
8 1035 1037 1059 1065 3616 3617 3966 4235
3 1056 1612 1615
17 1062 1076 1078 5169 5171 5173 7615 7617 9445 9446 9447 9450 9464 9465 9466 9468 9474
8 1083 1239 1241 1242 1258 1259 1262 1634
9 1087 3004 3007 3109 3264 3266 3269 3283 3285
6 1089 1273 3635 3640 3646 3655
2 1103 1868
11 1107 5229 5232 7821 7824 7828 7829 7833 7836 7840 7841
12 1109 1110 5244 5245 5246 5250 5377 5378 5381 5494 5679 5685
2 1113 1115
2 1122 2273
5 1123 1131 1137 2173 3030
4 1130 1139 1148 1150
2 1153 7854
3 1156 3309 5375
2 1157 3958
5 1158 1319 1408 1412 1428
9 1159 5195 5197 5198 5205 5206 5207 5209 5215
4 1160 1171 2117 5473
11 1165 1168 1294 2182 2183 2209 2210 7425 7479 7486 7555
6 1175 1192 1215 1528 3998 8782
2 1178 1255
1 1181
4 1191 1223 2246 3308
9 1193 1275 1284 3999 4258 4263 4266 4267 7608
2 1231 3354
11 1236 1257 1261 2270 3489 3500 3505 3506 3510 8773 8776
8 1238 1314 2247 2248 8922 8951 8952 8953
3 1246 3528 3531
6 1247 1254 9737 9738 9739 9741
3 1260 1267 1270
1 1263
26 1265 3575 3576 3620 3622 3626 5792 5794 5800 5802 5804 5807 5816 5868 5871 6070 6071 6073 6075 6078 6083 6085 6086 7846 7853 7861
2 1291 3842
3 1292 1622 1627
10 1293 1307 1334 4428 4432 4433 4434 4435 4436 4437
3 1296 5239 5240
2 1300 1316
1 1305
8 1306 1337 8644 8645 8648 8674 8684 8712
3 1312 1317 1385
2 1321 1635
3 1329 1483 1637
20 1333 9357 9379 9437 9453 9456 9457 9459 9467 9469 9482 9488 9489 9506 9507 9511 9559 9560 9568 9572
2 1335 5033
2 1336 3375
7 1338 3660 3661 9166 9171 9175 9176
10 1339 1342 1383 2486 6089 6099 6100 6101 6268 6269
6 1343 5485 5487 5488 5490 5491
14 1346 2993 2995 2996 2997 3874 6280 6281 6313 6315 6335 9763 9764 9765
13 1357 8764 8786 8789 8908 8915 8923 8966 8969 8970 8974 8975 8981
5 1364 1372 8737 8739 8744
4 1373 1380 1405 1665
2 1377 1396
2 1379 3959
12 1388 5732 5733 5883 5886 5889 5890 5916 5920 6146 6166 6179
13 1394 4447 4450 9177 9178 9180 9181 9194 9195 9344 9345 9352 9354
17 1403 3792 4739 4740 4748 4818 4819 4932 6295 6297 6298 6307 6339 9665 9666 9668 9687
1 1404
4 1407 1418 1831 1841
5 1416 3031 4463 7721 7722
16 1422 1427 1457 2359 2364 3314 3322 3323 3331 3337 4726 4734 4736 4737 4743 4747
3 1429 1439 2587
4 1433 1471 4348 4353
16 1440 1441 1450 3964 4986 5004 6275 6276 6277 6278 6284 6285 6340 6341 6342 7772
13 1444 1512 1514 8755 8759 8760 8762 8775 8778 8781 8783 8790 8792
1 1445
16 1447 8907 8912 8913 8914 8917 8933 8936 8937 8938 8939 8943 8946 8947 8982 8987
4 1451 2272 3947 7801
3 1453 3377 3468
2 1459 1946
4 1462 1468 1469 2990
2 1463 6358
21 1477 1487 1497 6363 6364 6365 6367 6370 6444 6445 6448 6449 6450 6451 6452 6457 6460 6461 6462 6468 6490
2 1478 8247
8 1480 4446 4451 5693 5694 5695 5714 5715
2 1481 6730
1 1484
3 1485 1501 6881
5 1494 2319 4181 4182 4184
6 1495 3526 6580 6581 6582 6588
5 1502 4513 5059 5061 6575
1 1508
3 1511 2608 2616
2 1515 1518
9 1525 1544 1706 3628 3636 3637 3647 3654 3664
2 1530 2959
22 1542 1552 2685 2723 3864 6924 6937 6950 6951 6962 6976 6978 6981 9155 9156 9165 9172 9182 9183 9184 9186 9188
2 1546 9698
1 1550
3 1558 1561 6091
1 1559
10 1564 1640 5175 5187 5228 5235 5238 5242 5270 5276
3 1572 1578 5560
11 1579 1590 1598 3954 3955 3960 3972 3973 5563 6093 6094
6 1581 4174 4177 4194 4195 4197
1 1594
2 1599 1601
6 1608 1609 1610 1617 6809 6810
7 1614 1620 1639 1654 5338 6597 6598
5 1624 6693 6697 6698 6704
1 1626
3 1636 2515 6017
15 1643 1666 1669 7863 7865 7866 7868 9853 9854 9855 9858 9859 9861 9864 9866
3 1646 7104 7106
1 1648
7 1650 1723 1774 2334 2343 2344 6133
3 1652 6263 6266
1 1653
9 1656 5931 5934 5938 5939 5940 5944 5945 5948
3 1657 1662 2380
3 1658 7083 7121
8 1659 1674 1675 1676 1677 1680 1792 1793
6 1663 6752 6760 6799 9986 9987
