205 0 1 5 7 9 15 17 18 20 24 40 41 50 52 54 60 61 62 64 67 68 69 70 73 74 75 2147 2148 2149 3214 3225 3226 3246 3248 3250 3251 3254 3255 3262 3263 3269 3271 3272 3274 3291 3292 3293 3294 3300 3301 3302 3304 3305 3313 3314 3318 3319 3320 3321 3325 3326 3327 3330 3331 3332 3333 3334 3438 3462 3463 3468 3481 3482 3483 3489 3490 3491 3492 3493 3494 3495 3497 3499 3501 3502 3504 5441 5442 5443 5444 5445 5449 5451 5452 5461 5462 5463 5466 5472 5473 5501 5504 5506 5509 5510 5512 5513 5531 5532 5533 5534 5535 5536 5553 5554 5555 5556 5557 5558 5566 5567 5571 5574 5576 5579 5582 5583 5584 5585 5586 5613 5614 5615 5618 5646 5648 5650 5672 5676 5696 5697 5698 7927 7928 7929 7930 7932 7934 7944 7945 7946 7947 7964 7971 7974 7975 7976 7977 7987 7988 7991 7995 7996 8069 8070 8088 8092 8096 8357 8363 8366 8367 8369 8371 8372 8373 8374 8376 8400 8401 8405 8406 8407 8408 8416 8451 8463 8466 8467 8468 8469 8471 8473 8474 8480 8481 8482 8483 8485 8497 8499 8500 8501 8547 8548
12 2 3 4 8 23 25 29 33 35 36 37 85
25 6 86 87 88 102 103 126 668 670 671 672 673 676 677 680 682 683 684 687 688 689 690 691 692 697
37 10 42 43 44 108 109 112 116 118 122 127 158 159 160 166 172 174 176 181 184 185 187 188 190 191 192 194 195 202 558 559 561 581 588 589 590 592
34 11 131 132 134 139 140 141 143 146 147 148 155 163 164 165 170 171 173 177 178 182 183 200 205 211 213 216 217 221 222 230 231 232 233
47 12 255 257 259 262 266 267 270 271 273 274 278 280 281 282 348 349 355 356 358 361 363 365 366 368 377 378 380 381 382 385 388 389 390 424 429 430 431 432 433 435 437 438 444 445 446 447
96 13 14 19 30 31 286 287 339 345 352 353 362 732 734 736 737 740 741 743 744 746 747 748 752 754 763 765 770 771 773 774 775 776 780 781 782 784 786 790 791 793 799 800 802 803 806 808 812 816 817 818 821 822 823 826 838 839 840 842 845 2710 2711 2712 2714 2715 2716 2770 2772 2773 2774 2775 2776 2785 2787 2801 2802 2804 2822 2823 2824 2828 2847 2848 2855 2856 2859 2860 2861 2865 2868 2869 2874 2875 2876 2878 2879
41 16 21 22 26 27 28 94 95 97 101 104 128 133 149 208 209 210 220 223 227 228 234 237 242 252 253 304 306 307 309 310 311 312 324 325 329 335 336 337 338 341
10 32 38 39 46 93 96 106 107 119 470
23 34 47 395 396 457 458 465 466 468 469 474 475 489 490 491 638 651 655 665 667 669 693 694
20 45 48 76 77 264 285 288 289 291 292 293 298 375 376 393 394 397 398 409 411
170 49 51 53 58 78 79 456 460 461 472 473 477 479 481 494 496 1643 1645 1647 1649 1651 4553 4554 4557 4570 4578 4579 4580 4584 4591 4592 4596 4599 4600 4602 4603 4604 4613 4617 4620 4637 4639 4640 4641 4643 4669 4674 4699 4710 4711 4716 4717 4718 4719 4720 4721 4724 4725 4727 4730 4732 4733 4734 4735 4737 4738 4739 4740 4743 4744 4755 4757 4758 4760 4761 4763 4766 4768 4769 4770 4773 4774 4776 4777 4778 4779 4781 4784 4785 4786 4790 4795 4796 4797 4798 4806 4807 4809 4810 4811 4812 4814 4818 4819 4821 6241 6242 6244 6245 6247 6250 6251 6257 6258 6259 6265 6267 6268 6269 6285 6287 6290 6291 6292 6293 6295 6296 6297 6302 6303 6304 6305 6318 6319 6320 6462 6466 6468 6471 6472 6474 6475 6476 6484 6485 6486 6489 6490 6507 6508 6509 6510 6513 6553 6554 6555 6561 6572 6573 6601 6603 6604 6605 6607 6609 6610 6611 6612 6613 6614
42 55 81 82 83 84 105 502 503 849 885 888 890 891 893 895 897 901 902 904 905 907 909 910 911 915 916 919 920 922 923 927 928 930 931 932 939 940 946 956 957 958 960
17 56 125 161 167 168 169 207 212 714 860 875 881 882 950 963 968 969
165 57 245 251 520 528 529 532 533 534 536 537 1220 1221 1224 1226 1227 1249 1256 1257 1258 1259 1260 1261 1262 1263 1269 1270 1277 1283 1284 1287 1302 1304 1305 1314 1317 1318 1328 1329 1330 1331 1332 1337 1339 1340 1343 1344 1345 1351 1352 1355 1369 1370 1371 1373 1374 1376 1379 1380 1381 1384 1385 1386 1387 1389 1390 1391 1392 1394 1395 1397 6236 6239 6270 6276 6278 6279 6733 6737 6747 6748 6749 6750 6752 6755 6762 6763 6764 6765 6766 6768 6773 6774 6782 6784 6982 6983 6984 6985 6986 6991 6992 6993 6996 6998 6999 7000 7002 7008 7019 7022 7023 7027 7028 7029 7031 7032 7034 7036 7037 7038 7039 7040 7041 7043 7044 7045 7046 7047 7048 7070 7073 7078 7079 7087 7088 7089 7103 7109 7110 7111 7115 7116 7117 7118 7119 7125 7129 7133 7134 7504 7507 7513 7514 7515 7518 7537 7551 7560 7562 7571 7572 7573 7576 7577
145 59 120 555 556 602 604 606 607 617 988 990 993 994 995 996 997 999 1000 1001 1006 1007 1009 1010 1031 1036 1037 1038 1039 1040 1041 1043 1050 1051 1052 1053 1054 1057 1058 1061 1080 1081 1082 1085 1086 1089 1090 1095 1096 1097 1098 1104 1107 1114 1115 1120 1122 1126 1127 1128 1130 1131 1132 1133 1135 1137 1139 1140 1141 1142 1144 1146 1155 1180 1182 1183 1191 1192 1194 1195 1200 1202 1211 1404 1411 1412 1413 1414 1415 1416 1421 1422 1423 1424 1425 1426 1439 1442 1443 1448 1449 1453 1456 1460 1463 1464 1469 1472 1473 1502 1503 1507 1508 1686 1689 1690 1700 1701 1702 1707 1709 1711 1712 1713 1716 1718 1724 1725 1726 1727 1728 1749 1750 1752 1753 1754 1755 1759 1761 1762 1769 1770 1772 1774 1775 1778
1 63
86 65 1349 1350 1521 1522 1799 1800 1809 1810 1811 1825 1826 1827 1829 1830 1831 1832 1835 1836 1837 1839 1841 1846 1847 1849 1854 1855 1856 1857 1861 1862 1863 1864 1892 1893 1895 1896 1897 1898 1901 1906 1907 1908 1909 1910 1912 1917 1922 1923 1924 1925 1926 1928 1942 1943 1949 1955 1957 1960 1961 1962 1963 1965 1966 1968 1970 1971 1972 1973 1975 1985 1986 1987 1989 2003 2004 2006 2010 2012 2013 2015 2016 2502 2503 2506 2507
52 66 295 296 421 422 423 451 1545 1546 1550 1597 1599 1601 1605 1607 1652 1653 1662 1663 1666 1667 1668 1669 1674 1675 1676 1677 1678 2025 2036 2037 2038 2039 2040 2042 2043 2046 2053 2055 2057 2059 2081 2086 2087 2091 2092 2093 2095 2097 2100 2102 2107
73 71 196 948 975 976 977 2475 2477 2478 2487 2522 2523 2532 2545 2551 2552 2553 2554 2555 2556 2565 2582 2599 2602 2603 2604 2605 2610 2611 3008 3014 3021 7851 7852 7855 7856 7861 7892 7904 7905 7939 7940 7949 7950 7951 7957 7958 7959 7960 7962 7963 7981 7982 7983 7984 7985 7986 7993 7997 8210 8211 8215 8216 8217 8220 8221 8224 8225 8242 8243 8259 8264 8265
81 72 297 300 302 303 320 322 326 415 547 1795 1796 1797 1798 2017 2018 2019 2021 2022 2029 2031 2117 2124 2125 2126 2127 2128 2129 2131 2132 2133 2142 2143 2173 2174 2180 2181 2182 2183 2184 2188 2189 2208 2213 2222 2225 2228 2229 2230 2231 2233 2234 2235 2236 2237 2238 2239 2242 2245 2247 2248 2250 2256 2258 2259 2260 2262 2263 2264 2268 2276 2278 2280 2281 2282 2283 2284 2289 2290 2291 3024
36 80 91 124 9631 9632 9634 9635 9637 9647 9648 9649 9653 9656 9658 9659 9662 9663 9664 9666 9667 9668 9669 9670 9671 9675 9676 9677 9679 9680 9686 9702 9703 9704 9705 9713 9741
79 89 90 92 249 256 258 263 314 315 552 553 554 557 562 568 569 570 571 572 573 1654 1655 1661 1664 1670 1671 1673 1679 1682 1683 1684 1685 1695 1696 1743 1764 1765 1786 1788 1789 1791 2349 5114 5119 5120 5122 5123 5124 5128 5129 5131 5135 5136 5137 5138 5139 5141 5146 5147 5148 5149 5150 5152 5154 5158 5163 5166 5167 5170 5172 5173 5175 5176 5179 5186 5189 5191 5192 5193
1 98
38 99 318 372 543 550 563 566 1481 1483 1484 2330 2331 2332 2333 2334 2335 2336 2344 2346 2347 2355 2356 2358 2359 2360 2361 2362 2379 2381 2382 2385 2389 2390 2392 2401 2402 2405 2423
37 100 418 449 493 495 500 504 505 506 514 516 2444 2527 2528 3937 3938 3942 3945 3946 3960 3962 3989 3990 3993 3999 4001 4003 4007 4015 4019 4021 4022 4023 4029 4034 4035 4037
9 110 156 157 404 405 408 412 413 419
16 111 179 523 524 546 548 551 560 575 1485 1486 1531 1532 1533 2680 2681
107 113 583 586 587 1567 1575 1576 1592 1593 1594 1615 2566 2569 2570 2571 2572 2653 2657 2666 2667 2668 2908 2909 2910 2915 2916 2917 2918 2919 2920 2922 2923 2924 2926 2943 2945 2946 2947 2949 2950 2952 3565 3569 3573 3574 3576 3577 3593 3594 3596 3597 3598 3599 3601 3611 3612 3613 3615 3621 3623 3624 3626 3627 3632 3633 3634 3782 3783 3785 3786 3788 3798 3800 3825 3826 4823 4824 4825 4826 4827 4830 4831 4832 4874 4875 4890 4907 4914 4918 4920 4924 4926 4928 4929 4930 4931 4932 4933 4934 4935 4936 4953 4956 4982 4983 4984 5002
21 114 593 594 595 596 597 598 599 601 608 615 618 628 632 652 698 699 718 719 720 722
3 115 244 582
66 117 142 636 641 2676 2677 2678 3035 3038 3089 3094 3098 3101 3121 3122 3123 3124 3126 3128 3129 3130 3134 3138 3149 3150 3151 3152 3154 3191 3192 3193 3194 3196 3201 3204 3206 3207 3208 3212 3213 3216 3217 3228 3229 3230 3235 3236 3237 3309 3335 3336 3337 3339 3340 3341 3342 3345 3350 3351 3367 3368 3370 3372 3373 3374 3375
10 121 2462 2463 2464 2465 2467 2986 2987 2993 2994
45 123 434 439 3381 3402 3403 3760 3778 3781 3784 3787 3803 3804 3805 3806 3809 3816 3844 3846 3847 3850 3851 3852 3854 3855 3856 3857 4076 4077 4078 4079 4084 4085 4089 4093 4094 4097 4120 4121 4123 4124 4125 4126 4127 4131
2 129 647
156 130 135 193 497 1560 1561 1579 1580 1875 2975 2976 2982 2983 2984 2988 2997 2998 3003 3004 3006 3559 3649 3670 3671 3673 3674 3675 3677 3681 3682 3683 3685 3686 3688 3694 3695 3696 3697 3709 3710 3731 3732 3735 3736 3738 3741 3742 3743 3745 3747 3749 3753 3755 3756 3757 3758 3906 3907 3908 3911 3912 3913 9037 9038 9039 9041 9043 9049 9050 9058 9059 9061 9062 9064 9065 9083 9086 9088 9089 9090 9091 9098 9100 9143 9149 9150 9152 9183 9187 9188 9193 9208 9215 9216 9219 9221 9227 9228 9230 9237 9238 9239 9240 9243 9244 9273 9274 9276 9277 9278 9279 9280 9281 9282 9283 9284 9285 9289 9291 9304 9305 9309 9310 9311 9314 9315 9317 9319 9322 9323 9324 9325 9326 9327 9328 9329 9330 9367 9368 9371 9372 9373 9375 9376 9377 9384 9386 9392 9393 9395 9396 9397 9398 9401 9402 9403
84 136 659 660 661 2072 2078 2079 2112 2113 2116 2118 2144 2146 2150 2151 2153 2158 2159 2162 2168 2169 2171 2172 2195 2198 2200 2206 2215 2691 2706 2719 4194 4195 4196 4200 4201 4202 4206 4212 4214 4215 4219 4221 4222 4234 4236 4237 4253 4259 4260 4261 4262 4264 4265 4276 4277 4279 4280 4281 4282 4284 4286 4287 4289 4290 4291 4295 4296 4302 4303 4304 4305 4307 4308 4311 4312 4317 4319 4321 4323 4324 4326 4328 4331
46 137 662 663 675 678 681 685 696 3046 3048 4512 5028 5031 5032 5038 5039 5051 5052 5053 5055 5056 5057 5058 5060 5063 5064 5065 5108 5109 5110 5111 5112 5113 5115 5116 5121 5132 5160 5161 5197 5198 5200 5201 5203 5207 5208
41 138 145 3397 3398 3401 3405 3406 3426 3434 3436 8287 8291 8292 8294 8297 8298 8325 8326 8327 8328 8329 8330 8331 8332 8333 8340 8342 8346 8347 8349 8351 9765 9781 9782 9849 9851 9852 9854 9857 9859 9860
28 144 150 152 153 501 2445 2446 2447 2448 2516 2726 2729 2730 2731 2732 2737 2759 2760 2763 2764 2766 2767 2768 2769 2777 2778 2808 2810
32 151 705 706 707 728 758 761 807 846 847 848 850 851 854 855 863 864 867 873 874 877 884 892 1022 2452 2453 2455 2457 2459 2461 2479 2480
9 154 644 645 646 700 702 703 709 711
15 162 944 961 962 964 974 980 981 1002 1003 1013 1014 1015 2517 2518
22 175 180 541 542 1212 7709 7712 7713 7714 7715 7716 7720 7721 7724 7725 7729 7735 7736 7738 7750 7755 7756
140 186 1073 1108 1215 1216 1217 1218 1231 1233 1234 1244 1245 1246 1248 1254 1452 1466 1467 1474 1510 1511 1516 1517 1518 2544 2901 5342 5348 5349 5350 5351 5352 5353 5354 5355 5356 5359 5364 5370 5373 5375 5377 5378 5383 5384 5385 5390 5391 5393 5396 5397 5398 5420 5421 5425 5426 5428 5430 5497 5518 5520 5521 5523 5524 5525 5526 5630 5631 5632 5633 5699 5700 5701 5704 5705 5706 5708 5711 5716 5719 5720 5721 5722 5728 5731 5732 5733 5734 5739 5741 5743 5744 5745 5751 5752 5760 5763 5764 5782 5784 5785 5786 5787 5806 5810 5812 5819 5825 5829 5830 5831 5832 5833 5836 5864 5871 5873 5879 5882 5893 5901 5902 5909 5911 5916 5917 5918 5937 5938 5940 5941 5942 5944 5945 5946 5960 5978 5982 5983 5987
30 189 247 577 578 4140 4141 4142 4153 4154 4157 4159 4160 4161 4163 4165 4167 4173 4177 4179 4180 4182 4184 6136 6138 6141 6152 6153 6158 6171 6172
22 197 1490 1494 1500 1509 1976 1977 1984 1997 2295 2298 2302 2306 3549 3550 3552 3556 3557 3558 3561 3579 3580
134 198 330 331 332 373 379 509 2675 2682 2683 2685 2686 2688 2689 2690 2692 2702 2707 2713 2717 2718 2740 2741 2744 2745 2746 2747 2748 2749 2753 2757 2758 2762 2780 2781 3915 3920 3921 3922 3923 3926 3930 3965 3966 3974 3977 3979 4056 4060 4061 4065 4066 4067 4068 4070 4101 4104 4105 4109 4111 4191 4193 4197 4333 4335 4337 4340 4343 4345 4386 4387 4388 4389 4393 4394 4395 4396 4397 4398 4399 4401 4403 4407 4410 4411 4412 4460 4461 4470 4474 4475 4476 4477 4479 4492 4494 4495 4496 4498 4503 4504 4505 4506 4507 4508 4509 4511 4513 4515 4516 5004 5007 5022 5023 5024 5025 5045 5047 5050 5075 5076 5077 5078 5080 5082 5083 5084 5085 5094 5097 5098 5105 5106 5107
22 199 277 5216 5238 5240 6104 6110 6111 6112 6114 6116 6117 6118 6119 6120 6122 6123 6124 6125 6126 6134 6135
19 201 733 767 1032 1033 1067 1068 1069 1072 1181 3085 3087 3103 3104 3105 3108 3110 3112 3143
79 203 214 488 1021 1023 1027 6211 6212 6214 6215 6217 6334 6337 6338 6340 6341 6342 6346 6349 6350 6351 6352 6353 6360 6363 6364 6365 6367 6368 6369 6370 6384 6387 6388 6391 6395 6396 6397 6401 6403 6404 6407 6408 6416 6417 6418 6420 6423 6424 6425 6429 6432 6433 6434 6435 6515 6517 6524 6571 6574 6576 7150 7151 7153 7613 7614 7616 7620 7624 7633 7634 7635 7637 7638 7639 7640 7645 7646 7649
3 204 206 1298
4 215 226 899 900
28 218 1609 1610 1613 1628 1805 1807 1808 1812 2315 2323 2324 2326 2329 3063 3066 3071 6182 6183 6187 6188 6191 6192 6195 6198 6199 6206 6207
80 219 316 1306 1309 1310 1313 3524 3525 3529 5293 5294 5305 5306 5308 5310 5311 5312 5314 5316 5326 5327 5329 5331 5333 5334 5335 5344 5399 5401 5402 5789 8021 8024 8034 8039 8040 8042 8046 8047 8048 8049 8050 8051 8056 8058 8063 8064 8071 8086 8104 8108 8113 8116 8117 8120 8121 8123 8124 8126 8131 8135 8136 8137 8138 8139 8142 8143 8144 8145 8146 8157 8169 8181 8182 8183 8184 8185 8191 8193 8194
61 224 6657 6659 6660 6663 6715 6716 6718 6719 6720 6721 6724 6725 6728 6729 6730 6731 6732 6837 6839 6842 6848 6850 6852 6855 6858 6859 6860 6861 6864 6865 6894 6903 6905 6907 6909 6912 6914 6915 6918 6919 6920 6923 6928 6929 6949 6954 6956 6957 6960 7155 7157 7158 7159 7160 7165 7193 7198 7205 7206 7207
28 225 426 2844 2880 2883 2955 2956 7386 7394 7395 7396 7401 7403 7407 7408 7409 7412 7413 7442 7443 7444 7447 7448 7449 7450 7451 7455 7456
35 235 2970 2972 2974 2979 2990 3348 3349 4137 4139 4147 4151 4152 4155 4338 4339 4526 5251 5252 5256 5264 5270 5271 5275 6010 6011 6025 6026 6028 6039 6041 6043 6047 6049 6051
18 236 240 3472 6077 6089 6095 6154 6155 6156 6157 6585 6586 6587 7361 7363 7366 7367 7368
42 238 241 613 622 1320 1321 1338 1358 1366 1398 1399 6592 6596 8571 8572 8575 8576 8577 8579 8580 8581 8582 8585 8587 8592 8593 8594 8596 8647 8652 8653 8654 8655 8656 8658 8660 8662 8663 8664 8667 8670 9895
42 239 420 448 4836 4837 4839 4841 4872 4873 4877 4963 7241 7245 7246 7253 7255 7257 7258 7261 7269 7271 7273 7275 7276 7279 7280 7281 7286 7287 7291 7294 7298 7299 7302 7303 7304 7305 7306 7314 7317 7318 7319
37 243 246 1113 1116 1206 1208 1267 1268 8811 8814 8815 8816 9476 9484 9487 9488 9489 9490 9491 9492 9493 9497 9498 9499 9500 9503 9509 9512 9518 9519 9520 9521 9523 9524 9536 9539 9544
45 248 713 716 787 2622 2623 7478 7600 7658 7665 7667 7668 7670 7672 7673 7675 7677 7692 7693 7695 7696 7699 7700 7703 7704 7705 7708 7710 7739 7742 7744 7745 7746 7768 7769 7770 7780 7781 7782 7784 7785 7787 7789 7804 7820
9 250 254 499 507 627 630 631 1172 1177
69 260 1409 1410 1417 1418 1433 1435 1436 1447 1540 4972 4973 5011 5012 5016 5072 5073 5088 5214 5215 5278 5280 7831 7832 7833 7834 7835 7836 7840 7841 7846 7847 7848 7854 8012 8013 8014 8148 8149 8153 8154 8155 8160 8198 8201 8202 8204 8207 8208 8228 8284 8285 8286 8289 8290 8303 8312 8316 8318 8319 8320 8321 8322 8323 8354 8378 8382 8386 8387
26 261 268 833 834 869 7458 7459 7460 9430 9431 9445 9446 9447 9448 9455 9457 9458 9459 9460 9461 9464 9465 9472 9475 9477 9478
22 265 7470 8559 8566 8567 8568 8569 8570 8597 8598 8599 8605 8606 8609 8611 8612 8628 8631 8673 8674 8679 8682
49 269 1476 1520 1523 1527 1551 8822 8825 8826 8828 8830 8840 8841 8842 8843 8844 8846 8849 8850 8851 8854 8855 8857 8858 8859 8861 8864 8865 8866 8870 8871 8872 8873 8874 8876 8880 8881 8886 8891 8904 8905 8916 8917 8919 8920 8921 8925 8926 8932
7 272 1274 1537 1556 1557 1559 7326
4 275 276 279 1185
1 283
4 284 1583 1589 1596
16 294 308 313 383 384 399 1768 1771 1776 1777 1780 1792 1793 9835 9836 9837
25 299 609 610 614 2437 2483 2484 2498 6646 6647 8970 8972 8977 8978 8992 8993 8994 8996 8999 9000 9002 9004 9014 9015 9558
38 301 402 414 938 1019 1640 1642 1650 1657 1659 1660 1665 9610 9612 9613 9627 9629 9630 9638 9711 9712 9720 9721 9722 9737 9738 9739 9743 9745 9746 9753 9755 9756 9757 9759 9762 9763 9768
4 305 511 9872 9873
9 317 1794 1801 6745 6793 6794 6795 6797 6804
75 319 323 463 1563 1578 1581 1582 1602 1608 1612 1614 1618 1619 1704 1705 3837 3838 3861 3868 7328 7330 7331 7332 7343 7344 7345 7346 7350 7353 7356 7357 7369 7370 7371 7372 7373 7374 7377 7378 7382 7383 7384 7385 7391 7465 7474 8269 8270 8642 8643 8659 8661 8666 8669 8671 8685 8691 8692 8695 8705 8706 8707 8708 8725 8726 8728 8729 8732 8734 8735 8741 8743 9420 9422 9555
6 321 3509 3512 3513 3516 3517
31 327 328 333 334 484 486 2584 2585 8767 8768 8774 8786 8787 8797 8798 8800 8818 8819 9561 9562 9568 9569 9571 9572 9591 9593 9595 9596 9598 9599 9600
8 340 8757 8760 8761 8762 8766 8769 8771
31 342 1271 1272 1278 1280 1285 1288 3518 3519 3522 4114 4115 4116 4117 4118 4134 4135 9798 9800 9801 9808 9810 9813 9816 9817 9819 9821 9822 9823 9826 9827
42 343 347 2615 2616 8940 8942 8946 8947 8952 8953 8958 8960 8961 8962 9017 9019 9022 9033 9034 9110 9112 9120 9121 9123 9124 9134 9155 9156 9158 9159 9160 9162 9165 9166 9167 9172 9173 9174 9175 9176 9206 9212
13 344 2818 2825 2826 2830 2831 2834 3380 3382 3383 3384 3385 3386
28 346 1802 1803 1879 1885 1889 1890 1891 4372 4379 4381 4452 4453 4462 4464 4467 4468 4480 4481 4482 4484 4517 4537 4538 4540 9349 9605 9615
7 350 354 1291 1301 1319 1346 1367
16 351 2035 2051 2052 2062 2064 2065 2836 2837 2840 2841 2842 2843 2846 2849 2850
17 357 359 512 544 567 576 580 585 623 634 2953 4696 4702 4703 4705 4706 4707
6 360 513 515 517 3045 4964
18 364 2073 2075 5289 5295 5298 5299 5300 5302 5304 5307 5317 9830 9832 9833 9839 9840 9847
5 367 724 725 2287 2288
21 369 759 1945 2311 5219 5220 5222 5225 5262 5263 5265 5267 5281 5282 5283 5287 5288 5301 5318 5319 5361
15 370 1402 1458 1475 2410 2412 2414 2415 2416 2418 2419 2426 2428 2430 2431
1 371
2 374 2530
6 386 788 7006 7007 7009 7010
2 387 519
21 391 522 527 538 1042 1044 1048 1049 1055 1056 1059 1060 1062 1063 1064 1065 1489 1501 2339 2340 2587
3 392 525 531
9 400 621 3243 3245 3256 3257 3275 3277 3279
34 401 2513 2524 2526 2529 2564 2568 2576 2581 2588 2592 2598 2618 2670 9869 9880 9883 9884 9885 9887 9890 9891 9892 9893 9894 9937 9938 9942 9943 9944 9951 9953 9960 9962
14 403 625 626 629 635 762 1076 1078 2637 2638 2725 2728 2733 2789
9 406 657 2111 2121 2122 2123 6177 6178 6179
15 407 1734 1736 1742 1744 1748 1823 1842 1843 2509 2511 2512 2514 5737 5738
12 410 2639 2642 2643 2644 2649 2650 2651 2652 2655 2669 2968
11 416 417 425 428 717 3699 3704 3705 3706 3726 3767
2 427 3769
6 436 440 1873 1904 1905 1916
8 441 3050 3051 3052 3055 3056 3061 3062
7 442 3359 3361 3362 3363 3365 3366
8 443 452 653 654 656 658 1951 3173
9 450 453 4829 4835 4840 4856 4857 4860 4866
21 454 1936 1937 3881 3882 3883 3884 3887 3889 3891 3897 3900 3931 9333 9334 9336 9338 9339 9340 9341 9343
4 455 4349 4350 4352
20 459 3209 3210 3211 3222 3241 3265 3266 3267 3270 3307 3378 3388 3389 3392 3394 3395 3417 3418 3422
9 462 467 6021 6022 6306 6309 6313 6314 6325
55 464 3660 3661 3718 3725 3768 3771 3774 3776 3777 3789 3819 3820 3824 3827 3828 3830 3831 3832 3833 3834 3839 3840 6704 6808 6809 6813 6815 6816 6817 6819 6820 6822 6824 6825 6826 6828 6869 6870 6873 6876 6877 6902 6908 6921 6963 6964 6965 6966 6967 6970 6972 7230 7231 7234
7 471 1952 1953 2722 2723 2792 2796
19 476 478 1958 4424 4431 4432 4433 4434 4436 4438 4440 4442 4444 4445 4451 4528 4532 6655 6656
6 480 9439 9440 9442 9443 9444
3 482 483 2814
14 485 4047 4048 4049 4050 4051 4052 4053 4055 4064 4071 4072 4108 4188
20 487 492 813 814 4662 4665 4666 4941 4942 4943 4946 4950 4951 4952 4958 4959 4981 6543 6544 6546
7 498 510 701 704 712 2816 2894
4 508 2026 2047 2105
1 518
21 521 745 760 777 804 809 5403 5404 5405 5406 5407 5409 5413 5414 5435 5436 5437 5456 5459 5619 5621
9 526 530 579 3070 5245 5246 5247 5248 5257
17 535 2160 4544 4547 4549 4550 4552 8423 8424 8425 8433 8436 8437 8438 8440 8441 8443
2 539 819
4 540 584 820 824
19 545 832 859 3470 3480 3484 3485 3545 3547 5927 5932 5954 5955 5956 5963 5964 5967 5968 5970
13 549 2179 2185 2190 3113 3141 3984 3986 3987 3988 6019 6035 6038
17 564 868 872 883 887 1189 1190 2164 2165 2166 2167 2177 3164 3165 3197 8011 8240
4 565 729 949 951
1 574
3 591 2271 2273
16 600 984 985 2002 2636 2640 2641 2815 2817 2833 2839 2852 2862 6072 6076 6173
13 603 1016 1017 3877 3878 3879 3880 3914 3916 3953 3954 3955 3956
15 605 620 795 797 2499 2501 6176 6181 6448 6452 6453 6455 6456 6458 6491
10 611 1034 1066 1070 1091 1109 1110 3446 3450 4901
5 612 619 810 811 825
4 616 9898 9899 9900
1 624
2 633 1209
1 637
22 639 1265 1934 1935 1940 2342 2351 2352 2353 2354 2363 3607 8935 9347 9356 9357 9361 9362 9363 9364 9405 9410
2 640 4585
6 642 934 935 2471 3158 3159
10 643 1118 1119 5840 5842 5843 5844 9796 9797 9799
3 648 831 1136
16 649 2223 2224 2251 2270 2310 2313 2314 2337 2348 2368 2369 2370 2372 2387 2388
3 650 2400 8539
13 664 1187 1188 1238 1239 1240 2396 2397 2398 4848 4884 4938 4940
4 666 679 686 937
17 674 715 941 947 1296 3073 3077 3088 3170 3171 3172 3176 3177 3178 3353 3354 9918
2 695 4353
7 708 3666 3690 3714 3728 3733 3734
6 710 1112 4366 4937 4939 4961
22 721 726 727 2474 2476 3025 3026 3027 3028 3029 4186 4187 4190 4192 4199 4205 4207 4211 4248 4249 4250 4254
7 723 4327 4332 4346 6492 6493 6496
1 730
8 731 6621 6622 6623 6624 6628 6630 6633
4 735 4849 4870 4871
3 738 757 2807
5 739 841 856 6570 6575
5 742 2434 5376 5379 5392
19 749 6642 6652 6654 6688 6692 6693 6695 6699 6701 6703 6707 6709 6740 6741 6742 6744 6746 6751
19 750 751 1242 1243 1247 1252 2473 2482 2485 2488 2550 2557 2558 2559 5485 5487 5488 5490 5491
3 753 925 953
11 755 2432 2454 5529 5530 5539 5540 5546 5549 9785 9786
5 756 1687 3067 3079 3082
1 764
7 766 768 772 2109 4906 4911 4965
1 769
5 778 1004 1005 4535 4539
24 779 789 861 1347 5997 5999 6000 6001 6002 6532 6683 6684 6685 6690 6696 6712 6738 6739 6757 6758 6770 6772 6775 6776
3 783 4679 4680
6 785 798 1152 1157 2629 2634
9 792 827 3180 3183 3184 3185 3186 3187 3188
7 794 866 1348 1354 1357 5608 5609
1 796
5 801 2536 2538 2542 2561
10 805 1292 1377 1378 5652 5654 5656 5662 5664 5666
13 815 1383 1478 4980 4985 4988 4990 4992 4994 4995 7189 7191 7192
7 828 4652 4654 4656 4658 4675 4791
9 829 2562 2563 2567 9921 9922 9927 9966 9968
8 830 1525 1526 1529 5612 5622 5624 5712
2 835 836
6 837 843 7587 7590 7591 7593
9 844 1506 4356 4358 4359 4362 4415 4416 5845
1 852
7 853 3430 3431 3433 3442 3443 3444
5 857 5920 5976 5979 5988
4 858 1164 2935 2936
23 862 865 1166 1477 1482 1512 1513 4616 4618 4623 4624 5000 5003 5008 5009 6232 6256 6260 6329 6330 6331 6335 6405
11 871 878 998 1539 1541 1543 6936 6937 6961 6962 6974
8 876 4647 4648 4650 4651 4899 4905 6498
11 879 894 6978 6980 6981 7013 7014 7015 7017 7018 7021
6 880 5236 5241 5242 5259 5269
11 886 896 903 1548 1552 1586 3657 3659 3662 3665 3668
17 889 7807 7863 7864 7865 7867 7868 7874 7876 7877 7878 7880 7881 7882 7883 7884 7886
3 898 5522 5527
37 906 912 2609 2613 2619 5610 5623 5626 5636 5641 5669 5670 5671 5675 5677 6526 6535 6536 6562 6565 6578 6582 6583 6676 6678 6681 6682 6780 6785 6786 6791 6792 6800 6802 6807 6831 6843
14 908 913 2797 2799 2800 2805 2806 2863 2864 2866 7141 7145 7173 7174
2 914 1637
17 917 1555 1562 1568 1569 2887 2890 2891 2892 2898 2940 2941 2961 2963 2964 6616 6626
4 918 1241 1253 1255
7 921 3461 3469 5775 5777 5778 5795
10 924 1276 1281 7058 7059 7060 7061 7064 7065 7066
26 926 933 1028 1074 1165 1167 1171 1623 2216 2671 2673 2679 2684 2884 6977 7012 7052 7263 7324 7325 7334 7335 7336 7338 7340 7341
2 929 936
3 942 7490 7805
3 943 1145 1638
11 945 3297 3298 3299 3308 9426 9428 9429 9433 9480 9481
14 952 954 1693 1703 5773 5797 5798 5799 5800 5801 5802 5803 5804 5805
14 955 1730 1731 7596 7599 7601 7757 7758 7760 7761 7762 7766 7767 7772
9 959 5822 5824 5993 5995 6069 6070 6440 6441
14 965 1732 2393 7602 8010 8282 8283 8301 8324 8334 8341 8343 8391 8392
1 966
10 967 2624 2627 8504 8505 8506 8507 8508 8513 8514
2 970 973
8 971 979 983 7495 7498 7556 7557 7559
18 972 1012 1018 7229 7232 7233 7239 7240 7243 7244 7247 7248 7249 7251 7252 7477 8639 8640
6 978 8937 8938 8939 8943 8945
2 982 1738
13 986 1282 1290 1300 1308 1715 1717 1719 1781 1783 1824 1828 1954
17 987 1075 3190 3195 3198 3199 3220 3224 8532 8533 8746 8748 8756 8758 8773 8775 8776
13 989 1740 1746 1747 1767 1787 1813 1814 4363 4365 4373 4376 4384
7 991 1125 1129 7792 7793 7794 7796
11 992 3295 3296 4423 4429 4629 4630 4632 4633 4638 4644
9 1008 3346 3347 3352 8540 8541 8542 9997 9998
12 1011 1092 1124 1138 1148 1149 1151 1161 2094 9980 9981 9982
4 1020 1162 4792 4793
5 1024 1025 1026 3587 3589
3 1029 1867 1881
17 1030 1035 1045 1232 4804 4805 4813 4822 4843 4844 4845 4853 4855 4867 4869 4879 4881
2 1046 2134
3 1047 1944 1946
1 1071
18 1077 5233 5234 6640 6641 6643 6645 6669 6670 6674 6675 6679 6868 6871 6872 6874 6882 6883
1 1079
5 1083 1176 1400 2927 8555
7 1084 4736 4746 9984 9985 9986 9987
10 1087 2933 2937 2938 9910 9911 9928 9929 9931 9932
6 1088 1948 1956 1959 1964 1967
14 1093 1101 3606 3608 3609 3620 3622 3625 3629 3638 3648 3650 3656 3663
2 1094 1981
1 1099
5 1100 1102 1632 2204 2217
6 1103 2066 2068 2070 2404 2406
1 1105
1 1106
3 1111 1117 2275
4 1121 1178 1179 1184
19 1123 1156 2977 2978 8520 8711 8712 9250 9251 9252 9253 9256 9257 9258 9259 9262 9300 9302 9307
15 1134 1143 1153 8700 8702 8703 8820 8821 8823 9548 9549 9550 9553 9554 9556
6 1147 1544 1585 1982 6597 6598
1 1150
1 1154
6 1158 1196 1197 1203 1214 1454
11 1159 3982 3983 3998 9575 9576 9587 9601 9602 9623 9642
10 1160 1170 1983 1988 1994 1998 1999 2000 2005 2007
9 1163 1266 9772 9773 9774 9779 9788 9795 9802
5 1168 1322 1324 5347 5365
7 1169 2395 2403 2422 9761 9766 9829
5 1173 2090 2096 2098 2099
8 1174 1225 2607 2608 2617 2697 2703 9904
5 1175 1204 1207 1360 1361
2 1186 1199
3 1193 1275 1289
3 1198 1219 1237
11 1201 3864 5563 5564 5565 5573 5595 5597 5598 5599 7492
4 1205 1228 1368 1393
3 1210 1229 1235
6 1213 2534 2583 2586 2589 2594
14 1222 1326 1407 1408 1419 1430 1432 5860 5861 5862 5863 5866 5884 5885
3 1223 2082 2103
4 1230 2995 2996 2999
5 1236 1273 3287 3288 3289
3 1250 1299 1363
4 1251 5679 5680 5681
9 1264 1311 7481 7482 7485 7486 7579 7580 7583
1 1279
8 1286 3538 7140 7489 7493 7497 7612 7618
2 1293 1375
4 1294 2106 2114 2203
1 1295
3 1297 7682 7683
3 1303 1624 4418
15 1307 1406 2020 2024 2027 2028 2032 2219 2720 2734 2735 2743 2756 2765 2779
2 1312 1316
1 1315
1 1323
4 1325 1334 3572 8902
1 1327
1 1333
32 1335 4892 4893 4903 4904 4909 4910 4912 5479 5483 5484 5493 5495 5528 5542 5544 5602 5603 5605 5606 5627 5643 5659 5663 5695 5709 7227 7228 7691 7698 7701 7718
4 1336 2882 2906 2907
2 1341 2881
7 1342 1405 1641 1644 1656 3581 3583
13 1353 2274 2279 2285 7812 7813 7814 7818 7824 7828 7829 7842 7843
7 1356 5837 5838 5839 5855 5856 5859
4 1359 1364 1372 8522
3 1362 5040 5091
13 1365 1401 2303 2304 2305 2309 3032 6067 6174 6175 6208 6221 6222
2 1382 2441
4 1388 6006 6016 6017
1 1396
2 1403 3030
8 1420 1434 1437 1438 3969 4013 7689 7690
2 1427 1446
1 1428
6 1429 1440 1441 1444 1471 3872
2 1431 1470
1 1445
5 1450 3049 3053 7749 7810
7 1451 2221 2226 2886 3874 6057 6059
6 1455 6409 6410 6411 6412 6413
5 1457 2468 2469 2472 2481
3 1459 2425 3083
6 1461 2508 2929 3283 3284 3285
6 1462 1479 9483 9495 9504 9505
13 1465 1480 3452 3455 3456 3460 3464 3487 3498 9179 9180 9181 9346
7 1468 1487 1488 3505 3506 3528 3530
7 1491 1492 1493 1498 2700 4033 4038
10 1495 3155 3156 3162 3358 7860 7873 7893 7894 7895
2 1496 2957
5 1497 6933 6934 7099 7100
15 1499 1504 2960 2967 3009 3013 3169 3179 3181 3182 3189 4136 4156 4162 4224
4 1505 1514 7954 8002
4 1515 1534 5226 5227
12 1519 1553 2486 8434 8435 8447 8448 8458 8461 8478 8486 8487
6 1524 1571 3312 3315 3324 3328
3 1528 4414 4419
2 1530 3355
8 1535 3100 3102 3410 3412 3414 4448 4450
6 1536 3240 3242 3253 4040 4042
4 1538 9416 9417 9418
9 1542 1554 1564 1595 1617 5903 5904 5906 5921
9 1547 1573 1574 1577 1584 3691 8015 8017 8018
4 1549 1620 1621 2784
5 1558 1570 8232 8233 8241
2 1565 4275
8 1566 1587 1588 1591 6519 6520 6521 6537
10 1572 1590 1598 3762 3764 3765 3766 3770 3775 3779
3 1600 1622 1635
3 1603 1721 2533
6 1604 1625 4794 4800 5027 5033
20 1606 3858 3860 3862 7844 7853 7859 7896 7897 8519 8521 8536 8537 8551 8552 8558 8561 8562 8565 8574
