73 0 1 5 7 8 10 32 33 35 37 40 41 43 44 45 46 53 54 57 61 62 64 67 68 69 70 73 74 75 192 195 203 204 205 213 214 217 220 221 222 223 224 342 343 344 345 348 349 350 352 353 357 358 361 363 364 368 377 378 384 388 390 392 393 395 396 401 402 403 407 408 409 411
40 2 4 6 80 81 82 84 90 91 92 94 95 103 134 136 144 145 151 154 158 159 160 162 163 164 165 167 168 169 170 171 172 175 176 177 178 181 230 232 233
35 3 9 11 12 150 153 174 179 182 183 186 245 248 249 253 257 258 260 265 295 296 300 302 308 311 312 314 315 321 330 331 333 334 335 341
74 13 14 16 17 21 23 24 418 423 428 429 430 433 434 435 441 442 452 455 469 472 473 476 477 478 481 482 483 484 485 492 494 497 504 505 506 509 511 564 568 576 577 578 880 881 885 892 904 907 911 913 914 918 923 928 929 930 931 932 935 936 939 940 951 961 962 963 964 965 968 970 971 972 973
16 15 18 113 120 271 272 273 274 278 280 281 282 580 581 587 592
80 19 39 52 106 110 111 112 114 127 535 536 537 988 990 1012 1013 1020 1021 1022 1027 1325 1326 1327 1343 1347 1362 1365 1366 1368 1370 1372 1383 1386 1387 1388 1390 1393 1414 1415 1416 1418 1419 1421 1422 1423 1425 1426 1428 1442 1443 1447 1450 1453 1455 1457 1460 1462 1463 1467 1471 1472 1473 1483 1484 1488 1491 1492 1493 1494 1495 1496 1497 1502 1503 1522 1621 1624 1625 1626 1627
225 20 269 270 287 293 313 316 322 323 324 362 606 607 608 615 616 626 627 628 629 630 631 632 633 636 637 703 704 705 706 707 708 716 717 737 739 740 741 742 746 747 748 749 750 751 755 756 759 762 772 773 774 782 784 785 786 789 790 791 792 794 795 796 816 817 818 858 860 864 865 866 868 869 1050 1051 1052 1054 1055 1056 1059 1060 1061 1068 1070 1071 1139 1140 1141 1142 1143 1144 1145 1146 1147 1150 1156 1157 1158 1159 1163 1164 1166 1167 1168 1169 1173 1175 1176 1178 1180 1181 1183 1187 1188 1191 1192 1193 1194 1195 1196 1197 1198 1199 2090 2091 2092 2093 2096 2097 2098 2099 2108 2112 2113 2114 2118 2120 2121 2122 2123 2124 2126 2127 2128 2129 2130 2136 2137 2138 2139 2140 2141 2142 2143 2151 2156 2157 2165 2166 2167 2168 2170 2183 2186 2187 2189 2203 2204 2208 2210 2214 2219 2222 2223 2225 2226 2229 2231 2233 2234 2235 2238 2239 2240 2244 2245 2252 2253 2255 2256 2257 2258 2259 2261 2272 2276 2277 2278 2280 2281 2284 2287 2289 2290 2293 2294 2298 2299 2300 2302 2303 2304 2305 2306 2313 2314 2316 2319 2325 2326 2328 2335 2336 2337 2338
70 22 25 369 370 371 812 813 815 819 8029 8030 8032 8045 8053 8054 8055 8056 8066 8068 8079 8081 8086 8094 8097 8098 8102 8103 8104 8107 8108 8109 8112 8125 8126 8127 8136 8137 8140 8147 8149 8150 8151 8504 8505 8506 8509 8510 8513 8514 8539 8559 8571 8574 8584 8585 8586 8587 8588 8589 8597 8598 8599 8600 8603 8605 8606 8613 8614 8616 8618
54 26 27 29 129 256 259 261 263 266 267 291 292 294 297 317 373 374 381 382 399 451 514 518 1072 1076 1077 1082 1084 1095 1098 1099 1131 1132 1133 1134 1135 1136 1212 2404 2408 2409 2410 2411 2412 2413 2414 2415 2416 2418 2419 2424 2426 2435 2436
33 28 126 1945 1954 1974 1976 1977 1987 1988 1990 2023 2024 2025 2041 2049 2050 2052 2053 2054 2064 2065 2067 2402 2403 2420 2437 2452 2453 2456 2472 2473 2475 2480
18 30 31 534 538 540 542 555 557 559 560 561 672 677 689 690 691 692 697
36 34 36 38 78 79 623 624 2773 2780 2781 2792 2795 2796 2799 2801 2802 2803 2804 2811 2812 2822 2823 2824 2828 2832 2833 2834 2847 2848 2860 2861 2862 2875 2876 2878 2879
72 42 47 877 893 895 898 937 1110 1116 1118 1119 1127 1128 1130 1137 1152 1153 1204 1206 1207 1208 1210 1213 1214 1216 1219 1220 1221 1222 1223 1228 1231 1235 1249 1250 1251 1256 1257 1259 1260 1261 1262 1265 1266 1269 1270 1276 1277 1281 1286 1292 1293 1294 1296 1297 1302 1305 1306 1308 1310 1312 1313 1320 1323 1434 1435 1436 1437 1438 1439 1444 1445
54 48 104 128 130 131 132 135 138 139 148 189 197 521 524 525 526 527 529 532 539 544 545 546 547 1579 1580 1593 1597 1599 1600 1601 1637 3177 3178 3194 3195 3198 3199 3200 3202 3203 3204 3205 3207 3209 3210 3211 3212 3213 3214 3216 3218 3231 3232
225 49 55 99 119 1666 1667 1668 1669 1671 1672 1694 1696 1700 1701 1704 1705 1724 1729 1731 1735 1736 1737 1738 1762 1764 1765 1767 1769 1770 1771 1772 1773 1806 1807 1808 1809 1810 1811 1814 1817 1818 1819 1821 1822 1823 1829 1832 1834 1838 1840 1841 1842 1844 1846 1847 1852 1853 1854 1856 1857 1861 1862 1863 1864 1874 1875 1882 1883 1884 1886 1888 1889 1890 1894 1897 1898 1899 1900 1903 1904 1906 1908 1909 1910 1915 1917 1918 1919 1923 1924 1925 1926 1928 2352 2353 2354 2355 2359 2361 2364 2366 2369 2370 2375 2376 2462 2463 2464 2469 2470 2476 2481 2505 2539 2544 2572 2574 2575 2576 2577 2578 2579 2581 2584 2585 2602 2608 2609 2610 2614 2616 2618 2628 2638 2643 2645 2648 2649 2650 2655 2658 2660 2661 3233 3234 3235 3236 3237 3239 3240 3241 3242 3245 3246 3251 3252 3253 3256 3257 3259 3260 3262 3263 3265 3266 3267 3269 3272 3273 3274 3276 3286 3288 3289 3290 3292 3293 3299 3300 3303 3304 3306 3307 3311 3318 3321 3323 3324 3325 3329 3336 3338 3347 3348 3349 3350 3351 3359 3360 3361 3362 3363 3364 3366 3374 3382 3383 3384 3385 3386 6451 6453 6455 6458 6460 6462 6467 6468 6472 6473 6474 6475 6476 6477 6479
13 50 562 586 588 589 590 591 596 597 599 639 640 647
67 51 58 140 142 458 658 660 661 820 821 824 1568 1569 1572 1573 1574 1575 1576 1633 1642 1643 1644 1645 1649 1653 1787 1788 1789 1790 1791 2683 2684 2685 2688 2690 2691 2707 2711 2713 2714 2718 2720 2721 2727 2733 2735 2736 2737 2753 2754 2755 2756 2757 2763 2766 2768 2769 2770 2771 2775 2776 2910 2911 2930 2931 2935 2936
39 56 188 194 198 212 2945 2947 2952 3461 3462 3463 3465 3468 3472 3514 3515 3516 3517 3531 3734 3754 3756 3757 3758 3769 4613 4616 4617 4620 4621 4624 4632 4633 4636 4637 4638 4640 4641 4644
94 60 72 226 229 231 234 240 1248 1252 1273 1285 1287 1339 1340 1341 1342 1344 1345 2964 2965 2966 2968 2984 2985 2986 2987 2990 3003 3004 3012 3019 3020 3021 4810 4825 4827 4848 4851 4852 4853 4858 4859 4861 4863 4864 4865 4867 4868 4869 4870 4871 5152 5153 5154 5155 5156 5157 5159 5160 5161 5180 5183 5184 5198 5199 5202 5204 5216 5221 5222 5225 5229 5232 5236 5239 5243 5261 5262 5263 5264 5267 5269 5423 5424 5425 5428 5430 5431 5436 5437 5442 5443 5445 5453
1 63
80 65 955 959 986 989 991 993 994 995 997 998 1000 1001 1658 1664 1665 3935 3946 3947 3957 3986 3987 3988 3992 3993 4006 4007 4009 4010 4012 4013 4018 4020 4043 4044 4046 4047 4048 4049 4050 4051 4055 4061 4069 4070 4074 4076 4077 4078 4079 4081 4084 4085 4086 4093 4094 4095 4096 4097 4138 4140 4143 4145 4147 4148 4151 4152 4153 4154 4156 4158 4159 4161 4166 4167 4169 4170 4171 5000 5002
35 66 241 242 498 503 3038 3058 3060 3061 3062 3067 3069 3070 3071 3129 3130 3132 3138 3149 3150 3151 3152 3153 3154 3162 3165 3168 3172 3173 3390 3393 3394 3396 3398 3399
15 71 97 254 290 301 306 307 319 320 325 365 366 445 446 447
10 76 122 450 453 848 849 3438 3441 3443 3444
10 77 805 808 810 811 823 847 862 863 870
31 83 117 123 124 6223 6224 6226 6227 6228 6230 6231 6232 6233 6235 6237 6238 6239 6240 6270 6273 6280 6283 6284 6285 6286 6287 6290 6297 6298 6300 6301
1 85
84 86 228 238 243 244 460 461 464 873 874 875 876 944 953 3458 3460 3464 3470 3471 3473 3474 3491 3492 3493 3497 3508 3509 3512 3513 3518 3519 3520 3521 3525 3529 3530 3590 3591 3598 3599 3601 3618 3620 3621 3622 3623 3624 3632 3633 3641 3644 3645 3647 3648 3649 3675 3676 3677 3678 3680 3684 3685 3686 3688 3697 3701 3702 3703 3704 3705 3706 3712 3724 3726 3739 3745 3746 3747 3751 3762 3763 3765 3766 3767
5 87 88 1005 1006 1185
13 89 96 326 424 486 1243 1244 1267 1268 4344 4345 4346 4347
2 93 98
29 100 490 513 515 517 1511 1512 1513 1514 1517 1520 1521 1524 1526 1529 1539 1540 2073 2078 2080 2083 2085 2086 2087 2101 2102 2105 2495 2497
95 101 380 385 387 400 404 405 406 416 417 420 422 426 1561 1566 1567 1578 1582 1609 1610 1613 1616 1631 1634 1685 1709 1710 1712 1713 1714 3128 3131 3135 3159 3417 3418 3419 3429 3431 3432 3434 3439 3440 3442 3445 3448 3449 3450 3452 3453 3454 3457 3539 3540 3820 3821 3823 3825 3826 4965 5012 5013 5016 5017 5021 5055 5056 5057 5058 5059 5060 5063 5064 5066 5067 5068 5069 5070 5073 5074 5075 5076 5083 5085 5086 5087 5096 5097 5098 5100 5102 5103 5104 5105 5107
63 102 105 1739 3829 3865 3868 3901 4579 4581 4582 4583 4584 4586 4592 4594 4745 4746 4763 4765 4766 4767 4792 4796 4797 4798 4800 4801 4802 4803 4804 4805 4806 4815 4816 4828 4829 4830 4831 4832 4872 4874 4875 4909 4910 4911 4912 4914 4916 9365 9366 9367 9369 9371 9372 9374 9383 9402 9411 9412 9413 9414 9417 9418
95 107 141 143 156 157 372 725 797 801 802 827 954 975 977 4311 4312 4314 4315 4316 4317 4318 4319 4320 4328 4330 4332 4338 4339 4360 4367 4396 4397 4398 4399 4400 4401 4403 4406 4407 4409 4424 4427 4431 4432 4433 4434 4435 4438 4439 4442 4443 4445 4452 4453 4454 4455 4456 4457 4458 4459 4471 4475 4480 4481 4482 4483 4486 4488 4491 4494 4495 4496 4500 4503 4504 4506 4507 4508 4510 4526 4528 4537 4543 4544 4545 4547 4548 4552 4559 4563 4570 4571 4573 4575 4576
25 108 118 651 1753 1754 1757 1760 1761 1763 1777 1779 1780 1783 1784 1785 1786 1793 6402 6403 6407 6408 6409 6411 6412 6413
123 109 211 585 600 618 669 676 678 679 680 687 688 693 698 699 1331 1332 1338 1353 1357 1400 1401 1404 1798 1930 1943 1957 1968 1970 1973 1991 4691 4692 4694 4695 4698 4711 4713 4714 4771 4937 4939 4941 4944 4945 4946 4953 4955 4957 4958 4959 4968 4981 5007 5348 5351 5352 5353 5354 5355 5356 5359 5365 5469 5472 5473 5531 5535 5536 5537 5538 5544 5546 5547 5550 5552 5553 5554 5557 5558 5563 5565 5566 5567 5573 5574 5575 5579 5584 5585 5586 5588 5589 5590 5594 5596 5597 5600 5601 5602 5605 5608 5609 5624 5627 5630 5635 5648 5649 5651 5652 5654 5655 5656 5658 5659 5661 5668 5669 5670 5671 5673 5674
70 115 227 235 2178 2179 2180 2193 2194 2195 2197 2271 2330 2331 2332 2333 2334 2339 2342 2343 2345 2546 2547 2548 2554 2555 2556 3903 3904 3905 3911 3912 3913 5930 5937 5942 5943 5945 5947 5949 5950 5966 5967 5968 5969 5971 5972 5974 5976 5977 5984 5986 5988 9568 9571 9572 9573 9578 9583 9584 9585 9587 9589 9590 9591 9592 9593 9594 9595 9599 9600
142 116 218 1803 1804 1805 1812 1929 1931 1932 1933 1934 1935 1936 1938 1939 2002 2003 2004 2005 2006 2007 3921 3922 3923 3927 3930 3966 3968 3969 3970 4107 4108 4109 4110 4113 4118 4119 4121 4134 4135 4206 4207 4208 4213 4215 4216 4217 4220 4222 4225 4229 4231 4232 4235 5873 5874 5875 5876 5877 5879 5881 5882 5887 5888 5890 5892 5897 5992 5997 5998 6001 6002 6009 6011 6012 6047 6054 6056 6057 6058 6063 6064 6065 6951 6952 7016 7017 7022 7023 7028 7029 7030 7031 7032 7034 7038 7039 7040 7043 7045 7046 7050 7062 7064 7066 7080 7081 7083 7093 7096 7097 7098 7100 7128 7130 7131 7132 7133 7134 7354 7356 7357 7360 7361 7362 7460 8684 8685 8689 8690 8694 9656 9657 9670 9671 9675 9676 9677 9678 9679 9696 9697
76 121 2667 2679 2680 2682 2692 2693 2695 2696 2702 2726 2739 2741 2742 2743 2745 2746 2747 2748 2749 2805 2806 2808 2809 5641 5642 5646 5647 5657 5684 5687 5691 5692 5693 5694 5695 5701 5702 5714 5715 5717 5718 5720 5722 5729 5731 5739 5740 5741 5742 5743 5747 5761 5766 5769 5770 5771 5773 5774 5784 5785 5791 5793 5795 5796 5797 5798 5799 5800 5802 5803 5805 5820 5821 5822 5823
4 125 246 710 711
14 133 247 487 488 946 5375 5393 5397 5398 6115 6116 6121 8391 8392
65 137 1300 1304 1314 1330 1333 2161 2162 2164 2175 2176 2188 2191 2192 2212 2213 4906 4907 4908 4921 4922 4923 5327 5328 5331 5338 5340 5363 5370 5371 5372 5389 5391 5405 5406 5408 5412 5415 5417 5422 5439 5440 5444 5454 5455 5456 5457 5458 5462 5463 5464 5467 5470 6136 6138 6139 6147 6149 6161 6184 6192 6193 6205 6206 6207
26 146 1378 1482 1485 1486 2599 2601 2604 2605 2639 2641 2668 6212 6213 6214 6215 6216 7475 7476 7478 7487 7488 7489 7490 7491 7492
29 147 149 1715 1716 2563 2564 2565 6302 6303 6305 6326 6327 6328 6329 6330 6331 6332 6334 6337 6341 6344 6345 6347 6348 6349 6355 6357 6358 6371
11 152 155 948 1552 1555 1556 1557 1560 1562 1563 1635
15 161 255 653 656 657 1047 1049 1057 1066 1067 1069 1078 1394 1446 2810
3 166 2978 2994
17 173 180 700 715 719 720 723 1639 1640 1675 1676 1681 1682 2106 2117 2348 2349
62 184 185 196 2885 2886 2893 2896 2905 2920 2921 2922 2923 2924 2926 3029 3030 3032 3045 3066 3076 3077 3081 3084 3104 3106 6447 6481 6482 6486 6487 6488 6489 6501 6502 6505 6508 6512 6520 6521 6525 6534 6556 6557 6558 6564 6579 6586 6587 6593 6597 6598 6601 6603 6604 6607 6608 6609 6610 6611 6612 6613 6614
114 187 190 200 252 277 6674 6675 6676 6680 6705 6706 6708 6709 6710 6711 6715 6716 6717 6720 6721 6723 6725 6729 6730 6748 6750 6751 6756 6757 6762 6773 6774 6782 6789 6791 6792 6796 6797 6799 6801 6808 6809 6810 7185 7186 7187 7283 7285 7287 7295 7296 7297 7298 7301 7306 7314 7325 7328 7329 7330 7332 7351 7352 7355 7358 7359 7363 7365 7374 7375 7377 7378 7379 7380 7381 7382 7383 7384 7385 7389 7390 7391 7393 7396 7412 7413 7418 7419 7420 7422 7533 7635 7637 7638 7639 7640 7642 7643 7644 7652 8715 8716 8720 8723 8724 8725 8726 8727 8728 8729 8737 8739 8751 8753
43 191 201 738 743 744 760 761 949 950 3120 6820 6821 6831 6837 6842 6911 6914 6915 6917 6931 6932 6942 6959 6960 6985 6986 6990 6991 6992 6993 6994 6995 6996 6998 7002 7059 7060 7061 7063 7993 7994 7995 7996
31 193 467 3047 3051 3053 3107 8016 8017 8018 8019 8020 8023 8025 8026 8027 8028 8033 8034 8036 8037 8477 8478 8479 8482 8483 8484 8487 8499 8501 8632 8636
2 199 283
41 202 7135 7136 7137 7146 7153 8647 8653 8654 8655 8658 8662 8665 8666 8667 8672 8674 8678 8679 8680 8683 8704 8707 8709 8710 8712 8759 8760 8762 8765 8766 8767 8771 9441 9442 9443 9444 9472 9475 9476 9478
34 206 1721 1734 1740 1741 1746 1747 1750 1751 1752 1755 1802 1813 1815 1966 1997 2063 2566 2568 2586 2587 7190 7191 7192 7204 7205 7206 7209 7212 7213 7215 8890 8891 8909
15 207 208 209 215 219 285 727 1106 7765 7766 7767 7768 7770 7771 7774
37 210 443 448 3544 3545 3546 3548 3551 3552 3556 3557 3559 3571 3572 3577 3578 3587 3588 3615 3617 3629 3631 3635 3636 3637 3643 3646 3650 3654 3655 3797 3798 3801 3804 3806 3807 3810
42 216 237 465 468 471 799 800 804 806 3126 3127 3139 3140 3176 3181 3183 3185 3186 3188 8847 8848 8851 8852 8860 8861 8863 8864 8865 8867 8868 8869 8870 8871 8873 8874 8875 8877 8882 8884 8885 8886 8887
28 225 479 480 3816 3985 4103 4123 4125 4126 4127 4136 4137 4141 4144 4146 4160 4172 4173 4174 4175 4176 4177 4179 4182 4183 4185 4187 4188
28 236 250 268 840 855 871 897 1837 1839 1845 1859 2814 4242 4245 4253 4262 4266 4267 4270 4297 4302 4304 4306 4307 4308 4310 4325 4329
18 239 327 328 329 1023 1030 1031 1994 1995 2066 2068 2070 2072 2526 2527 2528 9938 9941
28 251 2972 2999 3981 3989 3991 3994 3998 4098 4100 4102 4189 4190 4191 4195 4196 4587 4588 4590 4609 4645 4647 4649 4650 4651 4665 4666 4678
34 262 3415 3416 3422 8012 8013 8014 8015 8039 8040 8041 8047 8048 8051 8052 8057 8058 8069 8074 8075 8078 8080 8083 8085 8087 8092 8162 8163 8172 8173 8174 8187 8189 8194
40 264 579 2020 2021 2026 2028 2030 2032 2035 2037 2038 2039 2040 2042 2043 2077 2088 3369 3478 3483 3484 3485 3487 3489 3498 3536 3537 3541 3542 3608 3609 3610 3611 3612 3613 3660 3661 3700 3707 3708
48 275 276 284 1835 1836 1850 2014 2015 2016 9013 9021 9023 9035 9036 9058 9059 9061 9066 9067 9068 9069 9078 9079 9080 9087 9088 9094 9119 9121 9122 9125 9127 9132 9134 9141 9142 9145 9146 9147 9149 9153 9156 9157 9158 9159 9160 9162 9163
42 279 1033 1038 1040 1041 2383 2591 2592 2594 6935 6936 6937 6939 6941 6943 6956 6957 6969 6980 6981 6983 6984 7003 7005 7006 7007 7008 7172 7173 7174 7178 7182 7183 7184 7195 7196 7197 7216 7217 7218 7220 7234
4 286 288 305 519
22 289 298 2445 2454 2595 2596 2642 2647 2653 2654 2657 2663 2674 2676 2818 2819 2844 3811 3812 3814 3817 3818
2 299 582
36 303 584 594 603 622 1534 2391 2393 2836 2837 2840 2841 2842 2845 2849 2850 5918 5919 5920 5923 5924 5927 5935 5936 5959 5960 6266 6417 6420 6427 6428 6429 6432 6439 6440 6441
65 304 310 495 1080 1081 1085 1089 1090 1102 1103 1108 3114 3115 3121 3122 3134 3137 3142 3145 3146 3147 3157 5504 5505 5506 5507 5910 5911 5912 5913 5915 6040 6071 6072 6078 6082 6083 6086 6102 6103 6106 6126 6128 6129 6131 6134 6141 6150 6151 6152 6154 6155 6156 6157 6619 6621 6625 9540 9541 9542 9546 9549 9551 9554 9556
23 309 332 336 337 642 644 645 732 3827 3828 3831 3832 3833 3834 3836 3837 3842 3847 3849 3851 3852 3856 3857
17 318 662 664 667 668 2399 2400 4680 4732 4733 4780 4783 4785 4786 4788 4789 9724
42 338 339 549 1109 1111 1112 3312 3313 3315 3327 3343 3355 5118 5119 5120 5122 5126 5128 5129 5130 5131 5132 5133 5134 5135 5138 5139 5144 5145 5147 5148 5150 5151 5164 5170 5171 5172 5173 5205 5206 5207 5208
33 340 5482 5483 5484 5485 5489 5493 5495 5496 5497 5498 5500 5501 5508 5509 5510 5511 5512 5513 6648 6649 6653 6654 6659 6663 7278 7279 7280 7282 7292 7294 7499 7502
38 346 2856 3372 3379 3381 7870 7873 7878 7879 7880 7881 7883 7884 7886 9423 9426 9432 9435 9436 9437 9439 9440 9445 9446 9447 9448 9449 9452 9650 9811 9813 9816 9817 9818 9824 9825 9826 9827
5 347 3401 3404 5637 5638
12 351 2960 2962 3859 3870 8244 8255 8256 8257 8258 8262 8265
13 354 942 3872 5778 5779 6818 6859 6860 6861 6862 6864 6865 7917
22 355 1203 1209 4885 4887 4889 4891 4892 4893 4894 4898 4899 4930 4931 4932 4961 5038 5041 5042 7251 7252 7264
39 356 367 724 726 728 1448 1449 4201 4202 4211 4236 4237 4730 4731 4738 4739 4740 4741 4834 4835 4837 4844 4845 4849 4883 4884 4992 4993 4995 5117 5121 5125 5142 5165 5182 5185 5187 5192 5193
33 359 463 1217 1224 1241 1242 1246 1278 1279 3795 3802 3815 3819 3824 3844 3845 3853 3861 3878 3879 3881 3882 3883 3884 3885 3886 3889 3891 3893 3900 3934 3938 4585
56 360 391 457 466 510 543 2459 2460 2487 5848 5850 5851 8362 8363 8365 8366 8367 8368 8369 8370 8373 8374 8375 8377 8378 8379 8385 9748 9842 9843 9846 9854 9856 9857 9859 9867 9871 9872 9873 9875 9888 9889 9890 9891 9892 9893 9897 9900 9902 9906 9907 9908 9909 9910 9911 9918
29 375 376 646 1182 1186 1189 1190 1280 1282 1283 1288 5312 5314 5316 5326 5329 5339 5366 5376 5377 5378 5380 5476 5477 5479 5514 5518 5527 7456
21 379 734 735 3221 3229 3238 3243 3247 3248 3282 3357 3408 3409 3410 3411 3412 3413 3575 3576 3579 3580
4 383 397 398 1298
16 386 835 836 6032 6034 6036 6037 6038 7810 7811 7812 7813 7815 7816 7817 8465
15 389 394 551 552 553 554 556 6265 6267 6268 6274 6276 6277 6279 9481
19 410 2510 4683 6210 6217 7515 7517 7524 7538 7539 7541 7543 7544 7547 7549 7551 7578 7583 7593
78 412 659 665 670 671 673 745 753 764 7621 7622 7627 7647 7660 7661 7665 7680 7681 7684 7693 7695 7696 7697 7729 7777 7779 7781 7782 7783 7788 7797 7803 7804 7807 7819 7822 7823 7826 7827 7829 7830 7831 7835 7838 7839 8819 8820 8821 8823 8824 8826 8827 8828 8829 8831 8832 8833 8834 8835 8836 8840 8841 8842 8843 8844 8845 8888 8894 8895 8912 8913 8914 8916 8919 8921 8927 8928 8932
13 413 530 533 681 682 684 685 686 765 2590 2593 2632 2719
4 414 1045 1079 7887
17 415 5908 5914 5916 5917 5922 5938 5939 5940 5941 5944 5946 5956 5980 6003 6004 6014
1 419
11 421 425 432 437 512 769 6416 6418 6419 6421 6422
5 427 5032 6569 6617 6627
14 431 520 2398 4394 4395 4402 4404 4449 4466 4467 4468 4606 4652 4659
12 436 438 1373 1375 5035 5036 5039 5050 8954 8955 8958 8959
16 439 7895 7901 7902 7905 7913 7914 7915 7916 7918 7919 7920 7921 7942 7945 7947
19 440 1291 1381 2874 2880 2901 9946 9949 9952 9953 9962 9970 9971 9989 9990 9992 9993 9994 9995
2 444 1363
3 449 841 845
11 454 1464 6691 6693 6694 6732 9188 9251 9252 9254 9255
29 456 474 475 846 850 851 853 2532 9256 9257 9258 9259 9267 9268 9269 9270 9272 9275 9276 9281 9282 9284 9285 9294 9295 9296 9344 9345 9346
3 459 4035 4037
38 462 489 491 9713 9714 9716 9717 9721 9722 9731 9733 9734 9735 9736 9737 9738 9739 9743 9744 9752 9753 9754 9756 9757 9758 9759 9760 9761 9762 9764 9765 9788 9789 9790 9791 9792 9794 9799
1 470
2 493 496
4 499 523 528 531
35 500 1406 1409 1432 2941 2944 2953 5780 6388 6389 6392 6393 6394 6448 6456 6459 6461 6464 6465 6681 6682 6683 6684 6685 6687 6689 6690 6695 6700 6704 6766 6767 6768 6785 6787
15 501 6867 6976 6977 6978 6982 6987 7009 7011 7013 7014 7015 7018 7020 7021
14 502 550 558 565 570 572 575 5868 5869 5871 5878 5883 5884 5885
4 507 1010 7992 7997
6 508 1466 1468 1474 5031 5033
40 516 7067 7112 7113 7126 7129 7141 7164 7425 7426 7427 7428 7443 7444 7446 7452 7461 7469 7474 7843 7958 7959 7965 8272 8277 8278 8280 8281 8282 8283 8285 8286 8287 8289 8290 8339 8340 8341 8342 8351
3 522 767 2957
16 541 566 7514 7521 8421 8422 8424 8425 8426 8429 8431 8432 8433 8441 8442 8443
7 548 569 635 903 952 956 960
17 563 573 8241 8242 8245 8246 8247 8273 8274 8276 8293 8294 8296 8297 8299 8300 8311
14 567 787 5852 5853 5857 5858 5859 8457 8459 8460 8461 8462 8467 8470
22 571 583 1479 4292 4294 4296 4379 4380 7597 7598 7599 7602 7605 7606 7607 7608 9480 9498 9499 9500 9504 9505
7 574 8642 8643 8659 8668 8669 8670
15 593 601 602 604 1487 1490 1499 1501 2959 8935 8936 8938 8939 8940 8941
7 595 1516 1519 1530 1531 1532 1533
16 598 605 610 614 5034 5109 5110 6021 6022 7610 7611 7612 7613 7614 7615 7649
6 609 828 3589 8797 8798 8799
17 611 982 985 1515 1528 1796 1800 6029 8951 8953 8981 9005 9007 9009 9011 9012 9015
5 612 613 1239 1240 1690
7 617 7707 7708 7710 7712 7713 7722
7 619 702 709 798 829 1867 1868
7 620 733 1545 1546 3717 6175 6179
26 621 6187 6191 6194 6209 6249 6252 6253 6255 6257 6258 6259 6307 6308 7704 7705 8230 8231 8232 8233 8236 9323 9326 9328 9329 9330
31 625 634 5865 5866 5902 5904 5906 5907 8389 8390 8396 8397 8398 8399 8400 8401 8403 8405 8408 8409 9419 9422 9559 9560 9562 9563 9574 9603 9605 9606 9607
6 638 9197 9198 9201 9203 9204
1 641
8 643 832 915 916 924 927 933 966
10 648 830 1349 1351 1507 1583 5194 5209 5210 5211
18 649 1650 1655 9207 9208 9242 9243 9244 9334 9336 9338 9339 9340 9341 9347 9356 9357 9358
73 650 2148 2158 2163 2169 2172 3022 3780 3783 3784 3785 3789 3932 3933 3956 9359 9361 9362 9363 9370 9375 9376 9377 9379 9386 9392 9393 9394 9396 9397 9399 9401 9406 9408 9409 9433 9456 9457 9458 9459 9461 9462 9463 9624 9627 9628 9629 9630 9631 9653 9655 9660 9663 9688 9690 9691 9711 9712 9718 9719 9720 9728 9729 9732 9742 9745 9746 9771 9772 9773 9774 9785 9786
19 652 6742 6744 6747 6752 6754 6759 6775 6781 6783 9840 9925 9926 9928 9930 9931 9933 9934 9969
2 654 655
7 663 675 695 4391 4392 4405 4516
41 666 674 718 833 856 7724 7725 7731 8420 8437 8444 8480 8485 8502 8503 8507 8512 8517 8518 8519 8520 8537 8538 8541 8543 8545 8546 8547 8549 8550 8553 8556 8558 8562 8563 8570 8578 8579 8580 8581 8583
18 683 1004 1009 1011 1015 9095 9096 9097 9101 9104 9105 9107 9108 9135 9137 9171 9191 9192
1 694
1 696
14 701 712 3098 6333 6363 6364 6365 6366 6555 6571 6578 6581 6583 6633
5 713 1019 3602 3667 3668
24 714 7888 7889 7890 7891 7892 7929 7930 9515 9516 9525 9531 9532 9539 9565 9566 9609 9611 9616 9619 9620 9622 9623 9643
4 721 729 1101 2388
1 722
1 730
9 731 7749 7752 7754 7790 7793 7794 7795 7796
6 736 754 5276 7948 7950 7951
13 752 4042 5292 5295 5297 5300 5834 5837 5838 5840 5841 5843 5844
3 757 2939 2942
6 758 1234 2438 3023 4670 4682
6 763 1870 1872 1876 1901 2441
12 766 771 779 781 979 980 984 1113 1114 1358 1361 7246
17 768 776 3025 3026 3028 3033 3034 3040 3043 3046 3055 3056 3063 3065 3068 3091 3092
10 770 3997 3999 4002 4008 6816 6817 6819 6822 6823
25 775 1584 1592 1602 1605 2835 2846 2851 2852 2853 2854 2857 2859 2863 2864 2865 5303 5304 5305 6972 8320 8322 8323 8352 8353
26 777 1002 1074 1093 1100 1104 1107 3562 3563 3566 3585 3592 3593 3960 3965 4024 4031 4033 4038 5710 5807 5809 8794 8795 8803 8816
10 778 857 6180 6208 6219 6236 6241 6248 6735 6737
2 780 788
6 783 4777 4778 4784 4787 4791
3 793 859 6673
10 803 1606 1657 1659 1660 1661 1674 1679 1684 1993
5 807 2508 2512 2513 2514
7 809 7497 7503 7506 7525 7526 7527
5 814 6874 6876 6877 6881
10 822 861 1117 1608 1611 1719 1781 1795 1797 1801
1 825
5 826 4991 4996 4997 4998
6 831 1138 1149 1155 4383 4384
5 834 1641 1646 4273 4274
29 837 839 842 1941 1947 7051 7053 7057 7166 7980 7981 7982 7983 7984 7985 7986 7989 7990 7998 8003 8004 8005 8006 8007 8010 8175 8177 8179 8180
4 838 1115 8773 8774
1 843
10 844 1274 2963 2967 2982 2998 3016 3017 3100 3101
1 852
6 854 867 2531 2533 7849 7850
10 872 974 1126 1129 6885 6886 6894 6895 6896 6898
3 878 912 2215
3 879 883 889
1 882
2 884 1648
14 886 906 908 917 1459 1475 5286 5318 5319 5400 5403 5404 5409 5432
30 887 1912 4572 4725 4813 4817 4819 4903 4905 7334 7335 7336 7337 7338 7339 7405 7406 7407 7408 7409 7410 7411 7485 7486 7494 7495 7531 7532 7552 7553
18 888 967 2439 2440 2442 2443 5831 5832 5833 5854 5855 5860 5863 5867 5880 5893 6046 6051
10 890 4385 4388 4389 4463 5636 5640 5679 5680 5681
1 891
2 894 7856
6 896 899 901 1018 6087 6090
1 900
15 902 921 3169 3170 3171 3174 3175 3189 3223 3690 3693 3694 3695 3699 6637
7 905 1951 6641 6657 6658 6660 7934
9 909 1170 1232 4718 4719 4734 4736 4742 4775
4 910 919 922 1315
5 920 1476 2490 2788 2789
13 925 941 996 1037 1042 1046 1952 1953 5111 5260 5265 5272 5273
5 926 934 938 1816 1820
3 943 1202 4600
10 945 2820 2821 2825 2830 2831 5308 5310 5311 5317
7 947 1647 1662 1691 1692 1693 1697
2 957 969
9 958 2001 2009 2010 2017 2019 2027 2034 2103
7 976 2269 8222 8223 8224 8229 8240
12 978 9469 9471 9473 9489 9491 9493 9509 9511 9522 9523 9802
5 981 1902 4664 7937 7938
15 983 7423 7433 7448 7449 7450 7453 7867 7868 7939 7952 7954 7972 8359 8360
4 987 1236 1253 1263
4 992 2917 2918 2925
3 999 2145 2149
11 1003 1317 1322 1328 5819 8206 8207 8208 8253 8254 8268
2 1007 1289
5 1008 3505 3507 3511 3522
9 1014 1024 1025 1048 1053 1058 2489 2491 8195
15 1016 1064 1073 2486 6367 6369 6372 6378 6379 6381 6383 6387 6399 6401 6480
4 1017 6733 6829 6833
17 1026 3596 3723 3729 8329 8330 8331 8333 8344 8354 8358 8364 8371 8372 8380 8415 8416
3 1028 1087 2493
6 1029 1441 1456 2265 2266 2268
3 1032 1395 1397
9 1034 1427 1458 1588 1590 1591 4022 4363 4364
6 1035 1039 1092 1334 3902 3906
9 1036 1063 1959 1961 1963 1965 1969 1971 1975
2 1043 2915
6 1044 1504 1828 2461 5003 5029
23 1062 1075 3941 3942 3944 3948 8419 8472 8473 8494 8495 8496 8521 8533 8970 8971 8972 8973 8975 8985 9082 9306 9307
12 1065 3871 3873 3874 5281 5282 5283 5288 5302 5306 5321 5386
13 1083 1215 1411 1412 1417 1424 1429 1430 1431 1461 1509 8630 8631
3 1086 5824 7270
2 1088 2291
15 1091 1505 1506 5399 5447 5459 8641 8648 8673 8676 8733 8734 8735 8775 8776
2 1094 1543
11 1096 1346 2483 7699 7700 7702 7703 7711 8637 8777 9353
5 1097 1537 2503 6905 6909
1 1105
2 1120 1367
3 1121 1380 1385
6 1122 1913 1914 1955 4016 4254
10 1123 1125 1148 1160 1200 4250 4251 4252 4255 7555
4 1124 1161 2520 2530
15 1151 1329 1389 1538 7863 7865 7866 7874 7897 8188 8591 8592 8593 8595 8596
1 1154
3 1162 6788 6798
5 1165 1201 4350 4351 4354
11 1171 1636 2000 2011 2012 2018 2033 2060 2071 2076 2119
11 1172 1542 1544 1553 1554 1558 1565 3446 3475 3955 3962
3 1174 1348 1350
1 1177
2 1179 1184
2 1205 1211
10 1218 1379 2815 2816 5529 5530 5532 5533 5542 5543
12 1225 2723 2724 2725 2730 2750 3971 3975 3976 4017 4021 4026
8 1226 1403 2538 2545 7776 7780 7840 7841
1 1227
9 1229 1233 1510 6933 6934 6963 6964 6973 6974
10 1230 3193 3201 3206 5756 5757 5758 5783 5786 5787
1 1237
21 1238 1356 7556 7560 7561 7562 8135 8155 8157 8183 8184 8186 8199 8248 8249 8263 8279 8288 8291 8301 8314
2 1245 1255
2 1247 1254
3 1258 1364 1369
12 1264 1290 1570 8623 8624 8625 8626 8628 8635 8748 8790 8792
4 1271 1272 2250 8846
6 1275 1299 1360 1465 1477 1607
4 1284 4348 4349 4352
1 1295
6 1303 1703 8755 8769 8772 9828
4 1307 1581 2790 2791
3 1309 1614 1615
8 1311 8812 8813 8818 8902 9312 9317 9320
1 1316
32 1318 8929 8934 8943 8944 8946 8947 8960 8961 8962 9231 9233 9235 9236 9237 9247 9248 9249 9250 9260 9261 9263 9264 9278 9287 9289 9292 9304 9305 9351 9352 9354
19 1319 1708 1720 2798 2817 2867 2868 2869 2884 9213 9214 9228 9239 9308 9309 9310 9315 9316 9388
12 1321 1759 1774 1887 2485 2502 2509 2522 2524 2525 2559 9999
3 1324 5278 5284
8 1335 4519 4523 4524 4525 4527 4529 4532
5 1336 3018 3031 3373 3375
4 1337 9831 9833 9837
2 1352 2623
8 1354 1440 1603 1617 5744 5745 5811 5812
4 1355 4382 4410 4411
17 1359 1371 1702 5611 5613 5614 5620 5705 5706 5708 5709 8780 8787 8789 9963 9965 9996
7 1374 9901 9960 9961 9966 9967 9968
3 1376 3737 4381
4 1377 1384 6535 6537
3 1382 2274 2275
4 1391 3103 3108 3112
4 1392 2794 2797 2807
1 1396
5 1398 1402 1827 7657 7659
1 1399
5 1405 1866 2279 2286 2296
9 1407 1408 1410 1413 3117 3118 3119 3124 3141
4 1420 1623 3160 3161
2 1433 1718
3 1451 1907 1911
2 1452 1958
1 1454
9 1469 2621 7302 8130 8131 8134 8138 8166 8167
1 1470
4 1478 9803 9804 9805
8 1480 3228 3258 3264 3270 6314 6585 6588
2 1481 9003
2 1489 1978
4 1498 2062 2154 2160
8 1500 9807 9809 9815 9822 9823 9830 9838
1 1508
1 1518
2 1523 4512
7 1525 1722 4591 4596 4661 4662 4663
1 1527
2 1535 2308
7 1536 2401 2407 3573 3581 3582 3583
5 1541 1630 1964 1980 1982
2 1547 1686
5 1548 1833 1848 2900 2904
6 1549 1726 2898 4929 4935 4936
1 1550
1 1551
1 1559
9 1564 1799 2036 2044 2048 2055 2056 2057 2059
8 1571 3190 3191 3192 3215 3220 3225 3226
8 1577 1585 2201 2202 2206 2671 2677 2678
2 1586 8805
6 1587 1589 2232 2242 2246 3308
1 1594
5 1595 1604 1612 1620 1727
1 1596
4 1598 3332 3333 3334
2 1618 2249
14 1619 5051 5052 5053 5061 6097 6098 6100 6113 6117 6118 6261 6262 6269
3 1622 1749 2273
1 1628
1 1629
4 1632 3281 3283 3285
1 1638
1 1651
3 1652 4515 4517
4 1654 3731 3732 4275
12 1656 4541 4542 4549 4564 4565 4567 4577 4578 4602 4607 4608
2 1663 6631
6 1670 1673 2929 3673 7603 7604
5 1677 1680 2321 3777 3779
1 1678
3 1683 1733 5392
