174 0 4 5 6 11 12 14 15 16 17 18 26 27 28 30 31 37 42 43 44 50 51 53 54 55 56 59 64 65 71 72 75 416 417 418 421 424 430 436 437 438 439 454 456 457 458 464 471 473 475 477 478 483 484 486 491 492 494 495 502 503 537 749 750 752 761 762 767 768 769 782 783 788 805 807 808 813 814 826 828 830 832 834 835 836 840 841 842 844 845 5046 5047 5049 5050 5056 5058 5059 5061 5063 5064 5065 5068 5069 5071 5072 5073 5075 5076 5080 5083 5085 5092 5111 5114 5116 5117 5118 5119 5121 5122 5123 5124 5126 5129 5130 5131 5133 5134 5135 5138 5139 5141 5142 5144 5146 5147 5148 5149 5150 5154 5155 5157 5159 5160 5161 5181 5182 5183 5184 5192 5197 5198 5201 5202 5203 5204 5213 5214 5216 5229 5230 5232 5242 5243 5244 5245 5246 5247 5248 5250 5251 5252 5254 5255
4 1 20 95 98
36 2 7 35 36 38 39 40 41 122 126 1668 1669 1670 1671 1672 1675 1676 1677 1679 1681 1682 1692 1695 1696 1697 1706 1708 1709 1710 1715 1716 1729 1737 1738 1776 1778
24 3 8 47 142 144 145 146 152 154 156 157 158 162 164 165 166 196 200 202 228 230 231 232 233
133 9 34 45 46 49 52 67 68 69 70 73 77 209 210 214 215 216 217 224 240 243 244 246 252 253 257 258 259 262 268 270 271 272 280 281 282 302 304 306 307 309 310 313 314 315 317 321 327 328 329 334 335 336 337 339 340 365 366 369 370 371 513 514 515 516 528 530 532 533 534 535 536 538 539 542 544 545 546 547 598 599 601 602 603 604 605 606 607 634 635 637 646 649 655 684 686 687 688 689 690 691 692 696 701 702 703 706 707 709 710 711 2201 2202 2203 2206 2207 2209 2210 2217 8913 8914 8915 8918 8927 8928 8940 8949 8950 8951 8952 8953 8963 8964
27 10 83 84 88 104 109 110 111 112 114 129 177 178 182 183 184 186 197 256 260 290 291 292 297 325 331 341
96 13 19 89 90 91 96 99 102 103 554 555 557 559 561 571 572 574 644 645 659 662 664 667 668 672 673 676 678 679 680 681 682 683 693 695 725 727 732 733 735 737 771 772 774 781 784 785 786 791 792 793 795 796 894 903 906 907 909 913 918 919 920 921 926 927 928 930 931 932 952 953 1108 1117 1121 1122 1124 1125 1126 1127 1128 1130 1131 1132 1133 1134 1135 1137 1138 1139 1140 1141 1142 1144 1147 1152 1154
24 21 22 24 860 861 863 865 866 868 869 1087 1091 1093 1094 1096 1101 1103 1106 1169 1173 1174 1175 1176 1177
51 23 25 357 358 361 372 380 381 382 385 386 393 396 399 400 403 406 407 414 445 446 447 2734 2735 2736 2737 2758 2759 2761 2763 2767 2768 2769 2770 2771 2772 2773 2782 2783 2788 2789 2812 2818 2823 2824 2826 2829 2844 2846 2848 2879
242 29 353 354 355 376 377 378 548 549 551 552 553 556 872 873 874 875 877 878 879 880 884 885 888 890 891 954 955 956 957 958 959 965 966 1027 1258 1261 1263 1265 1269 1270 1297 1301 1302 1303 1304 1305 1313 1317 1318 1323 1336 1337 1346 1350 1351 1355 1357 1362 1367 1484 1581 1582 1585 1587 1588 1589 1590 1591 1602 1605 1606 1608 1609 1610 1613 1616 1619 1621 1622 1623 1625 1626 1634 1636 1638 1639 1640 1645 1656 1667 1683 1684 1689 1690 1833 1834 1835 1836 1839 1840 1842 1843 1844 1845 1848 1850 1857 1859 1864 1885 1887 1891 1894 1895 1896 1898 1899 1900 1903 1911 2402 2404 2408 2409 2410 2411 2413 2420 2424 2426 2427 2428 2429 2430 2432 2434 2445 2448 2473 2474 2476 2487 2492 2493 2542 2545 2551 2552 2553 2556 2557 2558 2561 3920 3926 3929 3930 3932 3933 3955 3957 3969 3977 3979 3986 3987 3988 3994 3996 4003 4004 4005 4009 4011 4012 4018 4019 4022 4023 4026 4037 9276 9280 9281 9282 9283 9284 9285 9287 9290 9291 9295 9299 9303 9304 9305 9311 9317 9319 9321 9322 9323 9324 9325 9327 9328 9329 9330 9363 9364 9369 9378 9379 9383 9394 9395 9397 9398 9399 9404 9412 9418 9471 9474 9475 9476 9485 9487 9488 9489 9490 9492 9493 9495 9496 9497 9499 9500 9503 9509 9510
102 32 48 82 86 105 521 523 524 525 526 527 540 541 543 567 576 577 578 1981 2006 2011 2012 2013 2015 2017 2018 2019 2020 2022 2023 2025 2027 2029 2031 2045 2050 2051 2052 2053 2054 2060 2061 2062 2063 2065 2072 2073 2074 2075 2076 2077 2079 2092 2093 2103 5800 5801 5802 5803 5806 5810 5811 5812 5820 5826 5827 5830 5831 5832 5833 5835 5836 5846 5847 5848 5850 5851 5870 5880 5881 5882 5886 5887 5890 5892 5893 5896 5897 5900 5901 5902 5905 5911 5912 5913 5914 5915 5920 5925 5928 5952 5953
53 33 58 117 125 133 136 137 226 237 245 248 255 264 285 342 346 512 518 1044 1045 1046 1047 1048 1049 1050 1052 1055 1056 1059 1060 1061 1064 1065 1070 1072 1079 1165 1166 1167 1172 1178 1179 1180 1183 1186 1187 1188 1190 1194 1197 1199 4774 4775
22 57 116 131 140 141 143 163 167 168 169 175 176 397 401 487 488 489 490 504 507 562 582
62 60 61 74 78 79 583 584 586 587 594 596 597 609 610 611 613 614 803 811 815 820 821 822 825 1233 1234 1238 1239 1241 1242 1243 1244 1245 1248 1249 1250 1251 1253 1255 1386 1387 1388 1391 1395 1396 1399 1423 1425 1426 1429 1430 1431 1432 1433 1434 1435 1440 1441 1442 1443 1444 1445
106 62 80 81 87 97 206 459 588 617 980 981 984 986 988 995 997 1000 1002 1003 1006 1008 1010 1032 1033 1034 1037 1038 1039 1040 1042 1043 1073 1080 1081 1082 1085 1110 1159 1163 1184 1229 1231 1235 1956 1957 1960 1961 1962 1967 1970 1971 1973 1975 2003 2004 2005 2009 2010 2026 2034 2035 2037 2038 2039 2041 2109 2116 2117 2120 2121 2124 2125 2128 2129 2131 2138 2139 2140 2141 2142 2144 2146 2147 2148 2149 6445 6446 6448 6449 6450 6451 6452 6453 6457 6458 6471 6473 6474 6475 6476 6480 6481 6483 6484 6489 6491
1 63
11 66 348 352 356 373 379 415 837 839 843 973
4 76 106 113 697
1 85
71 92 170 171 173 174 188 189 194 195 971 974 976 993 994 998 1011 1013 1015 1406 1407 1408 1409 1419 1420 1421 1422 1424 1427 1446 1448 1450 1451 1453 1458 1459 1460 1461 1463 1466 1467 1469 1473 1762 1767 1770 1771 1773 2188 2189 2192 2193 2195 2197 2220 2221 2223 2224 2227 2231 2233 2237 2238 2239 2240 2245 2246 2248 2254 2347 2349 4087
5 93 101 218 1031 1185
32 94 100 221 222 345 349 799 800 802 827 848 849 2272 2273 2275 2276 2277 2278 2279 2281 2282 2293 2294 2296 3083 3093 3096 3097 3098 3101 3140 3143
50 107 118 622 745 746 747 753 754 1208 1213 1217 1218 1219 1221 1224 1252 1257 1259 1264 1267 1268 3747 3748 4823 4824 4825 4826 4839 4845 4846 4851 4854 4856 4860 4861 4865 4866 4905 4907 4911 4920 4922 4923 4935 4936 4945 4946 4947 4954 4962
47 108 115 263 351 858 859 1277 1282 1283 1284 1286 1293 1295 1493 1496 1498 1499 1501 1502 1505 1506 1515 1516 1518 1527 1531 1533 2331 2333 2334 2335 2336 2340 2343 2344 2345 2354 2356 2358 2359 2360 2384 2385 2489 2490 2491 2497
26 119 2664 2665 2666 2667 2692 2695 2697 2703 2724 2727 2729 2740 2742 2749 2887 2889 2891 2893 2896 2902 2921 2922 2923 2926 2936
59 120 1549 1551 2320 2323 2324 2326 2330 2332 2337 2339 2342 2364 2368 2369 2372 2374 2378 2379 2380 2613 2614 2616 2617 2622 2623 2950 2952 3275 3276 3279 3846 3848 3851 3852 3854 3856 3857 4217 4218 4222 4227 4228 4231 4232 4233 4234 4235 4336 4343 4344 4346 4348 4349 4350 4351 4352 4358 4361
26 121 1780 1781 1783 1785 1786 1800 1808 1809 1810 1811 1817 1818 1819 1820 1882 1883 1884 1902 1913 1914 1915 1918 1919 1920 1921
162 123 301 316 1017 1310 1311 1316 1475 1524 1525 1528 1529 1547 1548 1552 1562 1565 1566 1567 1568 1569 1575 1576 1578 1580 1745 1746 1747 1750 1751 1752 1753 1755 1756 1757 1758 1759 1760 1761 1764 1765 1779 1784 1787 1788 1789 1792 1794 1797 1798 1931 1940 1941 1945 1946 3333 3334 3335 3337 3342 3343 3346 3347 3348 3349 3354 3363 3364 3366 3455 3456 3457 3461 3462 3463 3465 3466 3470 3472 3481 3486 3487 3488 3489 3492 3493 3501 3502 3505 3506 3507 3509 3511 3512 3513 3514 3517 4460 4461 4472 4474 4475 4476 4477 4479 4485 4496 4498 4508 4511 4512 4615 4620 4624 4626 4627 4628 4629 4630 4632 4633 4634 4635 4638 4640 4641 4642 4643 4678 6900 6908 6910 6911 6915 6917 6919 6920 6924 6925 6926 6930 6933 6934 6942 6962 6967 6969 6978 6980 6981 6983 6984 6986 6991 6992 6994 6995 6997 7001 7002 7007 7010
1 124
18 127 2268 2307 2312 2313 2315 2318 2319 2375 2376 2386 2942 3185 3187 3188 3569 3572 3580
45 128 130 132 138 139 461 466 467 1865 1866 1870 1871 1873 1876 1877 1922 1928 2528 4696 4701 4702 4709 4710 4711 4712 4749 4752 4756 4760 4761 4763 4765 4766 4767 4778 4781 4786 4787 4788 4789 6882 6884 6890 6892 6898
45 134 148 755 758 760 765 899 900 7073 7076 7077 7079 7082 7084 7085 7086 7088 7089 7128 7137 7138 7139 7140 7145 7152 7164 7178 7196 7197 7198 7202 7204 7206 7213 7214 7215 7858 7860 7861 7864 7866 7868 7874 7884 7887
71 135 198 298 1029 1062 1063 1067 1068 1069 1075 1162 1330 1331 1383 1392 1398 1401 1402 1404 2151 2152 2153 2157 2946 2948 2949 2954 2955 2957 3656 3657 3658 3663 3678 3681 3682 3683 3684 3687 3692 3693 3694 3695 3696 3697 3707 3709 3710 3713 3714 3715 3716 3717 3725 3726 3730 3731 3732 3733 3734 3772 3773 3778 3779 3797 3798 3799 3802 3803 3806 3808
39 147 151 1536 1538 1807 1812 1826 1827 1958 1968 1976 1977 1985 1986 1990 3000 3002 3020 3022 3034 3035 3039 3040 3041 3042 3043 3044 3045 3053 3063 3064 3065 3067 3072 3075 3076 3077 3081 3082
88 149 1999 2000 2001 2002 2056 2057 2059 2594 2991 2998 3003 3004 3007 3011 3012 3016 3017 3047 3050 3051 3052 3056 3058 3061 3068 3074 3161 3211 3212 3213 3215 3216 3217 3219 3223 3225 3226 3235 3236 3237 3250 3252 3253 3254 3255 3258 3259 3260 3261 3268 3269 3273 3274 3287 3290 3292 3293 3295 3296 3297 3298 3300 3301 3302 3303 3304 3306 3308 3321 3322 3323 3324 3325 3326 3328 3332 3339 3341 3345 3418 3425 3426 3433 3437 3438 3443 3444
65 150 185 191 192 2175 2176 2177 2179 2180 2181 2183 2184 2190 2214 2258 2259 2261 2520 2523 3811 3812 3816 3834 3835 3837 3839 3842 3861 3863 3865 3867 3868 3869 3870 3877 3878 3879 3880 3882 3883 3884 3886 3887 3888 3889 3890 3892 3894 3895 3897 3899 3900 3905 3908 3910 3912 3914 3915 3919 3922 3923 3924 3931 4057 4058
23 153 426 2534 2535 2536 2539 2540 2546 2547 2548 2554 2555 2562 2564 2565 4113 4117 4118 4119 4120 4121 4127 4131
42 155 619 620 621 2457 2458 2459 2460 2465 2467 3535 3536 3537 3538 3540 4111 4162 4163 4164 4166 4167 4169 4170 4171 4965 4975 4976 4978 5973 5974 5979 5982 5986 5994 5996 5997 5998 6000 6001 6002 6016 6017
112 159 160 2401 2403 2405 2529 2530 3527 3553 3554 3637 3640 3642 4416 4428 4430 4431 4435 4437 4459 4471 4480 4481 4482 4487 4488 4491 4492 4493 4494 4495 4497 4499 4515 4517 4532 4545 4548 4566 4567 4568 4570 4577 4578 4579 4582 4583 4584 4586 4592 4600 4605 5441 5442 5443 5445 5446 5447 5450 5452 5454 5455 5456 5457 5458 5460 5461 5462 5463 5464 5467 5468 5472 5473 5499 5502 5503 5504 5505 5508 5509 5510 5511 5513 5554 5555 5556 5557 5558 5560 5564 5565 5571 5581 5583 5584 5586 5622 5623 5632 5633 5649 5663 5665 5667 5699 5700 5701 5702 5704 5706 5707
48 161 199 204 207 208 211 468 469 2397 2398 2508 2511 2514 2566 2571 2573 2574 2575 2581 2590 2591 2592 2595 2596 2601 2602 2605 2608 2609 2610 2620 2646 2648 2649 2650 2651 2652 2653 2654 2655 2660 2671 2672 2673 2674 2676 2679 2681
159 172 3129 3130 3131 3134 3135 3136 3137 3139 3141 3152 3157 4090 4093 4094 4095 4097 4200 4201 4203 4205 4206 4209 4216 4229 4237 4263 4266 4269 4270 4272 4273 4274 4289 4291 4298 4299 4301 4302 4303 4304 4305 4308 4311 4313 4316 4318 4319 4326 4366 4371 4374 4377 4378 4380 4384 4392 4393 4394 4396 4397 4398 4399 4400 4403 4413 4414 4418 5347 5348 5349 5350 5351 5352 5353 5354 5355 5356 5357 5358 5363 5369 5370 5371 5372 5389 5397 5400 5401 5403 5404 5405 5406 5407 5408 5409 5412 5414 5416 5419 5426 5427 5432 5755 5759 5762 5765 5770 5771 5772 5773 5784 5785 5795 6053 6054 6055 6087 6088 6313 6314 6316 6324 6336 6337 6339 6341 6342 6345 6347 6348 6349 6353 6357 6358 6360 6378 6379 6380 6381 6384 6385 6386 6388 6390 6391 6393 6394 6397 6402 6403 6404 6428 6429 6433 6435 6438 6439 6441
13 179 640 2496 2499 2502 2503 2524 2525 2527 2533 2625 2626 2634
54 180 482 485 2635 2636 2637 2638 2686 2687 2688 2710 2712 2803 2804 3559 3566 3577 3581 3582 3583 3589 3598 3599 3602 3603 3605 3609 3610 3611 3612 3613 3619 3620 3621 3623 3624 3636 3638 3649 3737 3744 3746 3749 3756 3757 3758 4177 4178 4180 4182 4183 4186 4187 4188
6 181 3209 3210 3214 3357 3375
19 187 190 213 324 623 624 6796 6797 6807 6808 6809 6811 6814 6815 6816 6817 6818 6834 6835
7 193 441 1739 4609 4613 4637 4644
57 201 669 715 716 717 2800 2801 2809 4692 4693 4703 4705 4713 4716 4717 4719 4720 4723 4724 4725 4746 4768 4769 4770 4772 4801 4802 4803 4804 4805 4806 4816 4877 4890 4902 4908 4924 4925 4928 4938 4939 4971 4983 4984 5006 5007 5262 5263 5264 5265 5266 5267 5269 6085 6086 6089 6090
39 203 235 2920 2924 2927 2939 2940 2941 2943 2945 2959 4063 4680 4688 5010 5011 5018 5019 5038 5039 5051 5052 5053 5054 6247 6250 6251 6259 6263 6265 6266 6281 6286 6289 6294 6295 6297 6300 6301
18 205 2976 3160 3162 3164 3165 3166 3167 3168 3177 3178 3183 3184 3189 3196 3384 3385 3386
46 212 5288 5291 5292 5293 5294 5297 5300 5305 5309 5310 5311 5312 5313 5314 5315 5316 5319 5321 5324 5325 5326 5327 5328 5330 5333 5334 5335 5337 5381 5434 5436 5437 5474 5475 5476 5477 5480 5483 5484 5487 5491 5538 5639 5640 5644
24 219 239 274 387 391 404 408 409 410 1577 1579 1583 2722 2723 2739 2750 2755 2757 2784 2787 2794 2797 2798 2810
24 220 223 275 276 277 6118 6123 6124 6127 6134 6137 6138 6142 6143 6146 6150 6151 6152 6153 6154 6155 6156 6157 6164
27 225 300 326 729 738 739 740 741 742 852 6065 6540 6542 6635 6637 6653 6656 6723 6724 6725 6726 6729 6730 7017 7018 7020 7021
21 227 229 234 452 455 2842 2843 2845 2849 2850 6097 6101 6107 6109 6168 6169 6185 6187 6189 6214 6216
151 236 238 254 563 565 569 570 575 3173 4073 4074 4075 4083 4084 4085 4086 4099 4102 4105 4133 4140 4141 4142 4143 4144 4145 4148 4151 4152 4153 4154 4161 4165 4168 4172 4173 4190 4191 4192 4193 4194 4195 4196 4276 4278 4279 4280 4281 4282 4283 4286 4292 4293 4294 4295 4296 4330 4332 4337 4449 4451 4455 4457 4458 4462 4518 4539 6773 6774 6779 6780 6783 6847 6849 6850 6852 6854 6855 6869 6870 6876 6877 6879 6880 6923 6943 6949 6955 7025 7026 7027 7028 7029 7032 7034 7043 7046 7048 7051 7052 7055 7057 7060 7061 7062 7064 7070 7091 7092 7096 7097 7098 7105 7107 7181 7188 7189 7192 7226 7229 7230 7231 7233 7235 7236 7240 7243 7244 7245 7246 7251 7252 7267 7270 7286 7287 7292 7293 7295 7297 7298 7299 7300 7301 7309 7310 7313 7314 7315 7501 7502
25 241 643 698 699 1825 1828 1831 1832 1858 1860 1862 1863 1867 1880 1881 3446 3447 3544 3547 3759 3761 3764 3765 3766 3767
12 242 1741 1743 1803 1816 1821 1823 1929 1930 3876 6308 6405
3 247 721 722
77 249 330 332 343 344 2858 2859 2860 2861 2863 2864 2866 3826 9012 9014 9015 9035 9036 9042 9044 9046 9047 9048 9050 9051 9053 9054 9055 9056 9057 9061 9062 9067 9069 9071 9074 9075 9076 9077 9082 9084 9086 9089 9090 9092 9093 9095 9096 9098 9102 9104 9106 9107 9108 9112 9120 9121 9123 9125 9126 9128 9129 9130 9131 9132 9134 9135 9137 9139 9141 9142 9145 9146 9148 9151 9152 9163
27 250 261 278 451 4072 4076 4078 4079 4080 4081 4103 4107 4108 4239 4240 4242 4247 4248 4250 4251 4252 4253 4255 4259 4260 4261 4275
11 251 3202 4671 4672 4673 4674 5276 5279 5281 5282 5284
2 265 7319
2 266 283
43 267 1275 1276 1278 1279 2880 2901 7382 7383 7385 7386 7394 7395 7396 7402 7403 7406 7407 7408 7409 7411 7419 7420 7423 7424 7438 7440 7459 7462 7463 7480 7485 7486 7496 7497 7498 7508 7513 7514 7518 7525 7526 7527
17 269 1507 1509 3103 3104 3105 3108 3110 3113 3119 3120 7541 7542 7543 7544 7554 7555
3 273 279 870
16 284 1325 1326 1328 1959 1963 1984 1991 7567 7569 7570 7573 7574 7575 7576 7577
21 286 287 4558 4565 4572 4589 4590 4663 4995 5270 5271 5287 5295 5296 5298 5301 5304 5307 5308 5318 5320
45 288 289 293 1994 1995 2263 2264 4033 4035 4038 4049 4050 4051 4056 4064 4067 4069 4071 4082 4091 4092 4106 4110 4114 4115 4116 4124 4126 4130 4132 4135 6442 6560 6561 7629 7630 7631 7634 7639 7640 7643 7644 7647 7648 7649
9 294 303 797 1019 2218 2226 2229 2244 2249
28 295 296 2840 2841 2851 2852 2853 2854 2855 2856 2874 2875 2918 2919 2928 2929 2930 2931 2933 2934 2972 2974 2978 3401 3403 7682 7685 7688
2 299 592
131 305 479 480 5731 5734 5744 5745 5748 5749 5750 5797 5798 5799 5813 5874 5876 5877 6558 6562 6563 6564 6578 6579 6583 6608 6609 6610 6611 6616 6617 6621 6623 6625 7979 7980 7981 7982 7984 7985 7986 7987 7988 7990 7991 8000 8001 8002 8005 8007 8010 8012 8013 8014 8021 8022 8023 8024 8030 8032 8033 8034 8036 8039 8040 8043 8049 8050 8051 8052 8053 8054 8064 8066 8072 8073 8074 8075 8079 8084 8123 8124 8125 8126 8127 8131 8133 8141 8142 8143 8145 8146 8164 8166 8167 8185 8188 8192 8197 8199 8206 8207 8209 8216 8220 8221 8222 8224 8225 8819 8838 8839 8842 8844 8847 8855 8857 8860 8864 8865 8866 8868 8869 8877 8881 8883 8884 8885 8886 8887 9572 9577
18 308 320 322 383 384 442 4443 4450 4537 4542 4543 4544 4549 4551 4553 4554 4555 4556
16 311 350 363 427 5526 6096 6098 6103 6179 8978 9000 9001 9008 9010 9011 9018
81 312 3770 3771 3774 3777 3781 3784 3785 3788 3790 3791 3795 3801 3809 3830 3831 3832 3833 3836 3841 3963 3972 3973 3984 3985 5726 5729 6703 6704 6714 6715 6716 6717 6746 6747 6748 6749 6753 6755 7807 7810 7817 7839 7953 7954 7959 7962 7964 7967 7969 7970 7973 7976 7977 8048 8083 8085 8086 8087 8089 8092 8169 8171 8172 8173 8177 8178 8179 8219 8232 8233 8237 8238 8239 8240 8357 8358 8360 9548 9550 9558
49 318 628 636 639 744 829 882 5970 9193 9200 9201 9208 9214 9216 9217 9220 9221 9223 9224 9225 9228 9229 9230 9235 9237 9239 9244 9262 9272 9278 9286 9288 9289 9292 9296 9545 9546 9547 9552 9554 9555 9813 9814 9815 9819 9823 9824 9826 9827
22 319 392 429 431 433 898 2287 2289 2291 9864 9865 9873 9898 9899 9901 9902 9903 9908 9909 9910 9911 9918
36 323 434 440 854 855 892 5714 5715 5966 5967 5968 5971 5981 6009 6018 6019 6023 6026 6034 6036 6037 6039 6042 6043 6057 6058 6066 6072 6074 7598 7600 7666 7667 7668 7669 7690
16 333 338 402 420 443 448 6547 6548 6549 6551 6552 6555 6567 6568 6574 6575
33 347 4029 4032 4039 4046 4047 4048 4055 4059 4138 6084 6092 6093 6095 6113 6114 6117 6120 6133 8568 8569 8570 8573 8574 8604 8605 8606 8623 8624 8625 8626 8631 9786
15 359 462 465 472 476 481 893 895 896 897 1722 1732 1740 1742 1766
2 360 470
5 362 9955 9956 9957 9958
25 364 1329 1332 1476 1477 1480 1485 1489 1490 1491 1495 1520 1521 1523 1629 6229 6230 6231 6232 6233 6234 6236 6238 6240 9604
40 367 766 770 2453 2454 5096 5098 5100 5101 6183 6184 6661 6666 6667 6677 6679 6680 7798 7800 7801 7836 7840 7846 7848 7851 7852 7855 7856 7892 7894 7896 7897 7898 7902 7915 7918 7919 7921 8391 8392
4 368 6195 6196 6202
31 374 2869 2871 3085 3086 3088 3125 3144 3145 3146 3151 3154 5055 5067 5087 5093 5094 5102 5103 5106 5108 5162 5165 5166 5167 5169 5172 5188 5189 5190 5211
4 375 394 493 496
47 388 902 908 910 912 936 6682 6687 6688 6732 7533 9593 9595 9597 9609 9610 9613 9617 9618 9619 9623 9631 9633 9652 9655 9657 9661 9672 9677 9678 9679 9693 9712 9720 9722 9725 9726 9727 9728 9732 9733 9734 9736 9737 9739 9740 9741
15 389 390 6765 6766 6767 6768 6770 6771 6785 6786 6791 6792 6793 6800 6804
19 395 398 935 1016 1018 2469 2470 2471 2714 2717 2718 5519 5520 5522 5523 5527 7366 7367 7368
9 405 412 509 6218 6219 6222 6244 6245 6246
1 411
3 413 497 6271
1 419
3 422 453 6371
10 423 3280 3281 3282 3309 3310 3311 6205 6206 6207
31 425 499 501 6519 6520 6523 6524 6760 6805 6820 6821 6958 6975 6976 6977 6982 6987 7005 7011 7012 7013 7015 7016 7019 7049 8785 8786 8787 8788 8789 8799
12 428 510 520 1952 1953 2100 2101 2102 3378 3380 3381 7747
16 432 500 951 7347 7349 7351 7352 7353 7355 7356 7357 7369 7370 7371 7558 7559
10 435 508 963 3389 3391 3392 3393 3396 3398 3399
14 444 967 1203 1205 1207 1211 7561 7562 7563 7579 7580 7581 7583 7593
4 449 775 787 6422
4 450 460 498 519
13 463 1271 1272 1306 1319 1324 2064 2066 2068 2080 2082 2083 2084
14 474 505 1112 3414 3415 3417 3420 3421 7719 7721 7722 9992 9993 9995
21 506 2257 6633 7743 7744 7746 7754 7772 8408 8412 8422 8423 8424 8425 8426 8428 8432 8433 8440 8442 8443
40 511 8818 8826 8827 8829 8831 8833 8835 8836 8895 8921 8922 8929 8965 8966 8968 8969 8970 8971 8972 8975 8979 8983 8984 8989 8991 8992 8993 8994 9003 9073 9078 9079 9080 9185 9187 9189 9190 9191 9192
5 517 6507 6508 6510 6513
32 522 550 560 589 591 1342 1343 2105 7741 8482 8484 8488 8489 8490 8491 8493 8494 8497 8501 8518 8519 8520 8524 8525 8532 8534 8541 8543 8544 8545 8547 8548
14 529 700 914 937 7779 7780 7781 7782 7783 7784 7785 7786 7794 7796
1 531
11 558 566 7725 7727 7729 8242 8244 8245 8247 8264 8265
41 564 625 627 629 630 631 1700 1701 1702 2114 2119 8272 8339 8341 8342 8353 8381 8382 8390 8396 8397 8399 8400 8401 8402 8650 8651 8652 8653 8654 8655 8659 8660 8673 8674 8677 8678 8679 8680 8681 8682
7 568 1113 1114 1333 5879 5883 5885
23 573 8406 8407 8409 8743 9563 9762 9763 9764 9765 9766 9772 9773 9774 9776 9781 9783 9793 9795 9797 9798 9800 9802
18 579 3405 3406 8567 8576 8578 8579 8580 8584 8585 8593 8594 8596 9848 9849 9855 9857 9860
21 580 938 942 5961 5962 6006 6008 8690 8701 8703 8705 8706 8707 8708 8715 9974 9975 9976 9977 9981 9982
10 581 7823 7825 7828 7829 7857 7888 7890 7891 7899
15 585 724 726 728 2167 2169 2171 2178 2199 2439 2440 2441 7942 7946 7947
12 590 593 595 1540 8754 8755 8756 8760 8761 8766 8767 8771
10 600 901 916 947 962 964 968 970 975 977
5 608 2262 2265 2266 2267
15 612 616 8773 8777 8783 8791 8793 8794 8795 8796 8797 8798 8800 8804 8805
9 615 648 650 1717 1718 6543 6544 6545 6576
24 618 1370 1371 1373 1374 3496 3497 3498 3664 8732 8735 8739 8741 8742 8745 8746 8747 8750 8811 8812 8813 8814 8815 8816
8 626 632 5497 5506 5507 9835 9836 9837
17 633 1021 1022 9025 9170 9348 9385 9386 9387 9402 9421 9426 9427 9428 9429 9430 9431
9 638 9436 9437 9439 9440 9441 9442 9443 9444
6 641 9936 9937 9938 9939 9941
19 642 674 712 3533 3534 3539 3552 3576 3588 5531 5539 5540 5543 9451 9453 9454 9455 9463 9544
1 647
18 651 8316 8319 8320 8321 8323 8326 8362 8364 8365 8366 8367 8369 8371 8374 9997 9998 9999
4 652 6644 6646 6647
8 653 654 656 657 2284 3653 8513 8514
22 658 1691 1693 1699 3439 3440 3441 3442 3445 3458 3460 3464 3467 8729 8906 8907 8908 8919 8920 8923 8958 8959
22 660 661 9751 9752 9753 9754 9755 9756 9757 9759 9803 9804 9805 9810 9811 9816 9817 9820 9825 9828 9845 9847
12 663 666 670 731 7939 7941 7949 7952 7955 7957 7958 7968
5 665 671 675 714 9894
11 677 7249 7250 7276 7278 7280 7283 7285 7288 7289 7322
15 685 718 734 776 2298 2299 2387 2393 5660 7218 7223 9923 9926 9931 9932
1 694
8 704 759 2042 2043 2088 7702 7704 7705
32 705 1335 2437 5594 5595 5596 5597 5600 5602 5603 5605 5612 5615 6668 6669 6670 6671 6672 6676 6681 6684 6685 6691 6694 6705 6706 6712 6713 6948 6954 6959 6960
2 708 3595
3 713 949 960
8 719 720 778 779 780 789 798 806
11 723 3689 3711 3712 7700 7708 7710 7713 8549 8550 8555
1 730
2 736 764
3 743 809 6305
2 748 3719
4 751 978 9750 9767
3 756 1465 1470
17 757 2495 2510 7335 7336 7339 7374 7375 7378 7381 7387 7389 7398 7425 7431 7434 7435
3 763 1998 2016
7 773 790 810 812 1530 1584 1615
4 777 816 817 818
7 794 804 823 3850 3858 3859 5738
5 801 1721 1725 1726 1727
1 819
1 824
17 831 1025 1026 2089 3410 3411 3412 3416 3429 3430 3435 3448 3449 3453 3454 3473 3474
6 833 847 2633 2639 2657 2661
2 838 990
12 846 850 857 5697 5709 5740 5743 5837 5838 5839 5840 5844
10 851 862 864 1813 1814 2962 7528 7529 7530 7540
8 853 3316 3317 3319 3362 3369 8303 8307
3 856 9946 9947
5 867 2395 2396 2399 2400
12 871 923 1949 2817 2838 2839 2884 5853 5857 5858 5862 5864
2 876 3769
8 881 924 983 5865 5866 5934 5935 5937
4 883 934 939 940
11 886 945 2110 2112 2165 2200 2204 2211 7797 7803 7806
6 887 1620 1628 6411 6412 6413
1 889
11 904 1111 1115 8467 8502 8503 8504 8505 8507 8508 8522
3 905 1631 1635
9 911 985 1997 4028 4036 6584 6585 6586 6587
4 915 917 1120 1136
4 922 992 2271 2436
25 925 991 1014 1023 1024 1030 1035 1036 1053 1054 1155 3519 3520 3521 4603 4607 4608 6643 6648 6649 6690 6693 6696 6698 6722
4 929 933 1066 1071
34 941 989 1161 1720 1904 1905 1909 1910 3376 3379 3390 3407 3408 3479 3480 3484 3494 3515 3524 3525 3528 3541 3542 6759 6824 6825 6828 7179 7180 7182 7224 7290 7291 7294
7 943 1076 1086 4320 7928 7929 7930
2 944 2719
1 946
3 948 5956 5960
1 950
5 961 979 999 1644 1648
1 969
6 972 1102 1193 1200 2964 6947
2 982 1212
2 987 1105
4 996 1009 1058 2451
1 1001
10 1004 1007 1107 3594 3616 3629 3630 3631 3632 3633
5 1005 4382 4383 4404 4407
5 1012 1090 2483 6375 6377
5 1020 1109 1116 2579 4329
2 1028 1099
11 1041 4424 4425 4426 4653 4654 4655 4656 4657 4658 4659
17 1051 1100 1104 1143 1145 1334 2684 2690 2816 3718 3721 3723 3724 3727 7628 7632 7641
11 1057 1347 7971 8025 8026 8027 8029 8044 8045 8309 8311
2 1074 1289
31 1077 3849 3871 3875 3881 3885 3911 3916 3938 8379 8388 8403 8421 8427 8434 8435 8438 8439 8445 8449 8454 8455 8459 8460 8463 8468 8469 8473 8475 8478 8479
4 1078 4687 4689 4690
6 1083 1156 2603 2604 2607 2611
22 1084 3997 3998 8562 8565 8566 8571 8588 8590 8595 8597 8598 8599 8600 8661 8663 8664 8687 8689 8691 8692 8694
18 1088 1352 1356 4527 4528 4535 4536 4880 4882 4885 4887 4888 4889 4891 4892 4893 4896 4897
4 1089 1148 1149 1150
16 1092 1192 1195 1658 4045 4060 4061 7557 7566 7571 7585 7587 7591 7592 7594 7608
8 1095 1118 1201 2982 2986 2987 6595 6596
2 1097 1363
11 1098 1222 1227 9559 9560 9570 9574 9578 9592 9596 9607
8 1119 8899 8901 8905 8999 9021 9023 9969
12 1123 1146 1365 1366 2627 9116 9118 9133 9143 9951 9952 9953
4 1129 7818 7862 7903
3 1151 1182 1369
2 1153 9161
4 1157 2910 2914 2915
17 1158 1274 3241 3244 3370 3372 3373 3382 3475 3821 3825 3828 3896 3898 3902 3903 3906
16 1160 1191 1196 1198 1216 3233 3234 3239 9468 9512 9520 9521 9528 9531 9534 9535
7 1164 3992 3999 4041 4679 4681 9643
2 1168 1288
2 1170 1375
5 1171 1380 1381 4900 4901
1 1181
4 1189 1281 9747 9748
18 1202 4601 4616 4618 4647 4650 4652 4662 4664 9883 9884 9885 9886 9986 9988 9989 9990 9991
6 1204 1210 1220 1225 2216 2938
2 1206 1385
1 1209
2 1214 1393
21 1215 1403 1815 9432 9540 9541 9632 9634 9638 9648 9651 9665 9666 9668 9670 9671 9685 9686 9876 9881 9895
2 1223 1474
13 1226 1394 3192 3193 3199 3204 3543 3548 3550 3592 3593 5260 5261
8 1228 1410 1413 1774 1824 1829 1849 1851
9 1230 3659 3660 3661 9897 9920 9945 9961 9962
2 1232 5344
2 1236 1237
2 1240 3688
7 1246 2132 2133 2468 2472 2477 2478
2 1247 1254
5 1256 1415 1417 1418 1464
5 1260 1280 1481 5346 5361
9 1262 1510 5376 5377 5378 5387 5388 5390 5392
1 1266
3 1273 3820 3940
2 1285 1287
24 1290 1456 2137 2150 2154 2156 2158 2159 4243 4245 4999 5943 5947 5949 5951 5954 5955 5957 6044 6046 6047 6069 6071 6173
2 1291 3729
25 1292 1511 1546 6182 6190 6191 6192 6197 6198 6199 6212 6213 6220 6223 6225 6226 6228 6243 6272 6275 6276 6280 6283 6285 6293
11 1294 1571 1912 5677 6836 6837 6841 6853 6918 6928 6929
4 1296 5223 5224 5225
1 1298
6 1299 1300 1308 1592 1593 1594
3 1307 1439 1596
3 1309 1471 3943
3 1312 1314 1601
1 1315
7 1320 1514 7112 7116 7118 7120 7121
6 1321 1554 1555 1556 1558 1559
4 1322 1340 1382 1665
1 1327
7 1338 2251 2252 2255 2270 2479 2480
10 1339 1349 1447 7124 7131 7133 7144 7146 7151 7154
4 1341 1936 1938 1939
3 1344 1414 1428
1 1345
12 1348 1353 1733 4324 5589 6330 6331 6333 6343 6362 6365 6366
11 1354 1497 6416 6417 6424 6425 6426 6434 6440 6443 6490
2 1358 1728
8 1359 1360 1504 1888 1925 1926 1927 1947
1 1361
4 1364 1372 7476 7478
12 1368 1436 1535 2030 2036 2048 2049 2055 2071 2086 2087 2990
3 1376 3945 3948
5 1377 1400 2624 2628 5517
1 1378
4 1379 4198 4363 4367
2 1384 5845
8 1389 1561 4985 4986 4987 4994 4997 4998
16 1390 1405 1595 1597 1598 2162 7693 7694 7698 7699 7701 7714 7742 7752 7753 7756
1 1397
5 1411 1457 1948 1992 5178
3 1412 1455 6311
2 1416 2160
13 1437 1438 4898 4904 4906 4910 4912 6317 7759 7760 7761 7763 7764
1 1449
4 1452 1852 1853 2107
1 1454
10 1462 1478 7734 8093 8095 8104 8292 8294 8297 8298
12 1468 1472 1479 8808 8820 8821 8828 8840 8848 8851 8852 9030
7 1482 2111 2136 2163 2164 2580 4271
4 1483 1630 1650 1655
1 1486
2 1487 1508
4 1488 2738 2741 2751
3 1492 1500 7306
9 1494 2113 2599 2600 2606 2641 5592 5607 5685
1 1503
5 1512 1513 6373 6407 6408
4 1517 2241 2243 2250
6 1519 1600 1611 2898 4822 4832
1 1522
5 1526 1618 1685 8315 8317
3 1532 1642 1705
8 1534 6163 6167 6170 6174 6175 6180 6260
3 1537 2292 4297
8 1539 1541 1560 1572 1573 1574 1599 1607
4 1542 1614 1617 6320
1 1543
11 1544 1713 2283 2300 2377 6492 6502 6505 6518 6530 6533
20 1545 1643 1652 4310 4321 4322 4323 4327 4328 4342 7813 7859 7869 7870 7871 7872 7875 7877 7879 7923
1 1550
23 1553 1846 1847 1935 1955 5226 5228 5233 5234 8560 8561 8563 8609 8610 8614 8622 8720 8724 8725 8726 8727 8728 8731
3 1557 1663 6159
6 1563 4440 4453 4466 4467 4468
4 1564 1664 2212 2213
5 1570 6742 6772 6789 6830
6 1586 7468 7469 7488 7489 7490
8 1603 1662 2295 2297 2303 2304 2305 2306
6 1604 1624 5258 5259 5272 5285
2 1612 1627
2 1632 2668
11 1633 9033 9037 9038 9039 9040 9070 9087 9110 9111 9113
1 1637
8 1641 1647 1688 1719 2412 2415 2416 2444
2 1646 7303
5 1649 4513 4564 4574 4576
1 1651
1 1653
7 1654 2917 2932 5735 7650 7653 7654
8 1657 1660 1661 2461 6370 7158 7160 7162
5 1659 1666 1673 2733 5009
10 1674 1687 7193 7393 7397 7400 7404 7405 7412 7413
1 1678
7 1680 1723 1730 1734 1736 3019 3021
1 1686
4 1694 1804 1830 2481
2 1698 2329
2 1703 8117
5 1704 1707 1749 2274 2285
2 1711 1714
4 1712 1724 1934 2104
1 1731
4 1735 1869 9839 9841
