22 0 2 3 5 7 11 13 14 15 16 17 19 20 22 23 24 53 55 57 58 62 63
43 1 25 42 43 45 46 50 64 71 73 75 512 515 516 524 531 1684 1686 1699 1701 1703 1706 1708 1709 1711 1712 1713 1716 1729 1736 1738 1741 1747 1748 1750 1751 1752 1753 1755 1760 1761 1762 1778
96 4 8 35 36 37 89 90 91 92 93 94 95 97 103 107 108 109 111 115 116 118 127 161 163 164 167 168 169 176 187 188 189 190 191 192 211 212 215 216 217 218 224 234 235 239 241 243 244 246 256 257 258 259 260 263 265 310 311 312 318 320 321 328 329 333 334 335 343 344 346 349 350 351 358 359 360 361 362 389 390 425 426 442 443 444 446 448 451 454 456 457 458 460 461 463 470
59 6 130 132 133 134 135 136 140 141 142 143 144 145 374 381 382 383 385 386 391 392 393 394 395 396 472 473 474 475 477 478 479 480 481 487 488 495 496 1878 1890 1891 1896 1897 1898 1900 1901 1903 1916 1918 1920 1921 2918 2919 2920 2921 2922 2923 2924 2925
18 9 26 27 29 154 160 210 214 220 221 223 225 226 227 228 231 232 233
39 10 266 267 269 272 278 284 291 292 295 296 322 323 327 330 331 336 337 342 364 366 368 371 500 501 533 535 540 541 543 545 546 547 716 718 719 720 721 722
85 12 559 562 563 564 566 585 586 587 606 607 617 625 626 627 629 630 631 632 637 656 657 666 667 668 672 678 679 680 681 682 683 686 692 700 701 702 703 704 706 709 710 712 726 728 730 747 748 756 757 759 760 761 763 766 767 770 771 772 773 774 776 779 780 781 784 786 793 795 797 801 805 806 822 823 835 836 840 844 847 854 855 858 860 870
74 18 424 427 432 434 435 436 437 438 449 452 465 476 482 483 499 502 503 889 892 897 900 2049 2050 2053 2054 2066 2068 2070 2073 2082 2083 2085 2086 2088 2094 2109 2110 2111 2114 2115 2116 2117 2120 2121 2122 2123 2161 2162 2164 2166 2168 2169 2170 2186 2188 2189 2240 2244 2245 2246 2247 2248 2254 7210 7211 7212 7215 7245 7246 7257 7258 7259 7260
119 21 30 39 48 51 52 70 76 78 79 652 732 741 742 744 746 749 807 813 814 815 816 817 818 885 886 890 903 905 906 907 909 910 911 913 914 915 916 918 919 921 922 924 926 927 929 930 931 933 934 935 937 939 940 948 953 965 967 971 972 974 975 976 980 982 984 985 989 990 999 1001 1034 1036 1037 1038 1039 1040 1041 1049 1054 1055 1056 1059 1060 1062 1063 1065 1066 1067 1068 1070 1071 1109 1110 1112 1113 1114 1115 1121 1122 1123 1124 1125 1126 1128 1130 1132 1134 1135 1141 1142 1143 1144 1145 1147 1148 1149 1150 1154
41 31 872 873 874 875 882 997 998 1002 1004 1007 1008 1010 1089 1090 1092 1093 1094 1095 1096 1097 1098 1099 1189 1191 1192 1193 1194 1195 1197 1198 1199 6545 6547 6548 6555 6565 6566 6568 6574 6575
209 32 60 61 66 81 83 84 87 88 511 1216 1224 1227 1233 1235 1272 1274 1276 1277 1281 1286 1287 1290 1292 1293 1294 1296 1301 1302 1303 1304 1306 1307 1308 1309 1310 1311 1312 1313 1314 1315 1337 1342 1343 1354 1355 1358 1359 1360 1362 1365 1367 1383 1386 1387 1388 1389 1390 1393 1403 1405 1406 1407 1408 1409 1412 1413 1414 1415 1416 1417 1418 1421 1422 1423 1424 1426 1428 1438 1439 1441 1442 1443 1449 1459 1462 1463 1467 1469 1471 1474 1479 1480 1481 1483 1484 1492 1493 1495 1498 1500 1501 1504 1505 1507 1510 1516 1517 1519 1520 1521 1522 1539 1540 1543 1544 1545 1547 1548 1549 1550 1567 1573 1574 1575 1577 1578 1579 1580 1584 1587 1588 1589 1590 1591 1598 1601 1603 1605 1609 1610 1611 1614 1615 1670 1671 1672 1783 1786 1807 1808 1809 1810 1811 1813 1814 1815 1816 1817 1818 1819 1821 1822 1823 1826 1827 1832 1833 1834 1835 1836 1838 1841 1849 1850 1859 1863 1864 1934 1935 1937 1946 1993 2590 2593 2594 2625 2626 2630 2652 2653 2654 2655 2657 2659 3048 3051 3052 3053 3054 3056 3059 3067 3070 3074 3077 3078 3079 3080
4 33 38 96 98
40 34 40 41 1025 1027 2023 2024 2025 2027 2028 2030 2032 2033 2035 2046 2063 2096 2097 2098 2099 2307 2310 2311 2312 2314 2318 2319 2320 2322 2323 2325 2328 2330 2331 2332 2333 2334 2335 2337 2338
68 44 548 549 555 556 1203 1205 1206 1207 1209 1319 1321 1322 1323 1332 1334 1371 1373 1374 1376 1378 1381 1431 1432 1434 1435 1436 1448 1450 1456 1457 1458 1464 1929 1932 1933 1939 1959 1960 1962 1965 1966 1969 1970 1971 1973 1976 1977 1987 1988 1990 2369 2370 2371 2373 2375 2378 2379 2383 2385 2386 2395 2397 2399 2400 2404 2405 2423
31 47 1269 1271 1273 1279 1325 1326 1328 1379 1394 1477 1478 1486 1555 1556 1558 1559 2429 2430 2431 2470 2471 2475 2477 2478 2482 2483 2487 2502 2503 2507
15 49 56 105 640 695 731 1074 1075 1077 1087 1100 1102 1104 1105 1177
31 54 67 104 148 149 599 600 601 602 603 613 620 621 862 863 864 865 866 867 868 869 2516 2525 2526 2527 2528 2565 2583 2584 2585 2681
114 59 106 112 123 129 308 309 313 315 959 995 1009 1011 1013 1014 1015 1656 1657 1658 1660 1661 1662 1664 1665 3947 3950 3951 3952 5051 5052 5053 5055 5056 5060 5063 5064 5065 6020 6021 6023 6025 6026 6030 6031 6032 6033 6034 6039 6044 6046 6048 6050 6056 6057 6059 6061 6094 6095 6098 6100 6101 6103 6104 6105 6106 6108 6111 6114 6116 6118 6120 6123 6124 6126 6132 6137 6138 6140 6143 6146 6147 6152 6153 6154 6155 6157 6186 6187 6192 6193 6198 6199 6208 6209 6217 6224 6225 6228 6231 6233 6235 6240 6317 6352 6355 6361 6362 6363 6364 6365 6366 6367 6368 6371
31 65 2002 2006 2010 2015 2022 2037 2038 2039 2040 2041 2342 2343 2346 2347 2349 3542 3543 3544 3546 3547 3556 3558 3560 3562 3563 3564 3572 3575 3576 3580
18 68 72 147 150 151 406 408 409 410 506 558 560 561 2359 2360 2428 2432 2436
2 69 85
68 74 121 2271 2273 2551 2552 2553 2556 2710 2712 2724 2725 2727 2733 2735 2737 2745 2747 2748 2749 2764 2765 2766 2767 2768 2769 2771 2772 2773 2774 2776 2780 2782 2783 3002 3007 3011 3012 3013 3014 3025 3026 3028 3029 3030 3033 3034 3035 3036 3038 3100 3101 3104 3105 3106 3122 3123 3124 3125 3126 3127 3129 3132 3134 3135 3140 3141 3143
128 77 1018 1024 1028 1031 1162 1174 1175 1176 1178 1180 1182 1183 1200 1213 1217 1218 1221 1222 1223 1226 1228 1229 1231 1232 1241 1242 1243 1247 1248 1250 1251 1254 1261 1266 1490 1491 1494 1497 1526 1527 1618 1619 1625 1634 1769 1770 1772 1775 1776 1777 1779 1780 1792 1793 3893 3895 3896 3897 3898 3899 3900 3904 3905 3906 3907 3908 3912 3913 7043 7045 7046 7047 7048 7064 7073 7076 7080 7081 7084 7085 7087 7088 7089 7090 7097 7100 7104 7106 7110 7111 7112 7114 7118 7119 7123 7125 7132 7133 7134 7464 7465 7468 7469 7472 7473 7474 7477 7481 7482 7483 7484 7487 7488 7489 7490 7510 7514 7515 7516 7517 7525 7528 7530 7531 7533 7558 7559
61 80 122 198 201 208 209 213 236 237 238 240 2545 2557 2558 2559 2571 2576 2580 2597 2599 2600 2601 2602 2612 2615 2616 2684 2686 2688 2693 2695 2698 2699 2700 2701 2703 2709 2807 2822 2823 2824 2827 2828 2855 2856 2860 2861 2864 2865 2868 2869 2872 2873 2874 2875 2881 2888 2890 2891 2892 2894
30 82 86 156 157 177 184 185 186 569 570 571 572 574 2815 2816 2825 2830 2831 2834 2900 2903 2908 2909 2910 2913 2914 2915 2929 2931 2936
101 99 146 633 639 641 2954 2955 2956 3191 3192 3193 3194 3196 3197 3210 3211 3213 3214 3220 3224 3244 3246 3247 3248 3249 3250 3252 3255 3261 3262 3263 3265 3266 3267 3268 3269 3273 3274 3276 3278 3280 3281 3282 3285 3335 3336 3338 3339 3340 3341 3342 3343 3344 3345 3348 3350 3351 3352 3359 3360 3361 3362 3363 3364 3365 3368 3369 3381 3384 3385 3386 6750 6751 6756 6757 6758 6760 6762 6814 6815 6820 6821 6836 6837 6838 6851 6853 6854 6855 6862 6866 6867 6870 6876 6877 6878 6879 6880 6881 6904 6906
15 100 197 698 699 1258 1260 1262 1267 1268 4292 4293 4294 4298 4299 4300
29 101 193 286 287 2262 2264 2303 2304 2305 2306 2957 2965 2966 2967 2968 2969 2999 3096 3102 3109 3110 3111 3119 3120 3432 3437 3442 3443 3444
29 102 110 128 137 302 316 1288 2180 2182 2183 2184 2192 2194 2195 2196 2198 2200 2201 2202 2203 2210 2214 2236 2237 2238 2239 2241 2242 2249
8 113 1563 1582 1602 1608 1612 1613 1635
89 114 1646 1652 1655 2513 2514 2530 3145 3146 3148 3173 3312 3313 3316 3317 3318 3319 3321 3325 3326 3328 3382 3394 3395 3397 3426 3428 3446 3454 3455 3456 3458 3461 3465 3466 3468 3473 3476 3477 3481 3483 3487 3489 3490 3491 3492 3493 3494 3498 3499 3500 3501 3502 3505 3506 3507 3508 3509 3513 3515 3516 3517 4676 4677 4678 6991 6993 7002 7032 7033 7034 7036 7037 7040 7055 7144 7145 7156 7164 7174 7219 7220 7222 7223 7227 7228 7232 7233 7234
63 117 139 373 375 377 378 2976 3045 3063 3066 3083 3519 3520 3521 3527 3535 3541 3545 3548 3549 3550 3551 3552 3570 3923 3924 3926 3927 3929 3930 3934 3935 3938 3955 3958 3978 3979 3984 3986 3987 3988 3995 3999 4000 4015 4020 4021 4022 4030 4031 4033 4034 4035 4036 4049 4050 4051 4052 4053 4054 4055 4057 4058
31 119 4466 4467 4468 4486 4487 4488 4489 4490 4493 4494 4495 4496 4498 4502 8096 8557 8559 8562 8563 8567 8570 8575 8576 8590 8591 8594 8595 8596 8617 8618
37 120 3582 3583 3584 3586 3588 3592 3593 3598 3599 3600 3604 3608 3609 3611 3612 3613 3615 3616 3619 3620 3621 3623 3625 3626 3630 3631 3632 3633 3638 3639 3641 3643 3645 3796 3805 3808
1 124
8 125 264 288 290 299 317 645 647
55 126 8965 8966 8967 8968 8969 8970 8971 8972 8974 8975 8981 8987 8991 8992 8994 8996 8999 9000 9002 9003 9014 9015 9019 9020 9021 9023 9029 9032 9037 9038 9039 9040 9044 9046 9048 9049 9050 9052 9053 9054 9055 9056 9057 9060 9062 9065 9077 9081 9085 9086 9088 9098 9100 9138
20 131 348 405 407 414 429 430 431 440 489 490 491 3815 3816 3825 3826 5812 5814 5820 5823
84 138 152 153 354 367 370 497 2340 2341 2350 2351 2352 2353 2354 2356 2392 2407 2411 2414 2415 2417 2418 2419 2420 2426 2427 2448 3691 3693 3694 3695 3697 3719 3737 3738 3742 3744 3745 3747 3750 3752 3758 3844 3845 3846 3847 3848 3877 3878 3879 3880 3882 3883 3884 3886 3887 3888 3903 3910 3960 3963 3964 3971 3972 3973 3975 3977 4008 4067 4068 4069 4070 4071 4072 4074 4076 4078 4079 4081 4082 4084 4085 4086 4087
11 155 739 740 745 750 752 1318 1674 1677 1678 4131
6 158 170 171 172 3809 3810
40 159 165 754 1740 1742 1757 1765 1927 1928 4153 4154 4159 4160 4162 4163 4164 4166 4167 4170 4171 6928 6929 6932 6946 6948 6950 6951 6952 9745 9747 9748 9753 9754 9755 9756 9759 9765 9773 9774 9784
24 162 824 4179 4180 4182 4183 4184 4262 4263 4264 4265 4272 4274 4282 4283 4309 4310 4313 4314 4315 4317 4319 4320 4361
28 166 3832 3833 3834 3835 3836 3837 3838 3841 4090 4092 4094 4100 4102 4106 4109 4110 4111 4228 4234 4241 4243 4248 4249 4250 4251 4253 4254
67 173 174 207 219 249 277 4396 4397 4398 4399 4401 4402 4403 4407 4414 4417 4418 4892 4893 4895 4909 4912 4918 4920 4925 4927 4928 4931 4932 4934 4935 4936 4953 4955 4956 4980 4981 5017 5028 5029 5030 5031 5032 5047 5067 5069 5070 5071 5072 5075 5076 5078 5082 5083 5084 5085 5087 5088 5090 5091 5093 5095 5100 5101 5105 5106 5107
22 175 178 274 306 307 554 557 577 578 5412 5413 5414 5424 5425 5426 5430 5432 5442 5444 5448 5449 5453
4 179 768 769 2451
8 180 579 958 961 962 964 970 973
61 181 4192 4193 4195 4196 4199 4202 4203 4205 4206 4207 4208 4220 4224 4382 4387 4388 4389 4392 4393 4395 4400 4404 4423 4424 4429 4431 4432 4433 4434 4442 4443 4444 4445 4451 4452 4454 4455 4457 4458 4459 4505 4506 4507 4508 4513 4514 4515 4516 4604 4605 4688 4696 4699 4703 4704 4706 4712 4740 4741 4747
7 182 183 357 363 369 404 411
9 194 247 624 7430 7431 7432 7435 7453 7456
19 195 1922 1924 1925 1926 1930 2946 2949 2974 2978 3089 3092 4570 4571 4579 4580 4600 4658 4659
22 196 3166 3167 3169 3170 3172 3174 3176 3177 3178 3185 3188 5242 5247 5248 5249 5250 5257 5263 5264 5268 5273
4 199 250 251 2149
7 200 281 282 4815 4817 4818 4821
38 202 5310 5311 5312 5313 5314 5316 5324 5326 5327 5328 5332 5333 5334 5335 5337 5341 5348 5349 5350 5352 5354 5355 5356 5357 5360 5363 5364 5367 5368 5369 5370 5372 5380 5385 5388 5389 5392
2 203 283
17 204 285 715 717 2177 2257 3667 3669 3673 3676 3677 3682 3683 3684 3689 3707 3708
26 205 3152 3154 3200 3205 3207 3472 5146 5151 5152 5155 5162 5163 5164 5165 5168 5170 5172 5173 5176 5177 5179 5183 5184 5192 5193
35 206 944 1081 1082 1084 1330 1331 1533 5581 5582 5594 5595 5597 5601 5603 5604 5605 5611 5618 5975 5976 5977 5979 5985 5986 5989 5993 5995 5999 6000 6003 6005 6006 6009 6014
2 222 419
15 229 242 1551 5294 5393 5395 5396 5397 5399 5401 5403 5404 5408 5409 5418
42 230 276 280 289 294 300 303 644 648 649 820 821 1795 1796 1799 1800 2511 2515 2519 2520 2522 2523 5537 5538 5549 5563 5564 5565 5568 5570 5572 5580 5583 5584 5589 5593 5622 5623 5629 5636 5637 5638
43 245 422 423 1554 1560 1561 1562 1565 1642 1643 1644 1645 1650 1663 1669 1696 1860 1861 1865 1869 1996 1997 2056 2062 2065 2100 2101 2102 2219 2235 2252 2253 2255 2259 2270 2274 2277 2281 2282 2492 2495 2496 2497
20 248 825 5700 5701 5702 5708 5711 5714 5717 5762 5767 5771 5772 5774 5786 5787 5847 5849 5864 5885
55 252 261 301 319 332 339 340 4661 4662 4663 4670 4680 4713 4720 4721 4722 4724 4725 4727 4730 4731 4734 4735 4761 4767 5697 5699 5703 5704 5705 5706 5709 5719 5720 5723 7625 7626 7632 7635 7636 7637 7638 7639 7640 7644 7647 7665 7669 7675 7676 7678 7679 7680 7684 7688
42 253 4380 4526 4833 4834 4835 4838 4840 4843 4848 4851 4853 4857 4859 4860 4863 4869 4872 5114 5116 5117 5118 5119 5120 5126 5127 5128 5129 5130 5131 5132 5135 5136 5137 5138 5139 5156 5157 5158 5206 5207 5208
9 254 485 2508 2533 2537 4551 4553 4555 4556
52 255 871 877 879 881 883 884 943 945 1033 1045 1047 1073 1107 1693 1694 1695 1705 4615 4640 4641 4642 4645 4648 4649 4650 4651 4687 4689 4690 5942 5943 5945 5946 5948 5949 5950 5955 5956 5957 5961 5962 5964 5966 5967 5968 5969 5972 5973 5974 5984 5987
46 262 3652 4736 4738 4742 4750 4752 4755 4758 4759 4760 4762 5497 5499 5502 5503 5505 5507 5639 5640 5645 5646 5648 5649 5650 5663 5665 5670 5671 5672 5676 5680 5681 7880 7881 7882 7884 7888 7891 7892 7893 7896 7898 7905 7907 7936
11 268 952 955 986 993 994 996 1016 1017 2092 2103
74 270 518 5493 5494 5510 5511 5512 5513 5888 5898 5899 5904 5907 5913 5914 5915 6063 6069 6070 6073 6074 6075 6078 6080 6083 6088 8246 8247 8258 8259 8260 8262 8264 8266 8267 8268 8299 8300 8302 8309 8310 8312 8323 8328 8329 8330 8332 8333 8338 8340 8348 8349 8350 8352 8353 8359 8360 8417 8420 8430 8431 8432 8433 8440 8441 8442 8443 9701 9707 9709 9711 9720 9723 9741
13 271 273 275 293 1994 1995 2620 5236 5237 5238 5239 5253 5255
29 279 1118 1120 1146 1151 1159 1879 1881 4770 4771 6270 6274 6275 6276 6277 6278 6279 7744 7745 7746 7751 7752 7754 7765 7767 7770 7794 7795 7796
10 297 526 527 528 529 534 538 654 655 6091
45 298 2289 2290 2294 2624 2627 2812 2813 2814 5473 6382 6383 6389 6390 6393 6394 6401 6404 6417 6424 6425 6426 6427 6428 6429 6430 6431 6466 6470 6471 6472 6473 6474 6476 6477 6485 6486 6487 6489 6490 6498 6533 6542 6680 7272
100 304 305 380 388 664 673 723 2446 2447 2454 2896 3060 3061 3062 6312 6314 6315 6316 6375 6376 6377 6521 6523 6526 6527 6530 6532 6589 6591 6592 6593 6595 6596 8822 8824 8826 8830 8833 8834 8835 8836 8840 8842 8843 8844 8846 8847 8848 8849 8850 8851 8852 8858 8859 8862 8865 8866 8868 8870 8871 8872 8873 8874 8878 8881 8882 8885 8886 8887 9238 9240 9241 9242 9243 9244 9247 9248 9249 9251 9252 9257 9258 9260 9261 9262 9265 9266 9274 9277 9282 9283 9289 9291 9296 9334 9335 9337 9338 9339 9343
20 314 324 830 896 898 2489 2493 6725 6726 6729 6730 7327 7328 7329 7330 7331 7332 7336 7340 7341
22 325 1023 1032 1044 1064 1069 1076 1078 2560 2567 4772 4778 4779 4783 4784 4785 4788 4790 4797 4798 5210 5211
11 326 1166 1168 1169 1236 1237 5212 5213 5215 5283 5284
69 338 345 352 353 356 372 2674 2675 2676 2706 3288 3289 4987 4993 4994 4995 5224 5226 5227 7237 7238 7239 7240 7241 7252 7262 7263 7274 7275 7276 7281 7297 7298 7299 7300 7301 7302 7305 7306 7307 7315 7408 7410 7412 7413 7420 7422 7588 7590 7591 7594 7595 7598 7599 7601 7604 7623 7624 7658 7693 7695 7697 7705 7721 7722 8063 8064 8077 8114
1 341
6 347 3471 3474 6612 6613 6614
49 355 1257 1265 1297 2793 2794 2795 2796 5475 5476 5477 5478 5480 5481 6648 6649 6650 6956 6957 6960 7462 7467 7470 7929 7931 7934 7966 7977 7981 7982 7983 7985 7986 7987 7989 7990 7991 7993 7994 8000 8001 8003 8005 8006 8008 8009 9915 9917 9918
4 365 379 494 582
71 376 403 412 420 445 450 453 5278 5279 5280 8213 8214 8219 8220 8221 8225 8462 8466 8467 8472 8473 8476 8477 8478 8479 8631 8726 8727 8728 8729 8733 8734 8735 8736 8737 8738 8741 8742 8744 8775 8777 8779 8780 8781 8782 8786 8787 8790 8791 8792 8808 8809 8812 8814 8816 9663 9668 9669 9670 9671 9672 9673 9674 9677 9680 9682 9693 9694 9695 9696 9697
33 384 400 413 415 5434 5436 5437 5461 5464 5466 5530 5532 5534 5535 5536 5756 5757 5758 5760 5761 5778 5780 5854 5856 5857 5858 5859 6284 6285 6293 6297 6298 6301
11 387 417 418 787 3793 3794 3800 5928 7816 7818 7820
27 397 399 2835 2836 2837 2845 2847 2848 5696 5710 5727 5728 5879 5881 5882 5923 5924 5927 5929 5931 5939 5940 5941 5944 5947 5952 5953
2 398 1298
24 401 2138 2141 2142 2143 6492 6493 6494 6501 6502 6507 6508 6510 6512 6514 6515 6517 6598 8035 8036 8037 8389 8391 8392
7 402 421 428 553 565 575 4364
74 416 439 7380 7381 7382 7383 7384 7385 7386 7402 7404 7405 7406 7407 7411 7427 7428 7439 7440 7497 7499 7500 7501 7509 7513 7519 7520 7536 7537 8144 8145 8146 8155 8156 8157 8162 8166 8167 8821 8831 8832 8854 8855 8856 8888 8894 8896 8897 8898 8911 8912 8913 8915 8916 8957 8958 8959 9170 9173 9175 9176 9184 9186 9187 9188 9377 9393 9394 9395 9396 9397 9399 9400 9403
43 433 1487 1488 1503 7804 7846 7847 7848 7850 8200 8201 8202 8208 8232 8233 8234 8235 8238 8240 8412 8457 8461 8471 8474 8480 8483 8484 8488 8489 8491 8494 8495 8499 8501 8553 8554 8601 8602 8605 8606 8620 8622 8629
10 441 2791 9900 9906 9907 9908 9909 9912 9913 9914
1 447
18 459 3138 6673 9657 9728 9729 9730 9732 9733 9738 9739 9749 9764 9766 9779 9782 9846 9847
71 462 464 3651 3653 6250 6251 6255 6256 6258 6259 6261 6262 6263 6264 7541 7543 7544 7551 7556 7557 7561 7562 7563 7566 7567 7573 7579 7580 7581 7582 7583 7584 7585 7596 7602 7703 7704 7706 7707 7708 7709 7710 7713 7715 7716 7719 7720 7723 7725 7726 7735 7736 7778 7779 7781 7782 7783 7789 7875 7876 7877 7878 7879 7913 7918 7920 7921 8135 8138 8150 8151
35 466 484 486 3721 3727 3735 3736 3754 3755 3756 3757 3759 3760 6696 6698 6700 6712 6713 6717 6732 8197 8273 8274 8277 8278 8279 8284 8285 8287 8294 8298 8379 8383 8384 8385
20 467 6602 6604 6606 6608 6610 6611 6616 6617 6619 6638 6639 9899 9902 9903 9921 9923 9929 9930 9932
19 468 493 498 504 505 1238 1239 1240 1349 1352 1357 3716 3718 3761 3763 3764 3765 3766 3767
11 469 3792 3820 3821 3823 3843 3849 3850 3851 3852 3857
17 471 1514 2754 2760 2762 2763 2778 4536 4559 4562 4563 4565 4566 4567 4569 4584 6405
43 492 618 1581 1620 1621 1623 1649 1683 1690 9146 9150 9151 9152 9491 9492 9493 9496 9497 9499 9500 9504 9505 9524 9526 9527 9893 9896 9898 9905 9936 9937 9938 9942 9943 9946 9953 9960 9961 9962 9968 9971 9996 9998
11 507 798 799 803 828 2667 6248 6249 6265 6266 8636
6 508 1724 1726 1732 1764 1766
20 509 6158 6237 6238 6239 6295 6296 6299 6302 6304 6305 6745 6776 7006 7007 7012 7014 7016 7020 7021
26 510 525 530 539 636 669 936 7236 7242 7244 7247 7248 7254 7273 7282 7283 7287 7324 7325 7342 7343 7344 7345 7346 7347 7348
2 513 519
8 514 853 1893 1895 1902 2940 2941 2942
21 520 1968 1980 1981 7235 7243 7249 7250 7349 7350 7351 7352 7353 7354 7356 7358 7359 7360 7366 7367 7368
8 521 544 550 551 552 568 1395 1397
21 522 724 725 1991 9651 9653 9659 9666 9681 9685 9686 9783 9787 9788 9792 9793 9794 9795 9797 9798 9799
81 523 532 604 1485 1489 1509 4277 4278 4279 4280 4285 4286 4288 4291 4530 4532 7923 8010 8020 8021 8023 8026 8027 8028 8029 8032 8039 8041 8052 8053 8054 8094 8097 8098 8099 8100 8244 8365 8366 8367 8369 8371 8375 8376 8404 8405 8408 8414 8436 8437 8439 8444 8445 8447 8448 8449 8450 8451 8452 8456 8486 8487 8525 8530 8531 8533 8551 8552 8555 8650 8651 8652 8653 8654 8655 8657 8658 8665 8666 8668 8670
40 536 1528 1852 1853 1855 1857 3094 3095 3097 3137 3142 3157 8677 8678 8679 8680 8681 8683 9616 9617 9618 9621 9622 9623 9627 9628 9629 9631 9634 9635 9636 9637 9647 9698 9815 9816 9818 9819 9826 9827
1 537
24 542 3209 3212 3216 3217 3229 3234 3235 3237 4804 4805 4806 4831 4832 9869 9883 9884 9885 9886 9887 9888 9889 9891 9895
6 567 677 4973 7873 7874 7917
23 573 8673 8675 8676 8690 8700 8701 8703 8706 8712 8724 8725 8730 8731 8768 9590 9591 9592 9594 9595 9596 9599 9600
16 576 593 594 610 622 2358 2362 2389 2391 2401 2403 2408 2421 3003 3005 3006
16 580 729 736 738 762 1566 1569 1844 1945 2540 2543 2613 2614 2617 2622 2623
5 581 7031 7035 7042 7049
3 583 1595 1596
25 584 693 778 783 3242 3245 3286 3287 3291 3293 3294 3297 3298 3299 3300 3302 3303 3305 9531 9532 9536 9537 9539 9543 9544
12 588 1597 1600 1606 1681 1682 4349 4350 4352 9550 9557 9558
8 589 590 591 1998 2000 2003 2004 2016
1 592
7 595 1846 1847 1858 1876 1877 4635
23 596 597 605 608 2091 2093 4897 9611 9612 9613 9614 9638 9800 9806 9807 9822 9823 9830 9831 9832 9833 9834 9837
30 598 609 790 791 802 829 1883 1885 1907 1908 1909 1910 2548 2549 2570 2572 8907 8917 8918 9849 9863 9967 9970 9974 9975 9976 9979 9984 9985 9987
3 611 851 852
17 612 614 4517 4908 4949 4950 4951 4952 4957 4958 4959 4966 4969 4971 4972 4976 4977
5 615 684 688 689 711
4 616 9200 9201 9204
6 619 674 675 690 691 694
10 623 902 904 1184 9486 9514 9541 9542 9574 9580
14 628 846 848 850 856 6392 6395 6396 6402 6406 6407 6408 6412 6413
14 634 5218 5219 5221 5234 5274 5275 9582 9584 9586 9842 9844 9852 9860
2 635 977
28 638 9206 9207 9209 9210 9213 9214 9217 9221 9222 9223 9224 9225 9236 9237 9245 9281 9284 9285 9312 9316 9322 9323 9324 9325 9328 9329 9330
2 642 819
4 643 1108 3311 6442
7 646 1721 1733 2179 2190 2631 2634
10 650 2365 2366 3307 3377 3379 3388 3389 3398 3399
19 651 9139 9140 9142 9156 9162 9165 9166 9167 9171 9198 9202 9203 9205 9303 9308 9310 9313 9346
18 653 670 733 1843 2639 2649 2651 2656 2664 2665 2707 2713 2714 2715 2717 2718 4899 4923
4 658 2075 9476 9478
17 659 663 671 685 777 942 6062 6064 6081 6082 6084 6085 6086 6306 6310 6321 6325
4 660 661 9348 9349
3 662 714 9431
2 665 696
28 676 713 1117 1941 1944 1948 1949 2738 2739 2741 2743 2744 2751 6681 6682 6685 6690 6691 6723 6736 6738 6739 6746 6747 6749 6753 6754 6755
2 687 697
4 705 1984 2441 9422
2 707 2444
18 708 3636 3637 3647 3648 3650 3657 3658 3774 3775 3776 3778 3779 6600 6605 6623 6624 6625
2 727 2544
4 734 826 3789 3940
4 735 4150 5662 5666
6 737 5103 5104 5141 5203 5216
22 743 831 1164 2798 2800 2801 2802 2806 2853 2859 2863 2866 6458 6459 6460 6461 6462 6464 6467 6544 6549 6576
2 751 950
10 753 859 5303 5304 5305 5908 5909 5911 5916 5918
12 755 2126 2130 2131 2133 2144 2147 2148 2152 2153 2156 2157
1 764
12 765 3238 3240 3241 3256 3257 3427 3430 3431 3434 3435 3436
4 775 1196 1201 2879
11 782 1080 1083 1111 1116 2898 2981 2986 2989 2992 2994
2 785 788
10 789 857 4198 4225 4226 4229 4230 4232 4233 4331
12 792 811 827 3425 3429 3445 3484 3485 3526 3596 3597 4063
4 794 833 861 1255
1 796
8 800 878 893 901 923 1985 1989 4188
3 804 808 4586
10 809 6790 6791 6792 6794 6795 6796 6797 6822 6823
7 810 832 983 4876 4902 4914 4915
19 812 1957 5683 5684 5730 5735 5751 5752 5753 5781 5784 5785 5797 5798 5799 5801 5802 5804 5805
4 834 2171 2172 3993
7 837 839 841 894 6919 6920 8640
5 838 1316 6937 6939 6942
3 842 2212 2215
14 843 9475 9477 9479 9480 9495 9506 9508 9559 9560 9562 9565 9566 9572
1 845
1 849
4 876 4477 4478 4479
9 880 4482 4492 4501 4503 4504 4509 4510 5002
2 887 2107
17 888 992 2461 4001 4002 4004 4005 4006 4007 4045 4047 4061 5384 5387 5390 5400 5402
1 891
12 895 1324 4143 4149 4156 4157 4178 4181 4185 4187 4236 4237
3 899 925 951
9 908 912 2218 2220 2225 2227 2295 2299 2329
3 917 1339 1345
3 920 1348 1350
17 928 938 1640 2339 2363 4598 4599 4601 4603 4606 4653 4660 4664 6629 6631 7522 7534
3 932 4946 4962
2 941 946
8 947 1380 1384 4369 7833 7834 7836 7839
3 949 956 960
4 954 1404 7855 7856
2 957 966
4 963 4665 4668 4682
3 968 978 8799
1 969
3 979 1021 1022
4 981 1917 1919 1954
11 987 1139 1140 1152 1153 5827 5832 5833 5834 5835 5836
9 988 3419 3423 3440 3441 3462 3463 3469 4683
10 991 1165 1167 1170 1476 3015 7870 7871 7872 7886
16 1000 1173 2047 2443 5022 5023 5024 5025 5086 5089 5295 5296 5297 5298 5299 5317
20 1003 1333 6674 6675 6677 6678 6684 6686 6687 6688 6768 6779 6781 6782 6800 6801 6831 6896 6897 6898
2 1005 4978
11 1006 4481 4483 4484 4802 4803 4807 4808 4810 4938 4940
10 1012 1042 1046 2193 2278 2364 2440 2442 2449 5007
5 1019 5282 5286 5382 5410
21 1020 1186 1188 1531 1534 4355 4356 4357 4368 4370 4371 4372 4378 4379 4386 4390 4391 4405 4448 4460 4461
8 1026 3017 3864 4799 4800 4812 4850 5486
10 1029 1617 4114 4115 4116 4119 4120 4121 5487 5491
6 1030 1043 2500 2506 2509 2518
14 1035 1050 2178 2191 2197 6379 6380 6386 6391 6416 6419 6420 6434 6435
5 1051 1058 2943 2950 2952
11 1052 1668 1673 2459 2460 3165 5669 5673 5675 5677 6633
3 1053 1072 3959
9 1057 2048 2051 2055 2060 2176 2205 2206 2367
9 1061 5806 5816 5825 5837 5840 5841 5842 5844
1 1079
3 1085 1377 1385
3 1086 5682 5685
25 1088 2450 2455 4465 4469 4470 4471 4474 4475 4519 4520 4527 4529 4533 4537 5873 6333 6337 6338 6340 6341 6342 6343 6346 6360
2 1091 1399
8 1101 3699 6450 6452 6453 6455 6543 6546
2 1103 1714
1 1106
9 1119 6926 6935 6936 6938 6965 6967 6971 6972
9 1127 1163 1215 1401 1717 1718 8926 8927 8928
6 1129 6659 6664 6665 6666 6667
8 1131 1158 1210 1214 1402 1410 1419 1454
3 1133 1171 1739
1 1136
8 1137 1759 1767 1782 4577 4578 4583 4590
4 1138 1172 1225 2498
7 1155 5000 5010 5012 5013 5041 5042
11 1156 2596 2723 2752 2753 2797 2799 2808 2833 2839 2938
3 1157 3528 3530
10 1160 1219 1220 1230 3149 3150 3153 3155 3156 3159
11 1161 2539 2550 2554 2555 2562 2564 2603 2604 2605 3601
2 1179 1181
1 1185
12 1187 1202 4550 4558 5431 5450 5452 6985 6986 7003 7028 7029
3 1190 3405 3406
9 1204 1208 4573 4574 4575 4581 4582 4591 4594
1 1211
1 1212
7 1234 3839 3858 3859 7205 7206 7207
3 1244 1472 1473
24 1245 1249 1784 1785 1787 1789 2473 3088 3115 3873 3874 5454 5455 5456 5457 5459 8173 8177 8178 8179 8192 8198 8203 8402
3 1246 3001 3008
4 1252 3865 3867 3868
5 1253 1256 1283 1285 1289
3 1259 1282 1295
1 1263
10 1264 1291 3370 3374 6583 7822 7824 7829 7830 7843
1 1270
8 1275 1299 1300 1320 1511 2435 2439 2456
7 1278 1305 8544 8545 8546 8547 8548
17 1280 1667 1825 1845 3180 3183 3184 3283 3284 3296 5528 5529 5531 5539 5546 5550 5551
7 1284 3916 3939 3942 3945 3954 3956
4 1317 1338 3023 6588
1 1327
4 1329 1466 1468 1470
20 1335 4636 4637 4652 4654 4656 4679 4681 7939 7941 7942 7944 7945 7973 7979 7980 7984 7988 7995 7996
5 1336 2722 2726 4010 4026
4 1340 1347 8511 8514
18 1341 2607 2608 2618 8038 8044 8045 8117 9416 9417 9419 9420 9421 9426 9427 9428 9429 9438
15 1344 1353 1872 1873 2434 8154 8160 8411 8506 8508 8509 8510 8758 8766 8770
10 1346 2645 2691 9468 9470 9473 9488 9489 9490 9510
6 1351 2897 2962 9602 9872 9873
4 1356 5679 5686 6907
1 1361
1 1363
24 1364 1366 4009 4011 4023 4027 4044 4046 4048 4056 4266 4269 5954 5958 5998 6019 7142 7146 7147 7148 7149 7150 7151 7152
9 1368 1370 1461 1734 1735 1737 1743 3346 3354
1 1369
6 1372 7612 7614 7615 7616 9112
1 1375
8 1382 2463 2468 2469 2472 2474 2479 2480
3 1391 3049 3057
7 1392 2598 4322 4323 4324 5632 5633
1 1396
15 1398 1427 1570 6672 6683 6689 6694 6766 6767 6769 7390 7393 7394 7395 7396
20 1400 3411 3412 3413 7057 7102 7122 7124 7128 7398 7423 7436 7437 7446 7454 7475 7476 7480 7790 7791
7 1411 1430 1437 1440 1455 5692 5712
12 1420 1499 1512 1513 6915 6922 6925 6927 6931 6933 6934 6974
4 1425 1433 1571 3208
2 1429 1445
3 1444 1572 1576
1 1446
2 1447 7926
9 1451 1794 1797 1806 3659 3660 3661 8952 8953
21 1452 1870 1882 1886 3356 3367 3371 3753 3770 3771 3772 3773 3783 3784 3785 3787 4334 4336 7797 7800 7801
7 1453 2851 2852 2870 2871 6446 6447
2 1460 1638
5 1465 1523 4626 4694 4698
13 1475 8102 8116 8121 8122 8125 8126 8133 8152 8153 8168 8169 8194
4 1482 2017 2045 4270
11 1496 2536 2541 2542 2569 2573 2574 2575 7170 7177 7178
7 1502 3407 3409 3410 3415 3417 3421
2 1506 6654
1 1508
14 1515 1524 1636 2577 2588 6989 7026 7027 7062 7067 7180 7182 7190 7192
1 1518
2 1525 1626
6 1529 9445 9446 9447 9448 9450
10 1530 2878 2884 8936 8937 8938 8939 8942 8954 8955
9 1532 1630 1719 2628 5620 5742 5743 6827 6828
4 1535 2697 2963 2964
5 1536 2840 2841 2846 2850
5 1537 3047 3131 3160 3161
6 1538 8536 8538 8540 8541 8542
6 1541 1542 1546 7218 7285 7364
9 1552 2734 2736 2740 3018 3019 3020 3040 3041
8 1553 1955 4937 4941 4942 4944 4945 4947
3 1557 1639 1651
5 1564 1679 1715 1722 4965
7 1568 1585 1952 2118 4612 4614 4619
1 1583
7 1586 7193 7198 7203 7208 7375 7376
8 1592 1616 3228 3259 3264 3270 6655 6656
3 1593 1622 1731
1 1594
19 1599 1604 1633 8995 8997 9005 9012 9013 9028 9115 9116 9118 9126 9127 9129 9130 9131 9133 9134
1 1607
4 1624 5233 5235 5240
1 1627
1 1628
1 1629
2 1631 1637
3 1632 3330 3334
2 1641 1648
2 1647 1791
1 1653
3 1654 3863 3872
5 1659 1666 1675 1688 1790
9 1676 1756 1758 1763 3603 3622 3635 3654 3663
2 1680 1851
6 1685 8793 8795 8796 8800 8810
6 1687 6910 6911 8292 8296 8305
3 1689 1805 1812
2 1691 1697
