23 0 2 3 5 6 12 13 14 16 17 19 21 23 24 49 51 53 54 56 59 61 62 63
25 1 7 25 33 34 35 36 37 41 64 65 74 75 1161 1162 1163 1165 1167 1168 1169 1170 1171 1175 1176 1177
15 4 8 40 42 43 45 46 48 70 71 76 79 80 81 85
57 9 18 86 89 92 93 94 95 96 99 101 104 114 121 123 129 131 132 133 138 139 149 151 154 155 156 157 165 166 184 185 186 190 192 201 204 205 216 217 221 222 223 224 271 272 275 277 433 437 438 439 459 465 466 468 469 470
15 10 176 179 180 182 183 189 194 195 227 228 230 231 232 233
36 11 237 240 244 249 252 253 257 258 261 263 264 266 268 269 278 279 280 281 282 319 320 321 323 325 326 328 330 332 333 334 335 338 339 340 341
112 15 20 298 299 302 303 306 307 313 314 315 347 357 358 360 361 364 371 376 377 378 385 386 388 389 390 421 422 423 425 428 429 430 440 442 481 483 485 487 488 490 491 493 494 498 499 500 503 547 567 570 571 572 574 614 630 631 635 636 639 640 643 645 653 654 655 663 664 667 668 671 672 673 674 677 678 679 680 681 682 683 684 686 688 689 690 691 692 693 695 700 701 703 706 708 711 2279 2280 2281 2284 2290 2293 2294 2295 2296 2414 2415 2416 2417 2418 2419 2423
11 22 26 27 31 400 402 404 405 406 407 411
129 28 113 291 292 293 348 355 356 362 738 739 740 742 749 762 763 765 770 772 774 777 779 780 781 782 783 787 790 791 792 793 794 795 796 812 813 814 817 818 823 833 834 835 836 842 843 845 2134 2168 2169 2170 2174 2178 2179 2180 2182 2183 2185 2187 2191 2192 2194 2195 2196 2205 2206 2207 2210 2215 2220 2222 2224 2226 2227 2230 2231 2233 2234 2235 2237 2238 2239 2240 2241 2242 2244 2245 2246 2247 2248 2249 6770 6771 6772 6773 6776 6780 6782 6783 6799 6801 6805 6812 6813 6814 6816 6818 6824 6826 6828 6852 6853 6854 6855 6856 6862 6863 6864 6865 6886 6889 6890 6891 6892 6893 6894 6895 6897 6898
33 29 243 245 248 283 1705 1706 1707 1708 1712 1713 1721 1725 1726 1727 1730 1733 1744 1745 1746 1747 1748 1754 1755 1756 1758 1759 1760 1761 1763 1764 1765 1766
70 30 38 39 73 78 83 87 88 449 454 477 478 492 501 506 511 736 737 760 761 797 799 800 802 803 805 807 810 811 815 819 7155 7156 7163 7164 7169 7175 7176 7177 7178 7191 7194 7425 7427 7428 7430 7431 7434 7436 7438 7440 7441 7442 7443 7448 7449 7450 7451 7452 7453 7454 7457 7479 7481 7482 7483 7484 7485 7486 7492
44 32 105 512 513 515 516 522 523 524 526 527 530 532 533 534 535 537 1023 1027 1107 1108 1112 1120 1121 1122 1123 1124 1125 1126 1127 1128 1130 1132 1133 1134 1135 1136 1191 1192 1193 1194 1195 1197 1199
18 44 517 538 543 544 545 546 549 550 551 552 553 554 555 556 718 721 722
45 47 838 839 840 847 853 858 864 866 869 961 962 963 975 976 979 980 981 982 983 989 992 998 1004 1005 1006 1008 1012 1013 1017 1018 1021 1022 1071 1244 1248 1250 1251 1253 1254 1262 1263 1296 1297 1298
104 50 286 287 928 929 930 931 932 942 948 952 953 1300 1301 1305 1310 1311 1317 1318 1327 1336 1338 1339 1342 1343 1349 1350 1352 1354 1355 1358 1359 1360 1361 1378 1385 1394 1399 1405 1406 1407 1408 1409 1414 1415 1416 1417 1418 1420 1421 1422 1423 1425 1426 1427 1429 1430 1432 1433 1435 1437 1439 1440 1441 1442 1443 1456 1460 1461 1463 1470 1472 1473 1476 1486 1491 1492 1494 1495 1496 1498 1499 1501 1510 1513 1514 1517 1520 1522 1699 1702 1770 1772 1773 1778 9780 9782 9886 9888 9889 9890 9891 9892 9895
34 52 115 116 118 382 383 384 391 393 394 395 396 597 600 602 603 604 608 610 611 612 613 621 821 873 876 878 880 882 956 957 958 968 969
21 55 124 4040 4041 4042 4066 4067 4068 4069 4070 4072 4075 4076 4077 4078 4079 4080 4082 4084 4085 4087
44 57 140 141 142 448 1072 1079 1213 1216 1219 1220 1221 1225 1228 1230 1231 1233 1235 1554 1555 1557 1558 1559 1576 1580 1586 1590 1591 1600 1601 1602 1604 1605 1607 1617 1622 1629 1662 1664 1665 2428 2430 2431 2451
56 58 150 152 153 169 197 578 2098 2099 2136 2137 2138 2140 2141 2142 2143 2145 2146 2147 2148 2152 2153 2154 2156 2157 2277 2278 2285 2299 2300 2301 2302 2319 2320 2321 2322 2323 2324 2328 2329 2352 2354 2355 2357 2358 2359 2360 2375 2376 2381 2382 2383 2406 2495 2496 2497
111 60 66 209 211 235 1053 1054 1057 1059 1060 1061 1066 1067 1068 1077 1093 1094 1098 1099 1790 1794 1795 1796 1797 1798 1802 1803 1804 1805 1807 1808 1809 1810 1811 1813 1814 1820 1827 1829 1833 1834 1861 1864 1866 1869 1870 1874 1890 1891 1892 1893 1894 1897 1898 1899 1900 1901 1903 1905 1906 1907 1908 1910 1913 1915 1916 1924 1925 1926 1927 1928 1994 1996 1997 1998 1999 2000 2001 2002 2004 2005 2006 2007 2034 2035 2036 2037 2039 2040 2041 2042 2043 2044 2047 2048 2050 2051 2052 2053 2054 2061 2064 2065 2067 2085 2086 2087 2101 2102 2106 2107
2 67 98
88 68 69 72 343 345 349 586 587 890 904 905 907 908 909 910 911 916 924 925 934 935 941 943 944 954 955 966 1688 1691 1692 1693 1695 1696 1774 1775 1777 1780 1781 1782 1783 1785 1786 1920 1921 3983 3984 3985 3990 3991 3992 3993 4001 4002 4004 4008 4009 4010 4013 4015 4016 4018 4020 4022 4025 4026 4034 4035 4036 4089 4090 4094 4099 4100 4102 4106 4109 4114 4115 4116 4117 4118 4122 4123 4124 4125 4127 4129 4131
3 77 590 592
35 82 100 290 295 296 626 627 628 641 2022 2023 2028 2029 2032 2056 2058 2059 2127 2128 2130 2131 2132 2133 2144 2151 2159 2165 2166 2167 2171 2173 2181 2199 2216 2217
22 84 125 145 1944 1945 1946 2666 2667 2682 2685 2686 2689 2690 2691 2703 2711 2712 2716 2783 2829 2891 2894
26 90 97 381 520 521 539 540 541 542 589 593 594 595 622 656 657 661 1150 2266 2268 2271 2272 2273 2432 2434 2436
90 91 126 3367 3368 3372 3377 3382 3383 3384 3385 3386 4561 4562 4563 4568 4569 4573 4574 4575 4576 8019 8020 8021 8022 8024 8035 8038 8042 8043 8050 8051 8055 8056 8059 8063 8064 8066 8068 8077 8083 8084 8086 8087 8088 8091 8093 8094 8098 8101 8110 8114 8620 8621 8622 8629 9095 9097 9098 9100 9104 9105 9106 9107 9108 9110 9112 9140 9142 9145 9146 9150 9151 9152 9165 9166 9167 9170 9176 9183 9185 9186 9187 9189 9190 9191 9192 9254 9255 9417 9418
11 102 106 117 135 146 709 713 715 716 731 1154
6 103 2471 2476 2478 2485 2504
67 107 128 130 134 136 698 702 705 734 743 745 746 747 748 752 820 822 825 2594 2600 2601 2605 2607 2608 2610 2613 2614 2616 2622 2624 2626 2628 2637 2638 2640 2641 2643 2645 2646 2647 2648 2649 2650 2653 2659 4531 4532 4535 4537 4545 4546 4547 4549 4550 4551 4552 4560 4564 4565 4566 4567 4572 4580 4591 4592 4619 4625
55 108 110 143 167 168 175 177 178 207 210 213 215 219 225 236 241 327 329 751 756 759 828 1101 1105 1158 1159 1180 1182 1183 1188 1200 1201 1203 1204 1205 1206 1207 1208 1212 5076 5077 5078 5080 5081 5082 5083 5084 5085 5086 5087 5088 5098 5100 5101 5107
5 109 214 246 849 2925
105 111 160 1261 1266 1275 1276 1277 1295 1530 1534 1540 2522 2523 2979 2981 2982 2985 3002 3003 3006 3026 3029 3039 3040 3042 3043 3044 3045 3059 3100 3101 3121 3123 3124 3125 3127 3128 3129 3131 3132 3133 3151 3152 3153 3154 3158 3159 3217 3223 3240 3241 3243 3244 3245 3248 3249 3250 3251 3252 3254 3255 3256 3257 3260 3261 3265 3266 3267 3268 3269 3270 3280 3281 3282 3287 3288 3289 3292 3293 3294 3295 3296 3300 3302 3303 3305 3309 3311 3321 3323 3325 3329 3330 3332 3334 3352 3354 3390 3391 3392 3393 3394 3396 3397 3399
155 112 254 300 305 310 322 336 337 342 456 458 1030 1031 1237 1567 1569 1573 1574 1575 1577 1578 1579 1581 1584 1585 1587 1588 1589 1592 1593 1594 1655 1933 1934 1936 1939 1949 1964 1965 1966 1967 2526 2527 2531 2532 2809 3342 3343 3347 3348 3349 3350 3351 3361 3362 3363 3364 3374 3389 3400 3401 3403 3573 3574 3578 3587 3588 3596 3598 3599 3601 3616 3618 3619 3620 3621 3622 3624 3626 3629 3630 3631 3634 3648 3649 3653 3665 3666 3670 3671 3672 3673 3676 3683 3684 3685 3686 3688 3693 3694 3696 3697 3718 3732 3733 3734 3739 3740 3742 3745 3746 3747 3748 5421 5426 5427 5430 5435 5437 5443 5444 5450 5451 5452 5455 5456 5457 5459 5467 5468 5469 5470 5485 5489 5508 5509 5513 5522 5523 5524 5525 5526 5530 5534 5535 5536 5547 5549 5569 5587 5588 5589 5591 5706 5707
19 119 3449 3451 3462 3464 3467 3484 3485 3486 3488 3489 3490 3491 3492 3493 3495 3500 3502 3504
18 120 1657 1658 1672 1682 1800 1822 1823 1838 1841 1880 1881 1974 1990 3794 3795 3796 3810
79 122 877 881 883 885 1033 1034 1036 1037 1038 1039 1041 1241 1242 1256 1258 1259 1268 3517 4680 4730 4731 4735 4743 4745 4749 4751 4752 4758 4759 4760 4761 4763 4764 4765 4766 4767 4778 4779 4782 4783 4784 4786 4787 4788 4789 5904 5905 5907 5933 5937 5954 5955 5956 5957 5961 5971 5976 5978 5980 5993 5995 6002 6012 6022 6033 6034 6035 6043 6044 6047 6053 6055 6125 6126 6127 6131 6132 6135
30 127 2078 2079 2080 2081 2082 2088 2117 2119 2255 2256 2258 2260 2261 2269 2330 2331 2332 2333 2335 2336 2339 2340 2346 2347 2349 6610 6611 6612 6614
16 137 1143 1144 1148 1149 1151 1152 1153 1402 1412 1413 1444 1449 1673 1678 2786
37 144 147 148 988 1287 1543 1971 1972 1973 1976 1978 2016 3850 3855 3856 3857 5127 5128 5130 5132 5135 5138 5139 5144 5145 5148 5150 5151 5152 5154 5158 5163 5168 5169 5170 5173 5178
30 158 161 162 1293 1299 1306 1307 1308 1314 1315 2760 2761 2764 2768 2769 2771 2772 2773 2775 2776 2820 2821 2824 2847 2848 2889 2890 2892 2893 2895
20 159 163 164 173 174 187 188 191 193 350 351 1367 2939 2940 2941 2955 2956 3531 4324 4329
51 170 171 200 212 3065 3066 3067 3068 3071 3340 3353 3355 3527 3534 3535 3545 3546 3547 3555 4447 4448 4449 4461 4464 4465 4467 4468 4472 4474 4476 4477 4479 4487 4488 4490 4501 4503 4504 4505 4508 4511 4516 4520 4521 4522 4525 4527 4528 4554 4584 4644
145 172 2559 2560 2562 2563 2564 2567 2569 2570 2571 2578 2579 2580 2582 3642 5225 5227 5316 5321 5322 5325 5326 5327 5334 5335 5336 5337 5345 5346 5347 5348 5349 5350 5352 5353 5354 5355 5357 5358 5359 5369 5370 5371 5372 5380 5383 5384 5386 5394 5396 5397 5398 5692 5694 5695 5696 5697 5699 5703 5704 5705 5709 5713 5714 5715 5718 5719 5725 5742 5743 5754 5755 5759 5761 5762 5765 5769 5770 5771 5772 5774 5792 5793 5796 5797 5798 5799 5800 5801 5803 5804 5809 5811 5812 5821 5822 5825 5826 5827 5830 5831 5832 5833 5834 5839 5840 5842 5843 5844 5854 5858 5860 5862 5865 5866 5867 5868 5869 5871 5872 5875 5877 5882 5903 5906 5909 5910 5911 5913 5918 6068 6072 6073 6074 6176 6179 6398 6400 6401 6402 6403 6404 6408 6412 6413
8 181 2513 2515 2520 2524 2525 2528 7010
40 196 2264 2274 2275 2350 2351 2353 2356 2369 2371 2588 2596 2599 2612 2663 2668 4819 4828 4829 4830 4831 4832 4840 4844 4845 4848 4849 4852 4853 4858 4859 4864 4865 4869 4871 4909 4910 4911 4913 4916
116 198 354 580 581 2443 2457 2460 2463 2467 3073 3077 3092 3099 3102 3103 3105 3106 3180 3182 3183 3184 3188 3863 3865 3872 3884 3885 3886 3890 3892 3893 3894 3896 3898 3899 3901 6382 6385 6386 6389 6390 6516 6517 6531 6532 6534 6537 6945 6946 6947 6970 6971 6972 6982 6983 6985 6986 6988 6989 6990 6991 6994 6995 6996 6998 7000 7001 7003 7011 7012 7013 7017 7022 7023 7026 7027 7029 7032 7033 7035 7036 7038 7039 7040 7044 7045 7046 7048 7052 7058 7060 7061 7062 7064 7066 7120 7122 7123 7129 7130 7135 7139 7145 7146 7147 7148 7149 7151 7152 7195 7196 7197 7211 7213 7214 7215
6 199 226 938 945 972 973
86 202 3961 3962 4141 4142 4151 4152 4153 4158 4159 4160 4162 4165 4166 4167 4168 4170 4171 7772 7801 7813 7814 7815 7816 7817 7825 7836 7840 7841 7851 7852 7859 7864 7865 7866 7869 7870 7871 7873 7875 7877 7879 7882 7883 7884 7886 7895 7897 7907 7925 7926 7928 7929 7930 7932 7933 7935 7937 7938 7944 7945 7946 7947 8204 8207 8208 8210 8215 8216 8230 8232 8233 8234 8236 8246 8247 8252 8272 8314 8950 8951 8955 8959 9016 9017 9018
33 203 220 229 242 1335 1374 1529 1551 3822 3826 9707 9708 9709 9711 9712 9713 9715 9718 9719 9721 9722 9723 9725 9726 9728 9731 9734 9735 9736 9737 9739 9740 9741
45 206 1316 2125 2126 2129 2135 2158 2160 2425 2437 2439 2441 2719 4926 4927 4934 4935 4936 4957 4958 4959 4961 4972 4975 4976 4978 7273 7276 7277 7278 7280 7296 7299 7300 7301 7302 7304 7305 7306 7308 7311 7312 7314 7318 7319
15 208 247 408 410 1323 2725 2726 2728 2729 2731 2815 2816 2817 2819 2907
4 218 1645 1647 1648
37 234 370 786 1320 1325 1329 1330 1331 1552 1561 1562 1563 1570 1638 3777 3778 3782 3783 3784 3785 3787 3788 3789 3798 3799 3803 3804 3805 3806 3809 3812 3813 3814 3815 3816 3817 3818
37 238 256 259 373 375 379 380 387 399 1855 1857 1882 1883 1884 1887 1888 1889 1902 1917 1918 1919 1923 1929 1938 1940 1941 1957 2069 2070 2071 2073 2075 2910 2911 3018 3020 3021
30 239 413 415 2909 2912 2913 2916 2917 2918 2919 2920 2921 2922 2923 2926 2928 2929 2933 2934 2938 3054 3056 3058 3060 3061 3063 3069 3075 3076 3080
24 250 262 2535 2536 2538 2539 2540 2544 3097 3107 6347 6348 6349 6353 6354 6357 6359 6362 6368 6372 6393 6394 6396 6405
6 251 2469 2470 2472 2473 2480
104 255 788 3439 3440 3441 3445 3446 3447 3514 3516 3518 3519 3520 3521 3524 3525 3526 3529 3834 3835 3837 3840 3917 3918 3922 3923 3924 3927 3932 3934 3935 3937 3938 3941 3942 3943 3944 3946 3982 3986 3987 3988 4027 4029 4032 4038 4132 4133 4134 4135 4173 4180 4181 4182 4183 4184 4881 6690 6691 6693 6695 6698 6705 6708 6709 6734 6741 6742 6743 6747 6748 6749 6751 6762 6763 6766 6769 6784 7216 7217 7218 7219 7220 7224 7225 7230 7231 7233 7235 7236 7237 7240 7241 7243 7244 7245 7246 7253 7254 7261 7265 7267 7271 7272
41 260 1029 1032 1042 1043 1045 1047 1063 1078 1849 1860 1863 1865 1867 1876 1954 4214 4215 4216 4220 4221 4222 4223 4225 4227 4228 4232 4238 4239 4240 4241 4242 4243 4246 4247 4248 4250 4251 4252 4253 4254
51 265 4280 4281 4282 4283 4286 4287 4295 4297 4312 4315 4317 4319 4333 4334 4335 4337 4353 4668 4671 4672 4673 4674 4726 4727 4732 4733 4742 4768 4769 4770 4776 4777 4780 4792 4795 4796 4797 4798 4807 4808 4809 4810 4839 4850 4876 4887 4888 4890 4900 4901
102 267 1549 1550 3409 3413 3416 3417 3420 3421 3560 3561 3565 3566 3569 3581 3582 3583 3608 3609 3610 3611 3612 3613 3615 3650 3657 3659 3660 3661 3664 3920 3921 3925 3926 3936 3947 3951 3954 3955 3956 4212 4213 4218 4231 4234 4255 4266 4267 4270 4352 4432 4433 4434 4435 4436 4438 4440 4441 4444 4445 4453 4458 4459 4462 4471 4480 4481 4482 4486 4492 4495 4496 4498 4499 4517 4589 4590 4662 4663 4664 4679 4681 4704 4707 5023 5024 5025 5026 5029 5065 7372 7379 7381 7383 7384 7385 7386 7394 7395 7396 7413 7417
4 270 416 417 419
54 273 284 1386 1387 1388 1630 1633 1979 1981 3216 3218 4367 4374 4377 4378 4379 4380 4918 4920 4933 4937 4938 4940 5008 5009 5052 5053 5055 5057 5058 5059 5060 5061 5092 5111 5113 5114 5115 5116 5121 5122 5146 5155 5185 5186 5187 5191 5199 5200 5201 5202 5203 5207 5208
20 274 445 446 451 5223 5226 5228 5229 5230 5231 5306 5308 5309 5310 5311 5312 5315 5339 5365 5410
4 276 285 946 6148
23 288 289 294 297 461 482 486 2970 2973 2974 2978 3017 3023 3053 3115 3117 3118 3119 3120 5406 5409 5417 5418
11 301 424 985 1010 5256 5278 5280 6629 6630 6631 6632
10 304 318 476 479 480 5608 5609 5636 5641 5644
28 308 324 584 601 605 607 1987 2015 2020 2021 2027 2030 2045 2060 2089 2115 2733 2738 2739 2742 2744 2745 2746 2747 2749 3765 3766 3767
27 309 352 353 436 441 2120 2164 2202 2203 2813 2818 2822 2823 2825 2826 2828 3169 3170 3172 3173 5647 5648 5653 5654 5656 5664 5666
15 311 363 372 2312 2316 2317 2386 6137 6138 6140 6151 6152 6153 6171 6172
6 312 2409 2412 2413 2427 2507
29 316 2390 2397 2399 2400 5108 5160 5161 5497 5498 5499 5500 5501 5503 5504 5505 5515 5518 5528 5529 5531 5537 5538 5613 5615 5670 5671 5673 5674
10 317 2573 2574 2576 2577 2583 2585 6214 6215 6216
18 331 497 3338 3339 3341 3356 3359 3407 3408 3423 3425 3426 3432 3468 6239 6244 6245 6246
9 344 2855 2856 2870 2871 2876 2877 2878 2879
28 346 2692 2694 2700 2715 2717 2718 3164 3167 3168 3200 3429 3430 3448 3450 3552 3557 3558 3559 3735 3736 3738 3750 3755 3756 3757 3758 6271
41 359 444 733 993 994 995 996 997 999 1085 1086 2779 3773 3775 3776 3842 3914 3915 3919 3928 3939 3950 3957 6082 6083 6085 6086 6087 6089 6092 6093 6094 6228 6229 6230 6231 6232 6237 6240 6585 6588
33 365 367 505 771 773 775 798 826 2785 2787 2795 2796 6262 6263 6264 6274 6275 6276 6277 6278 6279 7764 7770 7798 7799 7804 7890 7891 7896 7898 7902 7910 7911
33 366 1393 3874 3902 3903 3904 3905 3906 6551 6552 6553 6554 6555 6558 6563 6565 6567 6568 6569 6570 6571 6573 6580 6582 6583 6606 6607 6609 6615 6616 6618 6619 6627
16 368 6270 6272 6273 6280 6281 6298 6305 6427 6428 6429 6430 6431 6435 6440 6441
40 369 560 577 579 2782 2784 3966 3967 3974 3976 3996 4000 4088 4091 4092 4104 4105 4138 4193 4194 4196 4338 4340 4345 6649 6651 6652 6653 6654 6658 6659 6663 6936 6937 6941 6944 6948 6950 6951 6952
32 374 3155 3156 3157 6665 6666 6667 6671 6672 6677 6678 6679 6680 7074 7077 7078 7079 7082 7087 7088 7091 7092 7110 7111 7114 7118 7119 7127 7128 7183 7184 7207
11 392 471 1089 1090 1103 1104 1106 7518 7531 7532 7534
9 397 398 1109 1110 2555 2556 7575 7576 7577
47 401 2212 2213 7610 7611 7612 7613 7614 7615 7618 7631 7660 7661 7662 7663 7664 7666 7668 7669 7670 7672 7673 7676 7677 7678 7679 7680 7681 7685 7687 7705 7734 7738 7750 7752 7753 7754 7759 7760 7761 7762 7765 7767 7768 7769 7771 7774
63 403 509 5241 5242 5243 5270 5276 5295 5296 5298 5299 5301 5303 5304 5343 5344 5880 5884 5886 5887 5888 5889 5890 5891 5922 5930 6905 6911 6912 6913 6917 6920 6922 6923 6924 6927 6929 6957 6968 6975 6976 6977 6981 7030 7034 7067 7071 7072 7097 7098 7105 7117 7124 7126 7140 7165 7978 8457 8460 8461 8462 8464 8465
22 409 462 463 1278 1279 4139 4140 4144 4145 4146 4147 4148 4149 4174 4176 4204 4205 4207 4209 4274 6637 7326
2 412 582
24 414 971 974 984 987 1000 1001 7949 7950 7952 7955 7956 7962 7964 7968 8076 8078 8080 8081 8147 8148 8149 8150 8151
26 418 750 753 758 871 886 891 6175 6181 6226 6227 6233 6234 6235 8176 8177 8178 8179 8184 8185 8186 8190 8191 8192 8193 8194
48 420 472 474 475 623 624 9423 9456 9457 9458 9459 9460 9461 9465 9469 9474 9479 9485 9488 9489 9490 9492 9493 9494 9495 9498 9499 9501 9503 9514 9526 9528 9530 9532 9539 9551 9552 9554 9555 9903 9907 9908 9909 9910 9912 9915 9916 9918
41 426 6322 6323 6324 6336 6337 6339 6346 6406 6414 6418 6420 6424 6425 6426 6432 6434 6436 6442 8363 8413 8414 8415 8416 8420 8421 8422 8423 8424 8425 8431 8433 8441 8442 8443 9936 9937 9938 9939 9940 9941
72 427 4276 4277 4278 4284 4290 4291 4350 4351 4355 4356 4357 4362 4369 4391 4392 4393 4395 4396 4398 4399 4408 4409 4420 4423 4424 4428 4430 4431 4442 4446 4452 4455 4456 4460 4463 4597 4598 4600 6481 6482 6484 6486 6487 6488 6489 6501 6507 6508 6510 6513 8698 8699 8700 8701 8702 8705 8710 8711 8713 8714 8715 8775 8777 8778 8779 8790 8791 8792 8801 8804 8805
8 431 489 495 1280 1281 4304 4305 4331
14 432 435 453 4897 8325 8328 8329 8330 8331 8342 8346 8347 8348 8351
46 434 464 4995 5433 5439 5440 5441 5445 5471 6462 6464 6466 6470 6473 6476 6478 6628 6634 6635 6636 6686 6687 6688 6718 6719 6723 6726 6728 6731 6732 8482 8483 8484 8499 8500 8501 8512 8514 8533 8539 8543 8544 8545 8546 8547 8548
10 443 467 7337 7338 7339 7353 7354 7371 7500 7502
1 447
10 450 452 504 508 1115 4800 4805 4806 4872 7555
39 455 5287 5289 5291 5292 5363 5378 5379 5381 5399 5402 7419 7421 7422 8556 8591 8592 8593 8594 8596 8603 8604 8607 8608 8616 8617 8619 8646 8647 8649 8650 8653 8654 8655 8657 8658 8664 8669 8670
13 457 460 473 518 8530 8534 8535 8549 8551 8552 8554 8600 8640
2 484 519
1 496
39 502 507 1087 1181 8227 8228 8361 8369 8370 8371 8375 8376 8451 8466 8467 8471 8472 8473 8485 8506 8507 8508 8519 8521 8523 8524 8541 8542 8645 8660 8737 8738 8740 8741 8742 8746 8748 8751 8753
92 510 583 1111 1113 1114 1184 7558 7560 7562 7567 7579 7580 7581 7582 7585 7586 7589 7590 7591 7593 9029 9032 9033 9034 9047 9048 9051 9052 9053 9054 9055 9056 9057 9058 9059 9060 9062 9074 9083 9084 9085 9090 9093 9102 9115 9116 9118 9119 9120 9121 9122 9123 9124 9200 9201 9218 9219 9220 9222 9227 9228 9229 9230 9231 9235 9236 9239 9245 9251 9252 9258 9259 9262 9266 9268 9269 9271 9272 9273 9274 9275 9276 9279 9284 9285 9297 9299 9302 9303 9304 9305 9307
35 514 893 896 897 1653 8815 8816 8821 8822 8823 8831 8832 8835 8836 8843 8844 8845 8850 8851 8852 8853 8855 8856 8857 8858 8859 8862 8863 8868 8869 8871 8875 8876 8877 8879
28 525 536 1273 1344 1346 1347 4370 4371 4372 4385 4386 4387 4389 4390 4394 4401 4402 4404 4410 4413 4414 4415 4417 4425 4484 4614 4615 5681
39 528 529 615 616 7595 7623 7624 7632 7633 7634 7635 7637 7638 7640 7647 7711 7713 7857 7948 7958 7959 7961 7967 7974 7975 7976 7980 7982 7983 7984 7985 7987 8001 8002 8004 8005 8006 8007 8009
1 531
82 548 557 625 629 633 1285 1288 8014 8117 8277 8278 8279 8280 8281 8282 8283 8289 8290 8353 8760 8762 8766 8767 8768 8891 8908 8910 8911 8912 8913 8914 8915 8916 8917 8919 8920 8921 8925 8926 8928 8947 8956 8957 8958 8960 8961 8962 8976 8977 8978 8989 8990 8991 8992 8993 8995 8996 9000 9006 9007 9008 9010 9012 9013 9014 9015 9026 9037 9038 9039 9041 9159 9160 9161 9591 9592 9594 9595 9597 9598 9599 9600
10 558 559 646 1319 1364 1365 1366 1381 2286 2288
15 561 9314 9316 9324 9325 9326 9327 9328 9329 9331 9338 9339 9340 9341 9343
7 562 1465 1467 1471 1487 1488 1508
14 563 564 649 1389 1392 1479 3175 3176 3177 3178 3189 3204 3208 4964
62 565 585 659 660 662 665 666 669 949 951 9352 9353 9370 9371 9372 9374 9376 9377 9402 9404 9605 9606 9608 9609 9610 9618 9619 9622 9623 9626 9630 9632 9633 9641 9647 9649 9650 9830 9834 9841 9857 9858 9859 9864 9865 9868 9869 9878 9900 9919 9920 9923 9924 9926 9943 9944 9949 9951 9952 9956 9957 9958
17 566 8291 8295 8297 8298 9559 9560 9562 9564 9565 9566 9567 9568 9569 9570 9574 9577
23 568 1515 1516 1519 1523 1544 1546 3015 5778 5784 5785 5788 5810 5813 8985 8986 9311 9313 9333 9348 9350 9351 9354
59 569 617 9411 9412 9413 9414 9420 9424 9429 9439 9440 9442 9443 9444 9588 9589 9590 9596 9601 9602 9665 9666 9668 9669 9672 9673 9676 9679 9686 9687 9750 9752 9753 9754 9757 9760 9763 9764 9765 9771 9772 9774 9789 9790 9792 9793 9794 9796 9801 9805 9808 9810 9812 9813 9818 9822 9823 9826 9827
11 573 9843 9844 9848 9850 9851 9852 9853 9855 9856 9860
6 575 9451 9453 9471 9477 9478
21 576 620 642 651 9960 9961 9963 9964 9965 9973 9974 9977 9978 9983 9984 9985 9986 9988 9989 9990 9991
10 588 1547 1548 1566 1568 1572 1583 3959 9997 9998
2 591 1651
16 596 598 609 725 1680 1681 1683 1684 1700 1701 1734 1735 1736 1752 1753 1762
3 599 1614 1615
2 606 638
4 618 1616 1621 1637
6 619 652 5668 5675 5676 5685
2 632 4678
5 634 5004 5019 5020 5021
1 637
4 644 670 687 694
1 647
7 648 727 1671 1675 1676 1687 1801
3 658 1787 1791
11 675 712 2750 2830 2831 2859 2863 2864 2865 4634 4635
2 676 696
16 685 719 720 723 2908 2927 4994 4996 4997 4999 5106 5112 5118 5177 5179 5211
1 697
11 699 3699 4902 4903 4904 4905 5476 5478 5479 5495 5517
3 704 717 6065
5 707 2112 2250 5542 5543
12 710 767 2510 6210 6218 6220 6221 6222 6259 6315 6316 6647
1 714
10 724 726 728 2365 2366 3032 3507 3508 3509 3589
3 729 768 769
1 730
7 732 7551 7620 7621 7622 7648 7649
17 735 4899 4908 6174 6182 6186 6187 6191 6193 6198 6199 6200 6201 6256 6261 6265 6266
6 741 784 785 789 804 806
15 744 1642 1650 1656 1962 1970 2204 2211 6794 6795 6796 6797 7525 7526 7527
14 754 5556 5557 5558 5566 5567 5572 5590 5597 5598 5600 5611 5616 5618
2 755 2254
6 757 2405 5945 5946 6027 6028
1 764
9 766 778 831 837 841 850 851 859 5635
2 776 2367
7 801 2270 2276 2298 2304 2305 2306
6 808 4948 4950 4951 4952 4954
9 809 7809 7811 7812 7819 7824 7826 7842 7843
2 816 824
52 827 2446 2447 2452 2453 2483 5219 5222 5233 5234 5544 5623 5626 5629 8013 8015 8016 8026 8027 8028 8030 8122 8125 8126 8137 8138 8139 8140 8160 8162 8163 8165 8404 8405 8437 8438 8439 8440 8444 8450 8452 8456 8491 8497 8504 8505 8509 8510 8644 8648 8676 8682
9 829 2341 2361 2377 2730 2734 2735 2736 2737
12 830 1239 1240 2378 2379 2455 2553 5944 5947 5951 5952 5953
3 832 899 900
7 844 970 1002 1007 1009 1014 1015
6 846 854 856 8313 8354 8360
2 848 870
1 852
15 855 1044 1049 1050 1670 1674 1679 1704 1709 1718 9023 9581 9582 9585 9586
7 857 6062 6063 6066 6070 6075 6076
1 860
13 861 1051 1055 1062 1065 2589 2593 2618 6119 6123 6128 6129 6133
15 862 865 920 1080 1083 1091 1092 1095 1100 1102 1139 1140 1141 1142 1211
2 863 940
3 867 2629 2630
7 868 918 1070 1215 1217 1223 1227
4 872 967 2632 2634
4 874 887 1843 2885
9 875 2484 2857 2858 2860 2861 2897 2898 2959
5 879 888 906 912 2516
15 884 1982 3964 4048 4049 4050 4051 4059 4060 4061 6155 6156 6158 6166 6169
1 889
2 892 9410
3 894 9287 9293
2 895 1209
6 898 4303 4306 4308 4368 4384
6 901 902 903 1769 1771 1793
4 913 2964 6841 6842
13 914 1618 1640 2549 2552 2554 2557 2558 2568 2627 9199 9205 9580
8 915 917 1398 1400 2708 2710 2714 2751
8 919 921 3025 3027 3028 3036 3037 3048
4 922 1214 1232 4688
3 923 2792 2807
2 926 936
11 927 947 1740 1741 1983 1984 3095 3096 3098 7515 7517
8 933 1024 1026 3110 3111 8175 8182 8195
1 937
18 939 964 1020 1117 2407 2989 2991 6876 6878 6879 6880 6933 6934 6958 7069 7143 7172 7174
1 950
31 959 4992 5000 5001 5011 5105 5126 5133 5134 5137 5176 5181 5182 5183 5188 5190 5235 5236 5245 5246 5247 5248 5250 5263 5264 5265 5266 5267 5368 5373 5374
20 965 1742 1767 1768 1776 1779 1784 1799 1817 1819 1826 1828 2533 9587 9611 9625 9627 9628 9634 9637
1 977
1 978
2 986 1185
1 990
14 991 1137 1660 1663 3174 3179 3181 3186 3187 3190 3191 3194 3195 3196
6 1003 1238 1246 2651 2655 5633
5 1011 1046 2696 3137 3138
12 1016 1088 1992 3211 3214 9733 9742 9743 9744 9745 9746 9767
11 1019 5732 5735 5739 5740 5741 5752 5763 5764 9872 9873
15 1025 1118 1156 2906 2914 2930 2931 2932 3297 3306 3307 6104 6107 6109 6136
6 1028 1145 1269 1271 1272 2095
11 1035 1052 1825 1842 1844 3162 3220 3221 4624 6206 6207
3 1040 1058 3239
13 1048 1069 1196 1198 1224 2758 2759 2765 2766 2767 2774 2777 2778
3 1056 1373 1375
13 1064 1172 1236 1264 1267 1274 3315 3317 3318 3319 3337 3471 3472
6 1073 3000 3275 3283 3284 3285
16 1074 1292 1384 5964 5966 5967 5972 5981 6455 6457 6460 6461 6463 6467 6545 6577
2 1075 3474
5 1076 1146 1904 1909 1911
23 1081 1173 2100 2108 2118 3258 3259 3262 3264 3271 3286 3291 3298 3335 3357 4618 4620 6599 6600 6602 6753 6754 6755
8 1082 1187 1189 1291 3480 3481 3483 6325
6 1084 4653 4657 4661 4665 4666
2 1096 1313
3 1097 1371 1397
3 1116 3709 3710
5 1129 6791 6792 6793 6798
13 1131 1147 1453 2403 2408 2433 2435 2438 4979 6819 6820 6822 6823
8 1138 1155 6623 6624 6644 6646 6648 6650
3 1157 3749 6804
7 1160 1164 3883 3887 3889 3910 6832
10 1166 1482 1667 1912 6846 6848 6871 6872 6873 6881
7 1174 1229 1309 1322 1332 5924 5928
7 1178 1226 1353 2232 2236 2252 2257
15 1179 1186 1190 3222 3233 3234 3238 3242 3247 3253 3763 3764 3768 7284 7287
8 1202 6057 6058 6067 6444 6445 6446 6447
2 1210 1289
3 1218 1362 4984
4 1222 1348 1351 2850
3 1234 3849 3859
2 1243 1363
5 1245 1370 1380 1382 2094
11 1247 1260 1282 1377 1379 3108 3112 7547 7550 7578 7583
2 1249 1991
3 1252 4187 4275
1 1255
6 1257 1283 1303 1507 2318 2338
9 1265 2880 4617 4626 4724 4737 4756 4757 4762
1 1270
5 1284 4587 4588 4593 8197
2 1286 3998
5 1290 1383 2389 2442 2444
12 1294 2010 2096 2097 2109 7740 7742 7743 7745 7755 7758 7775
4 1302 1395 1401 1738
2 1304 1404
16 1312 1321 1524 1532 1537 2752 2753 2794 2798 3009 3011 3012 5035 5036 5041 5042
2 1324 6014
10 1326 1447 8309 8310 8318 8319 8337 8355 8357 8392
4 1328 7320 7321 7322
1 1333
5 1334 4817 4818 4825 4827
7 1337 8716 8725 8726 8728 8730 8731
11 1340 1390 1410 1411 1436 1450 3086 3088 3150 3160 3161
2 1341 2834
1 1345
4 1356 6450 6456 6491
4 1357 8797 8798 8799
4 1368 1451 2113 3014
1 1369
3 1372 8732 8736
11 1376 3593 6504 6505 6522 6523 6525 6589 6914 6915 6916
33 1391 3149 3163 9125 9132 9175 9177 9178 9180 9181 9362 9363 9364 9512 9519 9548 9550 9682 9685 9688 9689 9690 9691 9806 9807 9814 9815 9816 9817 9819 9876 9881 9882
1 1396
11 1403 3470 3476 3477 3506 3512 3548 3549 3714 4701 4702
2 1419 1454
5 1424 1434 1438 5540 5551
1 1428
4 1431 1457 2450 2456
1 1445
1 1446
6 1448 1455 7283 7288 7289 9914
7 1452 1955 5634 5637 5642 5643 5660
4 1458 2477 2479 2481
5 1459 1720 3563 3564 5678
2 1462 1464
17 1466 1468 1469 2724 2756 2757 3452 3453 3455 3456 3461 3585 3606 3625 3628 3632 3633
1 1474
29 1475 7393 7397 7398 7400 7401 7404 7405 7406 7408 7409 7410 7416 7418 7420 7489 7491 7499 7503 7511 7512 8245 8248 8249 8257 8258 8259 8267 8268
9 1477 1483 1609 1610 1613 4293 4296 7609 7616
13 1478 7329 7330 7333 7355 7356 7357 7370 7373 7390 7391 7530 7601
4 1480 3772 3774 3779
4 1481 7845 7849 7850
1 1484
4 1485 1497 7790 7791
6 1489 1666 1669 7993 7994 7997
9 1490 1737 1743 3963 3972 3973 4311 4313 4320
5 1493 1599 1603 1620 1634
3 1500 8074 8075
2 1502 4014
1 1503
8 1504 2499 2500 2509 2511 2512 2517 2518
13 1505 1511 2660 3677 3678 3679 3680 3681 3682 3689 7605 7607 7608
2 1506 7789
1 1509
2 1512 1518
4 1521 1535 2675 2681
6 1525 1539 1541 1560 1564 1596
4 1526 1722 5768 5776
1 1527
5 1528 5923 5929 5931 5936
6 1531 1545 1595 1597 1619 5561
1 1533
6 1536 2840 2841 2843 2845 2904
1 1538
4 1542 1623 3825 3829
7 1553 2009 2017 2057 2074 8276 8307
4 1556 1611 4039 8275
3 1565 4578 4585
5 1571 3641 3737 4836 4877
2 1582 4895
8 1598 3882 3891 4046 4052 4053 4054 4197
4 1606 4299 4332 4346
7 1612 1625 6005 6006 6009 6010 6011
3 1624 6163 6164
1 1626
1 1627
1 1628
2 1631 1635
5 1632 3698 3700 3707 3708
12 1636 2799 2803 2805 2806 3831 3832 3833 3836 3838 8826 8830
14 1639 1643 1724 1750 1816 1821 1824 1830 2905 7888 7905 8684 8691 8696
6 1641 1644 1649 4886 5689 5690
6 1646 7712 7715 7716 7719 7722
9 1652 4991 5074 5075 5093 5094 5720 5724 5728
8 1654 4689 4691 4694 4706 4878 4879 4907
2 1659 1685
9 1661 2947 2951 4198 6018 6024 6025 6026 6029
4 1668 1749 1885 2976
2 1677 1686
6 1689 1710 4500 4507 4509 4510
1 1690
5 1694 1848 2992 2993 2994
1 1697
14 1698 2658 3126 3130 3134 3140 8046 8048 8049 8052 8054 8131 8135 8136
9 1703 8807 8812 8814 8838 8896 8897 8899 8902
2 1711 1714
