27 0 2 3 4 5 6 7 13 14 17 21 22 23 24 34 35 37 41 44 48 49 50 58 60 61 62 63
82 1 8 28 32 33 36 38 39 45 46 51 54 64 65 83 86 90 91 92 96 99 100 102 103 162 167 168 169 172 201 202 261 263 269 271 272 275 276 277 278 281 283 308 309 310 311 313 314 315 317 318 322 323 324 325 327 328 330 331 334 335 338 339 340 366 367 368 376 377 378 400 401 403 404 405 407 410 413 416 417 418 419
67 9 67 68 69 70 71 72 78 79 108 109 111 112 115 116 120 177 178 181 227 228 229 230 231 235 239 242 244 252 254 255 256 257 258 259 273 274 287 291 292 296 299 300 301 303 304 305 337 343 345 349 351 360 362 438 443 446 447 3801 3803 3804 3805 3811 3813 3814 3817 3818
4 10 81 82 85
52 11 122 124 1910 1913 1914 1915 1916 1922 1923 1925 1926 1927 1932 1933 1935 1936 1937 1942 1943 1944 1945 1948 1949 1951 1955 1964 1965 1966 1971 1972 1973 1976 1977 1979 1988 1989 1990 2028 2029 2030 2031 2037 2038 2039 2040 2041 2047 2053 2054 2079 2084
148 12 364 365 369 370 375 379 382 384 386 398 399 424 426 427 432 435 436 437 439 450 451 475 476 477 478 483 485 498 499 501 505 507 508 510 512 516 523 524 526 527 528 529 531 1666 1667 1670 1671 1673 1678 1686 1688 1689 1691 1692 1694 1696 1700 1701 1703 1707 1708 1709 1710 1711 1712 1713 1716 1717 1718 1726 1727 1729 1730 1731 1733 1738 1756 1758 1759 1762 1767 1771 1773 1823 1825 1826 1827 1831 1834 1835 1836 1837 1838 1839 1841 1865 1866 1874 1875 1879 1882 1883 1884 1885 1886 1887 1889 1893 1894 1898 1899 1902 1909 1911 3656 3657 3661 3665 3666 3670 3673 3680 3682 3683 3684 3687 3688 3697 3698 3699 3704 3705 3710 3730 3732 3734 3753 3754 3755 3757 3758 3759 3760 3764 3765 3766 3767
48 15 16 18 129 130 131 133 134 136 137 176 185 186 189 190 192 222 224 620 621 627 628 629 630 631 637 638 648 652 663 664 666 667 668 669 670 674 675 676 678 680 681 682 684 688 689 692 694
91 19 125 127 547 706 707 708 710 713 714 719 720 723 724 725 733 735 736 737 738 739 741 744 746 747 748 761 763 766 767 772 774 776 779 780 781 784 785 786 787 792 795 796 822 823 828 829 833 835 836 939 941 942 954 955 957 958 960 4200 4201 4205 4207 4212 4215 4216 4228 4231 4232 4234 4235 4293 4294 4295 4299 4300 6780 6782 6797 6799 6801 6811 6812 6813 6814 6816 6817 6818 6826 6827 6829 6830
63 20 471 486 546 549 551 552 553 554 555 556 562 569 571 572 573 584 585 586 587 601 602 603 606 607 609 612 613 614 617 698 699 704 709 716 717 802 805 806 811 813 814 839 840 841 842 843 854 856 872 873 874 875 879 881 884 886 887 892 898 899 900 1177
42 25 194 195 211 213 219 225 226 237 243 245 250 251 454 463 467 904 905 907 908 909 910 911 915 916 917 918 919 920 928 929 930 931 932 934 935 938 944 946 965 967 973
55 26 27 29 197 210 289 290 293 353 354 422 423 431 441 494 502 503 1065 1069 1071 1097 1099 1113 1114 1115 1121 1122 1123 1125 1126 1129 1131 1134 1135 1137 1142 1143 1144 1145 1146 1147 1148 1149 1151 1152 1153 1170 1171 1172 1175 1178 1179 1180 1181 1199
10 30 76 77 578 1252 1262 1263 1268 2337 2338
39 31 903 933 937 1006 1007 1009 1011 1015 1022 1031 1035 1036 1037 1038 1039 1040 1041 1042 1043 1045 1048 1049 1050 1055 1056 1057 1058 1060 1061 1081 1082 1083 1086 1100 1101 1110 1112 1154
95 40 47 1245 1246 1247 1248 1249 1250 1251 1271 1272 1276 1277 1282 1284 1288 1303 1305 1311 1316 1317 1318 1322 1323 1333 1335 1337 1339 1340 1341 1342 1343 1344 1345 1347 1348 1349 1350 1399 1418 1419 1421 1422 1423 1425 1426 1428 1604 1605 1613 1616 1617 1620 1622 1626 1633 1637 2770 2771 2774 2775 2776 2780 2781 2798 2801 2802 2803 2804 2818 2819 2820 2821 2822 2823 2824 2825 2826 2827 2830 2831 2833 2834 2856 2858 2859 2861 2867 2868 2869 2870 2871 2877 2878 2879
11 42 43 52 105 589 590 591 623 640 695 870
43 53 66 140 144 145 1434 1435 1436 1438 1447 1454 1466 1467 1468 1469 1470 1475 1486 1494 1496 1497 1499 1500 1516 1518 1536 1538 1539 1540 1542 1543 1552 1555 1556 1557 1558 1559 1595 1596 4907 4908 4911 4915
10 55 80 87 88 542 543 576 579 588 592
23 56 147 149 895 902 906 912 948 949 951 1588 1589 1590 1591 1597 1599 1600 1601 1640 1642 1645 1647 1648
48 57 106 110 117 123 138 139 165 204 206 532 535 538 558 559 564 567 568 575 1030 1032 1034 1044 1062 1063 1072 1118 1130 1132 1136 1653 1661 1664 1679 1680 1683 1684 1725 1728 1739 1742 1745 1746 1747 1748 1754 1764 1766
158 59 73 74 93 95 155 469 987 989 990 1573 1574 1575 1576 1793 3365 3366 3381 3405 3407 3409 3413 3415 3416 3417 3420 3422 3439 3441 3442 3443 3446 3447 3471 3472 3483 3484 3485 3487 3488 3489 3490 3491 3492 3493 3497 3501 3502 3503 3504 7984 7985 7986 7987 8003 8004 8005 8006 8007 8012 8013 8014 8017 8018 8019 8020 8021 8025 8026 8027 8028 8039 8040 8042 8044 8045 8048 8051 8056 8057 8058 8069 8070 8075 8082 8083 8084 8101 8103 8104 8108 8109 8115 8116 8120 8121 8122 8123 8125 8126 8133 8134 8135 8137 8138 8140 8141 8142 8146 8159 8160 8163 8165 8192 8196 8197 8218 8226 8231 8235 8236 8243 8253 8254 8255 8256 8258 8259 8264 8269 8270 8275 8285 8286 8287 8289 8290 8295 8298 8333 8338 8340 8342 8345 8346 8347 8349 8350 8352 8354 8357 8361 8363 8372 8373 8375 8376 8387
66 75 4810 4822 4825 4826 4827 4865 4866 4886 4891 4892 4894 4897 4919 4920 4921 4923 4956 4988 4990 4991 4992 4996 4998 5005 5006 5009 5010 5012 5013 5015 5016 5020 5023 5024 5025 5026 5027 5028 5029 5059 5060 5067 5068 5070 5072 5073 5074 5076 5079 5080 5081 5082 5083 5084 5085 5094 5096 5098 5099 5101 5102 5103 5105 5106 5107
87 84 126 3844 3845 3847 3848 3856 3857 4769 4771 4801 4802 4804 4805 4806 4830 4831 4833 4836 4837 4840 4846 4856 4858 4859 4869 4870 4871 5334 5335 5336 5337 5342 5343 5345 5346 5349 5351 5352 5353 5354 5355 5356 5359 5367 5369 5370 5371 5372 5396 5397 5398 5413 5414 5421 5427 5429 5430 5436 5437 5442 5443 5444 5445 5446 5449 5454 5455 5456 5457 5458 5459 5465 5466 5473 5475 5476 5477 5481 5504 5506 5510 5511 5512 5514 5516 5517
86 89 97 183 203 212 1795 1796 1797 1800 1809 1810 1814 1816 1817 1818 1820 1991 2013 2015 2018 2021 2023 2024 2025 2045 2057 2058 2061 2062 2063 2090 2091 2092 2093 2098 2099 2111 2112 2117 2119 2124 2126 2128 2132 2133 2136 2137 2138 2139 2140 2141 2142 2143 2154 2156 2157 2189 2190 2194 2195 2196 2199 2203 2215 2258 2259 2261 2272 2276 2277 2284 2293 2295 2296 2546 2549 2554 2555 2556 2608 2610 2614 2615 2617 2618 2634
2 94 98
10 101 350 355 465 466 472 481 488 643 647
54 104 718 726 727 799 800 801 820 824 1992 2000 2001 2003 2004 2005 2006 2009 2010 2011 2012 2014 2033 2035 2067 2342 2343 2344 2347 2349 5312 5315 5316 5317 5322 5324 5325 5326 5327 5328 5329 5330 5331 5333 5338 5374 5400 5401 5402 5474 5480 5482 5483 5484 5486
22 107 150 151 1003 1004 1008 1026 1027 2359 2360 2361 2364 2365 2366 2368 2369 2370 2371 2416 2419 2421 2423
11 113 1155 1159 1160 1161 1163 1164 1166 1168 1182 1185
32 114 1197 1198 1200 1209 2184 2186 2187 2198 2200 2209 2210 2225 2227 2230 2233 2234 2235 2239 2240 2241 2242 2243 2244 2245 2246 2247 2248 2252 2253 2254 7820
54 118 654 655 2502 2503 2508 2511 2513 2514 2525 2529 2532 2539 2545 2572 2649 2650 2651 2653 2658 2659 7694 7695 7696 7697 7705 7716 7722 7724 7725 7727 7728 7729 7739 7741 7754 7755 7756 8540 8541 8542 8563 8564 8565 8566 8567 8575 8576 8583 8588 8589 8607 8608 8618
8 119 2915 2918 2921 2922 2923 2924 2925
155 121 2340 2377 2380 2671 2672 2673 2674 2675 2677 2678 2940 2941 2942 3064 3066 3071 3256 3257 3262 3263 3270 3273 3274 3285 3539 3543 3544 3545 3546 3547 3569 3582 3584 3585 3586 3593 3596 3604 3605 3606 3607 3622 3623 3624 3625 3626 3628 3629 3632 3633 3780 3781 3782 3783 3784 3785 3786 3791 3792 3794 3800 3825 3828 3829 3860 3861 3869 3872 3876 4143 4144 4145 4146 4147 4148 4150 4156 4157 4158 4160 4161 4163 4164 4166 4167 4168 4170 4171 4333 4335 4336 4338 4339 4359 4365 4373 4375 4376 4377 4378 4380 4394 4395 4397 4398 4399 4407 4413 4414 4416 4439 4444 4445 4446 4447 4448 4449 4476 4477 4479 4485 4491 4493 4494 4495 4496 4497 4498 4503 4505 4521 4522 4523 4524 4525 4526 4528 4530 4531 4542 4544 4546 4547 4548 4552 4563 4564 4566 4568 4569 4570 4574 4575 4576
70 128 142 867 893 894 1233 1234 1235 2944 2945 2950 2951 2955 2956 2964 2966 2968 2983 2986 2987 2991 2996 2997 2998 3001 3002 3006 3322 3323 3324 3325 3326 3327 3331 3332 3333 3334 3537 3538 3548 3549 3551 3552 3554 3878 3879 3880 3882 3883 3884 3885 3886 3888 3889 3891 3893 3894 3895 3896 3899 3901 5221 5222 5223 5224 5225 5231 5243 5253 5255
19 132 148 657 1156 1188 1191 1192 1193 1194 1195 1201 1224 1225 1229 1236 1237 2434 2435 2436
29 135 153 359 371 2687 2690 2697 2703 2709 2713 2714 2716 2957 4001 4002 4004 4005 4006 4007 4009 4010 4013 4015 4016 4030 4031 4032 4035 4037
4 141 154 693 697
20 146 1238 1239 1241 1242 1243 1244 1254 1346 1367 2746 2748 2749 2793 2795 2796 2889 2892 2893 2895
94 152 157 174 175 179 517 1382 1388 1391 1393 1490 1501 1505 1506 1519 1521 1522 3041 3058 3060 3061 3063 3069 3072 3079 3081 3089 3090 3091 3093 3103 3104 3105 3106 3183 3184 3185 3188 3253 3255 3276 3280 3286 3287 3288 3289 3291 3292 3293 3294 3307 3318 3319 3321 3328 3337 3343 3345 3524 3525 3529 3920 3925 3928 3930 3935 3938 3947 3960 3964 3965 3966 3967 3968 3969 3974 3975 3976 3977 3987 3988 3990 3994 4041 4044 4045 4047 4048 4049 4050 4051 4055 4057 4058
67 156 158 159 160 1541 1544 1546 1565 1570 1572 1578 1610 1611 1618 1629 2467 4100 4101 4104 4106 4107 4108 4112 4116 4118 4133 4137 4138 4142 4172 4173 4174 4176 4177 4179 4180 4181 4183 4184 4688 4689 4690 4692 4693 4697 4698 4700 4706 4707 5139 5141 5142 5143 5150 5153 5154 5155 5158 5164 5168 5169 5170 5172 5177 5179 5180 5193
17 161 163 164 166 2682 2683 2694 2724 2731 2761 2762 2764 2767 2768 2769 2773 2786
13 170 171 173 187 188 191 198 391 392 397 402 408 411
78 180 583 597 599 758 768 769 2167 2168 2169 2170 3107 5743 5744 5746 5748 5749 5750 5751 5753 5756 5757 5759 5760 5762 5769 5772 5773 5778 5781 5782 5783 5784 5785 5791 5794 5795 5804 5805 5819 5822 5826 5827 5833 5834 5835 5836 5839 5840 5842 5843 5844 5849 5859 5876 5877 5894 5897 5924 5925 5930 5963 5964 5969 5971 5972 5973 5974 5977 5979 5982 5984 5985 5993 5994 5995 6002 6051
16 182 184 208 209 214 430 442 2304 2305 2306 3354 3357 3362 3364 3372 3375
9 193 482 484 490 492 536 662 672 1289
46 196 2313 2314 2316 2317 2330 2331 2333 2335 2336 2385 2806 2808 2809 5529 5530 5532 5534 5535 5536 5542 5544 5545 5546 5547 5548 5552 5553 5554 5557 5558 5570 5571 5572 5579 5580 5581 5583 5585 5586 5591 5731 5732 5735 5737 5738
68 199 217 1313 3392 3394 3398 3401 3404 3482 3486 3494 3496 3498 3511 3512 3518 3519 3520 3521 3559 3567 3571 3575 3577 3611 3612 3613 3617 3621 3636 3637 3638 3639 3641 3643 3644 3645 4240 4242 4244 4245 4250 4251 4253 4258 4261 4262 4263 4264 4266 4267 4271 4277 4279 4280 4281 4282 4283 4286 4287 4332 4340 4341 4343 4344 4345 4582 4585
13 200 234 453 2464 2465 2466 2471 2473 2475 2476 2477 2479 2480
31 205 2533 2591 2593 2595 2599 2600 2601 2603 2604 2605 2632 2637 2638 2640 2641 2645 2646 2647 2648 2652 2654 2655 2661 6110 6115 6116 6126 6129 6134 6135
67 207 215 218 2311 2896 2909 2910 2917 2926 2970 2972 2974 2975 2978 2982 2990 3008 4066 4067 4068 4069 4070 4075 4081 4082 4083 4084 4085 4088 4089 4092 4097 4631 4643 4691 4695 4712 4713 4716 4717 4718 4719 4721 4730 4731 4741 4745 4746 4755 4757 4758 4759 4760 4761 4765 4766 4768 4772 4776 4778 4779 4787 4792 4793 5265 5267 5273
32 216 221 238 247 702 712 1332 1368 1369 4185 4186 4187 4188 6210 6212 6213 6215 6216 7933 7945 7946 7947 8412 8444 8445 8446 8450 8451 8456 8459 8463 8465
39 220 240 3157 4601 4604 4605 6335 6340 6341 6342 6344 6346 6347 6348 6349 6354 6355 6356 6359 6360 6366 6368 6372 6376 6377 6385 6386 6387 6389 6390 6395 6396 6399 6400 6403 6410 6411 6412 6413
4 223 260 844 845
156 232 249 320 342 993 994 995 998 1023 1073 1088 1091 1092 1095 1096 1105 3111 3114 3115 3121 3122 3124 3125 3127 3128 3129 3133 3136 3142 3145 3146 3147 3148 3182 3189 3190 3191 3192 3194 3196 3199 3201 3202 3750 3751 3752 3776 3819 3820 3822 3836 3837 3840 3909 4059 4060 4061 4099 4102 4189 4190 4191 4193 4195 4196 4323 4324 4330 4346 4352 4619 4627 4628 4629 4630 4633 4634 4635 4684 4701 4702 4796 4797 4798 4924 4925 4926 4927 4942 4943 4945 4951 4952 4961 4967 4968 4970 4971 4972 4973 5040 5044 5111 5113 5115 5116 5117 5118 5120 5123 5127 5128 5129 5130 5131 5135 5137 5138 5140 5156 5157 5159 5160 5161 5212 5213 5214 5215 5232 5237 5238 5239 5242 5245 5247 5248 5249 5251 5252 5260 5261 5262 5264 5278 5279 5281 5282 5285 6055 6056 6057 6058 6059 6060 6061 7911
1 233
25 236 253 3171 3172 3173 4671 4672 4675 4680 5519 5520 5521 5523 5524 5525 5526 5628 5630 5633 5668 5669 5670 5671 5673 5674
21 241 770 1409 1410 1411 1412 1413 1414 1416 1417 1427 1429 1430 1431 1432 1456 1462 1463 1548 1551 6090
17 246 1108 1660 1662 1687 1782 1784 1787 1788 1789 1791 6104 6107 6108 6136 6144 6148
47 248 825 6456 6457 6458 6469 6472 6473 6475 6476 6481 6482 6483 6485 6486 6489 6501 6507 6508 6509 6511 6758 6760 6766 6767 6768 6772 6773 6776 6831 6834 6836 6838 6852 6855 6857 6858 6864 6865 6883 6889 6890 6891 6892 6894 6896 6898
9 262 3348 3350 3351 3425 3426 3427 3434 3436
10 264 458 1655 4611 4613 4637 4639 4641 4642 4644
24 265 6205 6206 6208 6209 6221 6225 6226 6227 6228 6236 6237 6238 6240 6300 6302 6306 6308 6318 6320 6417 6419 6421 6422
8 266 280 282 6155 6156 6160 6161 6164
49 267 1453 1455 1803 1808 1811 2394 2397 2398 2438 2442 2443 2448 3477 3478 3655 3744 3745 3746 3748 8826 8827 8828 8830 8839 8840 8841 8842 8843 8844 8845 8860 8863 8864 8865 8866 8867 8869 8870 8871 8874 8875 8876 8878 8879 9400 9401 9409 9410
26 268 952 956 961 962 963 1846 1847 1850 1861 1862 1863 1864 6269 6296 6298 6299 6309 6310 6314 6316 6415 6431 6433 6435 6441
5 270 541 550 557 582
14 279 1116 1264 1265 1292 1293 1294 1297 2068 2069 2070 2072 2106 2107
7 284 1375 2519 2520 2523 6624 6627
4 285 964 968 969
40 286 288 294 295 297 656 658 1336 1380 1381 1918 1939 2811 2816 2837 2839 2840 2841 2844 3749 3841 3859 4391 4392 4393 4400 4401 4405 4408 4409 4411 4595 4608 4652 4653 4655 4656 4657 4658 4659
36 298 2163 2164 2177 2180 2211 3010 3012 3014 3154 3224 3234 3239 3724 3725 3728 3729 3941 3943 4536 4541 4549 4554 4558 4588 4589 4590 4662 4663 4665 4666 4753 4754 4756 4774 4775
74 302 797 1400 1402 1439 1440 1443 2264 5050 6676 6678 6679 6681 6682 6690 6691 6694 6698 6700 6710 6711 6713 6721 6722 6725 6726 6728 6729 6730 6744 6745 6750 6753 6755 7092 7098 7099 7100 7107 7123 7129 7132 7133 7134 7165 7200 7202 7203 7204 7210 7211 7212 7215 8768 8787 8788 8793 8794 8795 8801 8805 9578 9582 9585 9586 9589 9590 9592 9593 9594 9595 9596 9597 9600
43 306 307 1306 1315 6936 6938 6942 7015 7016 7017 7026 7027 7028 7030 7031 7032 7033 7034 7035 7037 7039 7040 7043 7046 7049 7087 7088 7089 7127 7140 7144 7145 7147 7148 7149 7150 7152 7153 7490 7501 7506 7520 7534
2 312 2388
12 316 2268 5052 5053 5054 7222 7223 7228 7230 7231 7233 7234
11 319 346 2382 2386 6177 6181 6183 6184 6268 6270 6271
7 321 5291 5294 5389 5390 5391 5392
27 326 1515 1523 1631 1634 5057 5058 5061 5109 5112 5119 5121 5126 5132 5133 5134 5145 5185 5186 5190 5194 5198 5199 5200 5203 5207 5208
36 329 1639 1646 2123 5318 5319 5376 5377 5379 5382 5384 5385 5387 5388 5393 5394 5403 5406 5408 5431 5432 7084 7085 7090 7188 7189 7190 7191 7192 7219 7220 7240 7242 7245 7246 7260
51 332 373 381 1740 1741 1792 1794 1798 5489 5683 5684 5690 7380 7381 7384 7385 7387 7388 7389 7393 7394 7395 7396 7404 7405 7408 7409 7410 7420 7422 7437 7440 7448 7449 7450 7451 7452 7453 7459 7461 7464 7465 7468 7472 7474 7475 7476 7477 7482 7483 7492
3 333 336 341
10 344 5300 5301 5303 5304 5306 5307 5308 5309 5320
15 347 4878 4880 4881 7929 7930 8241 8292 8293 8294 8296 8302 8308 8310 8311
2 348 1651
33 352 356 383 387 429 444 975 976 1395 1396 5588 5589 5593 5614 5618 7279 7280 7293 7294 7295 7296 7297 7298 7300 7305 7307 7310 7311 7313 7314 7317 7318 7319
10 357 372 2392 2414 2415 2420 2422 3019 3020 3021
35 358 455 5433 5434 5439 5440 5441 5450 5452 5460 5462 5463 5468 5600 5604 5605 5625 5626 5637 5639 5640 5649 5651 5654 5657 5664 5665 5676 5680 5681 9187 9188 9207 9208 9212
47 363 457 460 461 773 775 809 5694 5695 5699 5700 5702 5705 5706 5708 5714 5715 5723 9294 9297 9299 9300 9302 9303 9304 9305 9314 9317 9318 9329 9330 9364 9369 9371 9372 9373 9374 9376 9377 9394 9395 9397 9398 9399 9414 9417 9418
16 374 2452 2453 2481 6073 6074 7322 7338 7340 7344 7345 7346 7347 7348 7648 7649
29 380 388 1221 1223 1228 1253 1255 6444 6445 6446 6449 6451 6453 6454 6462 6465 6512 6515 6517 6518 6521 6522 6523 6527 6529 6534 6571 6574 6575
29 385 390 6635 6636 6643 6645 6646 6647 7351 7352 7353 7355 7357 7363 7365 7366 7370 7371 7425 7431 7432 7434 7436 7439 7441 7443 7447 7455 7456
28 389 393 412 504 509 5741 5742 5747 5855 5856 5857 5858 5865 5866 5879 5882 5893 5898 5899 5900 5901 5902 5931 5936 6167 6168 6170 6172
37 394 513 518 6656 7598 7599 7600 7612 7614 7615 7618 7629 7630 7631 7646 7650 7652 7833 7834 7836 7839 7895 7904 7907 8500 8501 8511 8512 8513 8515 8516 8520 8544 8545 8546 8547 8548
11 395 396 6186 6189 6878 6884 6900 6901 6903 6905 6906
22 406 520 2087 2088 6201 6264 6934 6935 6939 6944 6945 6950 6951 6953 6962 6963 6965 6968 6970 6971 6973 6974
48 409 462 464 5693 5696 5697 5719 5730 5736 6658 6661 6667 6866 6868 6869 6870 6872 6873 6874 6875 6876 6877 6902 6907 6912 6913 6933 6940 6975 6976 6977 6984 6991 6992 6993 6994 6995 6997 6998 6999 7000 7001 7003 7005 7006 7007 7009 7010
35 414 728 1843 1983 1984 1994 1995 2484 2491 2995 2999 7064 7069 7073 7078 7080 7081 7091 7096 7097 7101 7109 7110 7112 7113 7114 7115 7116 7117 7118 7122 7124 7136 7137 7162
10 415 6576 9903 9908 9909 9910 9912 9915 9917 9918
47 420 495 2080 2085 2086 2089 2222 2285 2429 2430 2431 7658 7659 7664 7665 7669 7671 7672 7673 7674 7675 7676 7677 7682 7683 7685 7686 7699 7700 7701 7703 7706 7707 7708 7710 7713 7761 7763 7765 7767 7769 7770 7802 7803 7805 7884 7885
40 421 448 7551 7568 7924 7926 8494 8495 8496 8497 8498 8499 8502 8503 8504 8505 8507 8509 8517 8518 8519 8523 8524 8525 8531 8539 8646 8647 8651 8652 8653 8654 8655 8657 8658 8665 8666 8667 8669 8670
2 425 496
72 428 622 2299 2312 2320 2321 2323 2324 2326 2329 7570 7571 7573 7578 7579 7580 7581 7582 7584 7586 7588 7591 7593 9486 9488 9489 9490 9495 9496 9499 9500 9501 9504 9505 9511 9515 9516 9517 9521 9526 9527 9675 9676 9681 9685 9686 9707 9709 9712 9716 9717 9718 9719 9720 9721 9722 9723 9746 9749 9751 9753 9754 9755 9757 9759 9760 9761 9763 9764 9765 9778 9786
6 433 2160 3211 3214 5883 5885
61 434 491 8974 8975 8980 8981 8983 8984 8986 8997 8998 9001 9011 9014 9015 9022 9029 9030 9032 9045 9046 9049 9050 9056 9057 9058 9059 9061 9063 9077 9079 9081 9085 9087 9088 9091 9093 9097 9098 9099 9107 9108 9114 9122 9124 9125 9139 9140 9144 9148 9157 9159 9160 9161 9422 9430 9434 9435 9436 9437 9438
33 440 729 745 750 751 756 978 6634 6637 7854 7889 7890 7891 7893 7894 7896 7897 7901 7902 7922 7923 8724 8725 8726 8727 8728 8729 8744 8893 8906 8907 8908 8909
6 445 449 847 2212 2214 4978
35 452 521 522 646 1301 1302 1324 2356 2389 2399 2400 6651 6653 6655 6657 6662 6669 6671 6672 6673 9447 9448 9452 9467 9468 9470 9471 9473 9474 9540 9541 9548 9549 9550 9555
22 456 530 533 701 703 715 762 853 2358 2362 2387 2402 2404 2408 2409 2412 2424 2426 2428 2432 2449 2497
16 459 2758 2759 2765 2766 2777 2778 7012 7014 7019 7057 7059 7060 7061 7062 7063
15 468 539 764 7875 7879 7882 7886 9973 9975 9976 9977 9981 9985 9990 9991
1 470
6 473 563 565 595 1844 2451
37 474 479 480 8884 8885 8886 8890 8891 8931 8933 8934 8936 8937 8939 8940 8949 8950 8951 8953 8962 8963 8965 8987 8993 8994 9002 9003 9167 9171 9181 9183 9184 9185 9189 9190 9191 9192
3 487 497 7272
3 489 534 537
11 493 500 1858 1876 1904 1905 1950 1998 1999 2002 2518
5 506 2557 2558 2560 2561
1 511
4 514 1202 2581 2582
5 515 545 618 2100 2103
1 519
37 525 561 7850 9237 9241 9242 9243 9244 9258 9259 9260 9261 9262 9263 9265 9266 9267 9268 9269 9270 9271 9273 9274 9275 9286 9287 9288 9289 9292 9298 9308 9309 9310 9312 9313 9331 9346
31 540 544 566 7636 7637 7638 7639 7640 7655 9352 9353 9466 9476 9482 9483 9487 9498 9502 9506 9507 9508 9536 9539 9563 9566 9570 9571 9573 9602 9603 9604
25 548 570 574 9203 9209 9211 9213 9214 9217 9221 9224 9225 9226 9227 9229 9230 9235 9238 9239 9245 9250 9252 9253 9254 9255
5 560 626 632 3384 3386
7 577 580 765 2639 2663 2679 2681
28 581 7806 9623 9624 9626 9629 9630 9633 9638 9639 9640 9641 9644 9645 9848 9849 9850 9851 9852 9853 9854 9855 9859 9861 9862 9864 9865 9866
35 593 594 789 798 803 1204 1205 1207 1213 1477 1479 3170 3174 3175 3176 3177 3178 3204 3215 3216 3217 3223 3308 7822 7823 7825 7830 7837 9931 9934 9950 9953 9965 9967 9968
16 596 598 605 608 2722 2726 2733 2736 2737 8328 8329 8331 8377 8378 8382 8395
5 600 846 848 851 852
6 604 1509 6276 6277 6278 6279
11 610 633 1360 1362 2745 2752 2754 2785 2787 2849 2850
19 611 863 885 2929 2932 3005 3007 3017 3028 3029 3033 3035 3036 3037 3039 3040 3043 3046 3074
26 615 644 732 7374 7375 7376 7379 7386 7528 7529 7530 7541 7542 8711 8712 8723 8737 8738 8741 8742 8755 8758 8762 8765 8767 8770
13 616 8486 8487 8584 8586 8587 8603 8605 8606 8624 8625 8626 8631
6 619 635 971 972 974 1001
1 624
11 625 634 5802 5811 5812 6284 6286 6288 6292 6293 6632
9 636 804 807 2118 2158 2162 3388 3402 3403
14 639 1218 1219 1220 1226 1256 1258 1259 1266 7868 7927 7932 7956 7970
1 641
18 642 810 817 818 8405 8411 8420 8429 8431 8432 8433 8436 8438 8439 8440 8441 8442 8443
4 645 1285 1286 2288
19 649 2108 2110 2113 2115 5056 5091 5295 5296 5297 5321 5340 5363 5667 9194 9195 9199 9277 9358
2 650 2530
8 651 8403 8406 8407 8408 8466 8469 8470
18 659 660 661 8073 8074 8076 8079 8085 8086 8088 8091 8099 8100 8220 8221 8222 8223 8225
18 665 673 1203 1216 2563 2564 2567 8913 8914 8915 8917 8919 8920 8922 8929 8943 8944 8945
11 671 679 690 734 742 2571 7265 7274 7276 7312 7315
13 677 7866 7867 7869 7871 7872 7873 7874 7888 7914 7915 7916 7917
2 683 1270
14 685 760 826 3473 3480 3481 3495 3500 3505 3506 3508 3515 3516 3517
15 686 866 1358 1370 1372 3689 3693 3694 3695 3713 5886 5887 5888 5946 5950
3 687 691 696
4 700 1513 3085 3116
5 705 1581 1657 1659 1665
1 711
2 721 730
1 722
5 731 8701 8703 8714 8715
12 740 743 827 2872 2880 2888 2899 2943 2949 2979 2993 2994
14 749 8212 8215 8219 8318 8320 8321 8325 8332 8334 8341 8355 8358 8360
35 752 3449 3451 9455 9458 9460 9461 9462 9463 9613 9660 9661 9729 9734 9738 9739 9742 9743 9744 9774 9807 9808 9809 9810 9811 9812 9815 9817 9818 9819 9832 9833 9834 9840 9841
19 753 861 1280 1281 5956 5957 5961 5989 5990 5997 5998 6000 6001 6003 6004 6013 7497 7500 7502
12 754 3737 3770 3771 3790 3843 3862 4000 4079 4080 4098 4111
23 755 2289 2290 2345 9360 9361 9362 9363 9366 9367 9370 9375 9378 9379 9425 9426 9427 9429 9439 9440 9441 9442 9444
6 757 3151 3153 3156 3160 3161
3 759 2580 2789
9 771 830 1507 1511 1563 2606 2607 2609 2611
12 777 891 9874 9875 9879 9888 9889 9890 9891 9892 9893 9895
12 778 889 9899 9901 9920 9921 9922 9923 9937 9939 9940 9941
15 782 1279 6541 6547 6548 6557 6558 6565 6566 6570 6572 6577 7865 7870 7887
6 783 4199 4208 4230 4236 4237
1 788
15 790 896 897 3556 3557 3558 3560 3561 3591 3716 3717 8071 8107 8139 8151
25 791 832 921 3162 3163 4428 4431 4432 4434 4436 4438 4451 4456 4457 4459 6424 6425 6426 6427 6428 6429 6430 6432 6439 6442
5 793 923 2263 2266 2267
2 794 849
22 808 4311 4312 4320 8188 8201 8202 8482 8489 8490 8492 8493 8508 8570 8577 8578 8597 8609 8610 8613 8614 8619
11 812 1636 1652 2710 2711 2712 9005 9006 9007 9008 9018
11 815 1458 1502 2065 6603 6604 6607 6608 6719 6731 6732
2 816 819
21 821 4668 4711 4723 4725 4727 4734 4736 4738 4742 4743 4749 4751 4763 4815 4842 4844 4847 4851 4861 4872
4 831 1330 1331 3952
8 834 2146 2147 2148 2172 3424 5210 5211
8 837 860 9801 9803 9804 9805 9843 9873
2 838 1327
7 850 864 2744 2755 2756 2757 2791
4 855 1398 1401 1503
24 857 5817 5818 5831 5832 5837 5838 5841 5846 5847 5848 5854 5862 5874 5875 5878 5890 5891 5892 5943 5945 5947 5951 5953
11 858 943 1020 1064 1076 1077 3590 3592 3594 3648 3649
2 859 6598
6 862 868 927 945 2805 2807
10 865 1078 4473 4474 4475 4480 4481 4483 4487 4490
1 869
3 871 877 1473
11 876 4305 4351 4355 4356 4357 4387 4389 4390 4396 4412
6 878 985 2279 2280 2282 6076
4 880 4535 4538 4556
1 882
6 883 980 981 1568 1569 3030
9 888 991 1080 1089 1103 1531 1532 1534 3913
18 890 4648 4651 5235 5236 5287 5364 5796 5799 5800 5814 6016 6018 6020 6025 6026 6027 6029
3 901 988 3168
12 913 3075 3076 3077 3150 3152 3169 3179 3180 3181 3186 3197
12 914 1580 8833 8834 8835 8836 8882 8883 8892 8894 8897 8898
20 922 1376 2851 2852 2854 2855 2857 2864 2865 6367 6375 6378 6379 6380 6382 6383 6592 6601 6605 6614
2 924 1106
19 925 1014 1021 1024 1025 1029 1562 1571 1630 1654 2845 2882 2884 6841 6846 6847 6848 7172 7178
26 926 982 1698 1706 1783 1821 1828 2179 2182 2183 2191 2192 3004 3022 6069 6071 6109 6117 6118 6124 6137 6139 7543 7546 7550 7553
1 936
1 940
2 947 1615
1 950
1 953
9 959 6031 6045 6064 6095 6150 6151 6152 6153
1 966
2 970 977
20 979 984 1723 1732 2454 8822 8831 8837 8838 8855 8857 8858 8859 8900 8912 8923 8946 8947 8954 8955
16 983 7622 7623 7625 7626 7633 7634 7661 7662 7663 7678 7679 7681 7684 7723 7726
5 986 1107 4938 4941 4964
11 992 3222 3261 3265 3266 3268 3269 3271 3275 3277 3279
6 996 1000 1138 1140 1141 1150
6 997 1354 1357 7815 7816 7817
9 999 2270 2373 2375 2376 6839 6850 6863 6921
5 1002 1189 1196 1208 3457
19 1005 6735 6738 6741 6742 6743 6747 6748 6749 6763 6765 6769 7335 7336 7350 7391 7400 7401 7417
1 1010
10 1012 1053 1054 1750 1751 1752 1755 4975 4976 4977
12 1013 2458 3720 3721 3722 3726 5003 5019 6194 6198 6199 6202
5 1016 1047 1790 7840 7841
4 1017 7759 7760 7764
3 1018 7855 7856
4 1019 6162 6163 6173
2 1028 1079
2 1033 2487
5 1046 2482 2483 8064 8068
8 1051 1052 1829 1878 8172 8173 8203 8810
12 1059 1075 3300 3301 3302 3303 3304 3306 3309 4511 4515 4516
24 1066 1090 3452 3454 3458 3465 3466 3662 3674 3675 3676 7216 7221 7225 7226 7237 7251 7252 7845 7846 7847 7848 7851 7852
19 1067 1093 1094 1960 1963 1982 6283 6289 8968 8969 8970 8971 8972 8990 8996 9004 9464 9465 9478
9 1068 1734 1735 1743 3203 3205 3206 5220 5227
9 1070 1986 1987 3736 3851 3852 3865 3866 3868
3 1074 1359 1361
2 1084 5002
9 1085 1365 1366 3874 6192 6193 6242 6245 6246
10 1087 3219 8642 8643 8664 8689 8690 8695 9574 9577
5 1098 1128 1504 1997 7965
17 1102 1674 1675 1677 1682 9565 9567 9587 9605 9608 9614 9617 9618 9620 9956 9957 9958
4 1104 1267 1269 1295
5 1109 1111 1117 2496 2498
1 1119
2 1120 1298
6 1124 1127 1157 4018 4019 4020
19 1133 1139 1158 1451 2042 2044 2050 2051 2052 2064 2066 2073 4029 7971 7973 7975 7983 7990 7991
4 1162 6323 6326 6327
11 1165 1167 1275 1278 1283 1291 3297 3298 3299 3310 3311
2 1169 2505
3 1173 2130 2291
3 1174 1296 6784
7 1176 1480 3414 4039 8306 9634 9642
3 1183 8777 9947
1 1184
8 1186 1187 1190 3691 6809 6819 6820 6821
11 1206 1459 1510 7167 7170 7179 7180 7181 7185 7186 7187
2 1210 1212
1 1211
2 1214 1474
5 1215 1483 1584 2536 2537
3 1217 1230 3906
10 1222 1299 1314 2096 2097 2109 8957 8960 9024 9025
1 1227
2 1231 2585
5 1232 8209 8211 8214 8216
7 1240 3627 9026 9038 9039 9040 9041
4 1257 1273 3934 3936
11 1260 1274 4303 4304 4306 4307 4308 4427 7771 7773 7774
7 1261 2178 2193 2223 2224 2622 2623
1 1287
6 1290 1535 2278 2351 2354 2367
13 1300 1304 1334 4223 4229 4238 4239 4241 4246 4248 4249 4252 4254
6 1307 1373 1374 9150 9151 9152
12 1308 2220 2303 2310 2315 2457 2460 4042 9561 9564 9612 9615
7 1309 1460 1702 4469 4470 4509 4518
2 1310 1378
5 1312 1320 1592 1602 1607
3 1319 1720 2630
4 1321 1802 1807 1812
6 1325 1326 1386 1387 1389 1638
12 1328 8249 8250 8251 8252 9662 9663 9670 9671 9672 9677 9679
5 1329 1545 1561 4520 4532
5 1338 2738 2739 2792 2885
2 1351 2706
2 1352 2626
7 1353 2445 3047 3050 3051 3052 4274
2 1355 4291
2 1356 8244
1 1363
6 1364 1377 1383 2574 2575 8779
2 1371 1815
13 1379 3875 3877 3887 3897 3911 3912 3917 3919 3921 3922 3923 3931
4 1384 6795 6796 6798
1 1385
6 1390 1394 4078 4086 4153 4197
2 1392 2732
1 1397
5 1403 3109 3242 3244 3946
1 1404
2 1405 1859
6 1406 2319 3738 4873 4874 4877
6 1407 1415 1433 1487 1498 2456
5 1408 1420 1452 2495 2507
4 1424 1441 1442 1446
8 1437 1444 1763 3358 8817 8851 8852 9558
1 1445
2 1448 1449
7 1450 3609 3610 3615 3944 3953 3956
4 1457 2584 2586 2587
4 1461 2515 4578 4586
1 1464
2 1465 1484
2 1471 3959
10 1472 1476 4903 4904 4905 9820 9821 9823 9826 9827
3 1478 9652 9782
6 1481 9779 9794 9797 9798 9799
21 1482 2517 2521 3246 3254 3258 3259 3260 3264 3272 3278 3281 3284 3315 3317 3320 3330 3342 4560 4562 4571
2 1485 1508
6 1488 3646 3677 3690 4310 4326
4 1489 1897 1901 4965
9 1491 1495 2965 2967 3026 3049 3056 3347 3349
6 1492 1512 1514 9806 9813 9971
4 1493 1842 1845 4026
3 1517 2916 2927
3 1520 1526 1801
2 1524 1868
12 1525 1870 2121 2201 2202 2204 2534 2562 2569 2573 2576 2620
1 1527
3 1528 4969 4979
1 1529
9 1530 2633 2635 2636 2642 2643 2644 2656 2668
1 1533
2 1537 3355
4 1547 1549 1776 1778
1 1550
9 1553 1906 3741 3742 3743 3761 4709 5487 5527
4 1554 1560 1567 2670
3 1564 1871 1877
6 1566 1579 1582 5162 5163 5173
2 1577 1583
2 1585 1974
7 1586 8282 8284 8288 8303 8304 8388
