35 0 2 3 4 5 6 11 12 17 20 30 34 35 36 37 38 39 40 42 43 45 46 48 50 51 52 55 56 59 60 61 62 64 65 85
44 1 8 13 14 19 28 70 71 78 79 95 99 102 103 123 125 127 131 132 133 135 137 141 142 148 154 155 159 160 196 201 211 213 216 219 221 222 225 227 228 229 230 232 233
48 7 82 84 87 88 107 109 111 112 119 260 265 293 303 305 307 309 310 313 315 317 318 319 321 326 327 328 329 332 333 334 336 337 338 339 340 372 374 377 378 386 392 394 395 396 410 414 419
135 9 25 120 245 247 249 250 252 255 256 257 259 261 263 266 267 269 270 271 272 273 274 279 284 286 287 353 354 356 357 358 359 361 362 431 432 433 436 437 438 441 447 2829 2882 2883 2884 2885 2890 2891 2892 2893 2896 2902 2913 2914 2915 2920 2921 2922 2923 2924 2926 2927 2931 2933 2934 2935 2938 2942 3328 3333 3334 3352 3353 3354 3365 3368 3374 3377 3378 3381 3396 3398 3400 3408 3413 3421 3422 3508 3512 3513 3516 3517 3658 3664 3666 3670 3674 3676 3679 3681 3682 3683 3684 3685 3686 3689 3693 3695 3696 3698 3699 3705 3706 3708 6933 6934 6936 6937 6939 6940 6941 6944 6945 6952 7178 7212 7213 7215 7227 7228 7230 7231 7233 7234
58 10 122 163 164 165 173 174 175 176 177 178 182 183 191 192 421 423 430 443 444 446 448 456 459 467 468 469 477 479 480 489 491 493 494 495 498 499 500 501 505 507 509 517 524 527 528 529 530 531 4005 4007 4008 4034 4036 4037 6377 6412 6413
23 15 18 237 239 240 563 564 565 566 587 608 609 615 616 623 628 630 632 635 638 660 661 697
62 16 21 23 24 702 703 704 705 706 707 708 710 711 957 958 959 961 962 963 966 992 995 996 997 998 999 1000 1001 1025 1026 1029 1031 1049 1050 1052 1056 1057 1059 1060 1062 1063 1068 1074 1076 1077 1080 1081 1082 1084 1088 1090 1095 1097 1098 1099 1136 1170 1172 1173 1174 1176 1177
11 22 29 351 400 401 450 451 717 720 721 722
219 26 32 57 67 69 74 76 81 89 90 91 94 96 121 732 748 749 771 772 776 780 781 784 785 786 790 791 792 795 796 849 891 899 900 1464 1467 1470 1482 1483 1484 1489 1490 1492 1493 1495 1496 1499 1500 1501 1503 1528 1542 1543 1547 1548 1549 1551 1630 1631 1632 1636 1637 1818 1819 1820 1825 1828 1829 1832 1833 1834 1844 1848 1850 1852 1853 1854 1855 1856 1861 1862 1863 1864 1873 1874 1895 1896 1897 1898 1899 1901 1903 1906 1907 1908 1909 1910 1916 1932 1934 1937 1941 1942 1943 1945 1950 1953 1954 1993 6498 6507 6508 6509 6510 6516 6517 6519 6520 6521 6528 6529 6532 6539 6542 6546 6768 6770 6771 6775 6776 6783 6797 6818 6821 6846 6847 6848 6851 6855 6857 6858 6876 6877 6879 6880 6884 6888 6889 6890 6891 6892 6894 6896 6899 6901 6916 6922 6923 6924 6927 6928 6929 6976 6978 6979 6980 6982 6983 6985 6986 7001 7003 7004 7024 7025 7026 7027 7028 7029 7069 7070 7074 7081 7082 7083 7084 7085 7089 7101 7109 7110 7112 7113 7122 7124 7125 7146 7147 7148 7149 7151 7152 7159 7160 7161 7163 7164 7172 7176 7177 7180 7181 7183 7184 7187 7356 7359 7360 7364
59 27 31 551 552 553 554 556 813 814 815 818 823 827 828 835 836 841 844 847 856 860 873 874 875 882 886 887 888 889 903 905 907 909 910 911 912 914 918 920 923 924 926 928 930 932 933 934 935 939 940 955 960 8251 8252 8258 8260 8263 8264 8265
5 33 53 54 80 98
39 41 620 621 642 643 644 649 657 659 662 663 664 667 668 669 671 672 700 701 709 713 726 727 730 1013 1014 1015 1104 1108 1112 1120 1124 1125 1126 1129 1145 1150 1181 1185
35 44 485 543 547 1334 1336 1337 1341 1345 1358 1359 1360 1362 1367 1369 1405 1409 1410 1411 1413 1420 1421 1422 1424 1425 1426 1429 1430 1431 1432 1439 1441 1442 1444 1445
47 47 810 811 816 817 819 2649 2650 2651 2654 2656 2658 2659 3834 3835 3836 3837 3838 3854 3855 3856 3857 3975 3976 3977 3979 3985 3997 3998 4003 4004 4009 4010 4013 4029 4031 4038 4044 4045 4046 4047 4049 4050 4051 4055 4057 4058
87 49 58 130 134 136 194 195 605 606 607 641 1208 1210 1211 1225 1226 1228 1229 1231 1233 1234 1237 1238 1239 1240 1241 1242 1244 1245 1246 1247 1248 1249 1250 1251 1256 1257 1258 1259 1262 1263 1268 1446 1447 1451 1452 1453 1455 1457 1466 1468 1469 1472 1473 1685 1689 1690 1704 1706 1707 1708 1709 1710 1711 1712 1713 1717 1718 1723 1724 1726 1728 1732 1734 1735 1736 1741 1742 1746 1747 1748 1749 1750 1751 1753 1755 1766
1 63
12 66 167 169 170 172 1004 1006 1011 1012 1016 1017 1154
7 68 72 199 202 1771 1777 1778
42 73 86 138 139 235 982 984 989 993 994 1002 1003 1008 1048 1053 1054 1091 1092 1100 1101 1113 1114 1119 1156 1161 1162 1163 1164 1165 1166 1168 1169 1187 1188 1190 1192 1193 1194 1196 1197 1198 1199
48 75 3313 3314 3315 3317 3320 3321 3323 3324 3325 3326 3327 3330 3331 3332 3337 3340 3341 3342 3345 3347 3348 3349 3388 3392 3395 3418 3425 3426 3427 3428 3438 3454 3455 3456 3457 3487 3488 3489 3490 3491 3492 3493 3498 3500 3502 3503 3504
21 77 756 760 761 770 800 802 804 805 806 807 822 824 1272 1273 1277 1281 1284 1287 1288 1289
24 83 100 156 157 158 161 162 472 476 481 511 2046 2048 2050 2053 2054 2063 2070 2071 2072 2080 2082 2083 2084
81 92 146 521 522 523 525 526 532 536 544 545 546 549 550 557 558 559 560 561 1309 1311 1317 1318 1326 1329 1330 1331 1348 1349 1350 1963 1966 1967 2013 2014 2015 2026 2030 2031 2088 2092 2093 2095 2104 2108 2112 2119 2127 2128 2131 2133 2134 2170 2187 2188 2190 2192 2199 2218 2219 2220 2223 2224 2227 2228 2229 2232 2235 2236 2237 2239 2241 2242 2243 2244 2245 2246 2247 2248 2253 2254
19 93 104 590 591 593 595 617 1304 1305 1379 1393 1394 1399 1803 1809 1810 1811 1823 1851
21 97 197 750 751 753 754 954 967 970 972 974 975 976 977 2277 2278 2279 2280 2281 2282 2288
113 101 193 203 204 205 1271 1274 1279 1292 1294 1296 1314 1319 1324 1325 1328 1354 1355 1371 1372 1400 1401 1402 1403 1438 1476 1481 1485 1486 1524 1525 1526 1529 1545 1546 1556 1557 1558 1559 2256 2257 2274 2275 2300 2301 2303 2304 2305 2306 2309 2314 2316 2318 2319 2324 2331 2333 2334 2335 2336 2342 2344 2347 2353 2354 2356 2365 2366 2369 2370 2371 2373 2374 2380 2383 2395 2396 2397 2398 2408 2409 2410 2414 2415 2416 2418 2419 2420 2421 2430 2432 2433 2434 2442 2443 2457 2458 2459 2460 2462 2469 2470 2471 2474 2475 2484 2488 2489 2490 2492 2495 2496 2497
15 105 1587 1588 1589 1590 1591 1593 1595 1596 3123 3124 3125 3133 3141 3143
38 106 110 114 1135 1138 1140 1141 1142 1151 1152 1153 1516 1519 1520 1521 1522 2526 2527 2528 3283 3284 3287 3292 3293 3295 3296 3299 3300 3302 3303 3304 3306 3307 3310 3311 3384 3385 3386
17 108 115 153 285 288 290 291 292 298 1218 1222 1223 1235 2503 2508 2517 2518
41 113 1269 1275 1276 1278 1280 1285 1286 1291 1307 1313 1666 1667 1672 1767 1775 1784 1785 1786 1799 1801 2531 2532 2551 2556 2560 2562 2563 2565 2629 2630 3009 3010 3011 3013 3014 3015 3028 3030 3053 3057
37 116 149 1560 1561 1569 1570 1572 1573 1574 1575 1577 1579 1580 1603 1604 1606 1608 1609 1610 1611 1612 1613 1614 1615 2549 2558 2559 2575 2584 2585 2591 2592 2593 2594 2679 2680 2681
22 117 118 737 1628 1640 1647 1649 1654 1659 1661 1665 4627 4630 4631 4632 4633 4636 4638 4639 4640 4641 4644
13 124 7429 7431 7433 7437 7439 7440 7441 7442 7443 7444 7451 7456
2 126 6422
40 128 129 1601 1677 1679 1680 1681 1683 1694 1695 1697 2688 2690 2691 2701 2702 2705 2706 2717 2718 2720 2721 2723 2725 2726 2727 2728 2730 2732 2733 2735 2736 2737 2747 2748 2749 2773 2775 2778 2786
51 140 206 831 834 837 838 839 840 848 851 853 859 1721 1722 1790 1798 1957 1959 1960 1961 1962 1964 1965 1968 1970 1975 2037 2039 2041 2166 2167 2169 2171 2176 2179 2181 2201 2202 2203 2298 2307 2308 2381 2382 2385 2498 2804 2806 2810 9994 9995
85 143 223 242 1200 1351 1353 1357 1881 2158 2159 2160 2163 2164 2165 2185 2205 2206 2209 2210 2519 2520 2525 2529 2533 2535 2536 2537 2587 2827 2838 2839 2840 2841 2842 2843 2853 2854 2855 2856 2859 2860 2862 2950 2951 2953 3000 3001 3002 3003 3005 3006 3547 3553 3554 3583 3588 3606 3607 3619 3620 3622 3623 3624 3628 3629 3630 3631 3632 3633 3634 3737 3741 3742 3743 3744 3745 3746 3747 3752 3754 3762 3763 3764 3766 3767
11 144 145 2812 2813 2815 2817 2819 2823 2824 2866 3024
52 147 152 166 2670 3072 3081 3087 3089 3090 3093 3094 3095 3097 3102 3105 3106 3275 3277 3279 5361 5475 5476 5477 5479 5491 5498 5502 5504 5505 5508 5509 5510 5513 5543 5545 5547 5548 5550 5552 5553 5554 5556 5557 5559 5576 5591 5667 5669 5670 5671 5673 5674
47 150 180 302 323 325 347 1883 1885 1890 1891 3147 3151 3152 3157 3191 3192 3193 3197 3230 3233 3234 3237 3241 3242 3243 3244 3250 3252 3253 3254 3255 3262 3263 3266 3267 3269 3272 3273 3281 3282 3358 3387 3390 3410 3411 3414 3444
16 151 1621 1623 1625 1629 3178 3209 3210 3211 3213 3215 3217 3220 3221 3223 3227
57 168 198 268 366 741 742 867 949 950 3524 3525 3527 3529 3735 3736 3783 3784 3785 3787 3797 3798 3800 3814 3819 3820 3822 3824 3828 3829 3869 3870 3916 3919 3920 3921 3922 3923 3924 3925 3926 3927 3932 3933 3937 3938 3949 3950 3951 3952 7623 7626 7629 7631 7645 7646 7648 7649
29 171 181 2788 2789 3570 3962 3965 3967 3969 3972 3973 3987 3988 4061 4064 4065 4066 4067 4069 4070 4071 4072 4075 4079 4081 4082 4083 4085 4087
12 179 381 424 425 428 449 463 574 3573 3574 3576 3580
42 184 214 304 306 308 312 1892 1894 1905 1913 1914 1915 1917 1918 1920 1921 5334 5335 5339 5341 5354 5355 5357 5367 5368 5369 5371 5372 5380 5381 5384 5386 5394 5401 5403 5404 5405 5406 5408 5411 5412 5418
7 185 187 188 189 215 234 341
99 186 1929 1930 1989 1991 4109 4111 4167 4169 4171 4354 4381 4390 4391 4392 4393 4394 4395 4396 4397 4398 4399 4401 4403 4417 4419 4684 4686 4689 4691 4693 4694 4697 4698 4702 4708 4719 4720 4721 4737 4739 4740 4741 4746 4792 4793 4967 4968 4969 4970 4972 4974 4975 4976 4977 5030 5031 5032 5041 5042 5065 5788 5789 6465 6469 6470 6471 6472 6474 6475 6476 6477 6486 6487 6489 6490 6493 6494 6499 6549 6550 6553 6554 6556 6557 6558 6559 6560 6562 6563 6565 6566 6567 6568 6570 6571 6572 6574 6575
30 190 236 238 241 375 376 380 383 384 385 391 397 398 486 2124 2129 2135 2136 2137 2138 2139 2140 2141 2142 2145 2146 2147 2148 2153 2155
100 200 243 244 619 626 627 629 633 654 655 3649 3711 3712 3719 3731 3732 3733 3734 3886 3889 3890 3891 3892 3893 3895 3902 3903 3904 3905 3906 4096 4097 4207 4210 4212 4213 4214 4216 4217 4218 4220 4226 4228 4230 4231 4232 4238 4239 4240 4241 4244 4246 4247 4249 4250 4251 4252 4253 4257 4263 4264 4265 4266 4267 4270 4276 4277 4283 4286 4287 4292 4293 4294 4295 4297 4334 4337 4339 4343 4349 4350 4351 4352 4423 4425 4430 4431 4434 4436 4437 4442 4443 4445 4447 4448 4451 4461 4496 4498 4502
66 207 208 212 4190 4191 4192 4193 4194 4195 4196 4201 4202 4203 4206 4258 4261 4272 4278 4279 4280 4284 4285 4288 4289 4291 4307 4308 4310 4313 4314 4315 4316 4317 4319 4340 4341 4342 4365 4367 4421 4439 4441 4464 4465 4466 4467 4468 4469 4470 4473 4474 4475 4477 4479 4484 4488 4489 4490 4516 4552 4555 4560 4561 4574 4575 4576
22 209 248 674 677 2543 2546 2550 2552 2557 2561 8165 8172 8173 8174 8181 8183 8184 8185 8186 8191 8193 8194
26 210 344 2603 2604 2605 2609 2610 2611 4866 4910 4912 4920 4922 4923 4942 4944 4945 4947 4948 4949 4950 4951 4952 4953 4954 4964
39 217 1133 1134 1137 1182 1186 1189 1201 1515 1523 1787 1788 1789 1791 4593 4595 4600 4606 4612 4613 4614 4616 4617 4618 4626 4646 4648 4650 4651 4653 4654 4655 4656 4660 4661 4662 4663 4666 4678
92 218 2641 2645 2647 2660 2661 9192 9252 9253 9254 9255 9284 9285 9304 9305 9306 9314 9315 9316 9320 9330 9341 9342 9347 9350 9351 9352 9353 9369 9371 9372 9374 9379 9384 9385 9387 9388 9440 9441 9442 9443 9444 9466 9468 9470 9472 9473 9475 9476 9488 9489 9490 9493 9502 9503 9505 9545 9546 9547 9548 9549 9550 9574 9576 9579 9582 9583 9584 9585 9586 9589 9590 9591 9592 9593 9598 9602 9615 9623 9624 9625 9626 9628 9631 9634 9636 9637 9650 9780 9781 9782 9784
42 220 246 739 758 763 1009 1020 1021 1022 3052 3054 3055 3059 4798 4804 4805 4806 4809 4810 4814 4818 4820 4825 4829 4831 4832 4853 4854 4855 4856 4857 4859 4862 4863 4864 4865 4867 4868 4869 4870 4871 5107
12 224 5230 5235 5236 5239 5246 5248 5251 5252 5253 5254 5255
127 226 1047 1130 1131 1143 1144 1157 1795 1796 1805 1807 1812 2686 2687 2689 2692 2694 2713 2714 2716 5019 5023 5024 5028 5033 5303 5304 5306 5307 5308 5309 5310 5311 5313 5315 5317 5332 5333 5337 5445 5448 5449 5457 5458 5459 5466 5474 5478 5480 5481 5541 5542 5544 5564 5565 5567 5573 5574 5575 5596 5598 5599 5617 5618 5729 5750 5751 5753 5754 5759 5761 5762 5773 5775 5784 5785 5799 5802 5803 5804 5805 5815 5816 5817 5818 5819 5828 5833 5834 5835 5836 5850 5851 5923 5924 5926 5936 5939 5940 5941 5942 5943 5944 5945 5946 5949 5950 5962 5963 5964 5965 5967 5968 5970 6335 6345 6346 6347 6348 6350 6355 6358 6362 6365 6367 6368 6371
47 231 301 322 342 1212 8146 8157 8160 8162 8163 8164 8202 8204 8206 8209 8214 8216 8223 8226 8233 8244 8273 8274 8275 8277 8278 8279 8282 8283 8284 8285 8286 8287 8292 8294 8296 8298 8317 8370 8372 8373 8377 8378 8382 8383 8384 8387
9 251 2743 2744 2745 2746 2750 2751 3077 3080
28 253 3159 5106 5109 5110 5132 5133 5134 5135 5136 5137 5138 5140 5147 5148 5149 5150 5151 5152 5154 5155 5170 5171 5172 5175 5176 5177 5178
23 254 350 352 355 515 516 3162 3164 3165 3172 3173 4105 4107 4108 4117 4119 4120 4121 4123 4124 4125 4130 4131
10 258 275 276 278 412 484 487 488 1867 1868
8 262 3531 6237 6238 6239 6242 6243 6246
75 264 492 497 3541 3542 3546 3548 3549 3561 3572 3581 3582 3584 3585 3594 3597 3600 3615 3616 3625 3626 3635 3636 3637 3639 3643 3644 3646 3652 3831 3832 3833 3839 3840 3961 3964 3993 4100 4102 4106 4113 4114 4115 4118 4132 4133 4136 4137 4138 4141 4142 4144 4145 4146 4147 4148 4149 4151 4152 4153 4154 4158 4159 4163 4165 4166 4172 4173 4183 4184 7547 7548 7549 7550 7555
48 277 5213 5214 5217 5220 5225 5229 5231 5286 5288 5289 5290 5292 5295 5296 5297 5298 5300 5301 5302 5312 5321 5322 5323 5325 5326 5327 5328 5329 5330 5340 5347 5349 5350 5351 5352 5353 5360 5365 6103 6108 6110 6111 6112 6114 6115 6116 6121
49 280 281 282 5073 5075 5077 5078 5080 5082 5083 5085 5092 5096 5098 5099 5101 5104 5105 5108 5115 5116 5117 5119 5121 5122 5123 5130 5131 5141 5156 5157 5158 5196 5634 5635 7265 7266 7268 7270 7299 7300 7303 7305 7306 7313 7314 7317 7318 7319
1 283
42 289 294 295 296 1955 1977 1980 1983 1984 1994 1995 2064 2065 2767 2768 2770 2771 2772 2774 2781 4683 4715 4716 4717 4723 4726 4727 4734 4735 4873 4874 4877 4881 7620 7622 7633 7634 7637 7638 7639 7640 7641
34 297 518 5660 5661 5663 5665 5668 5672 5677 5680 5682 5683 5684 5690 7745 7746 7754 7757 7759 7760 7761 7762 7768 7769 7772 7777 7778 7783 7785 7786 7789 7792 7794 7796
56 299 567 575 3804 3805 3807 3809 3861 3863 3866 3868 4982 4986 4988 4991 4996 4999 5006 5007 5710 5711 5718 5719 5721 5722 5735 5743 5746 5747 5845 5854 5856 5857 5858 5859 5871 5875 5876 5878 5882 5891 5898 5899 5902 5903 5904 5906 5907 5959 5960 5978 5979 5981 5990 5991 7577
42 300 370 598 599 777 779 782 787 3121 3122 3126 3127 3129 3142 3144 3146 3160 3161 4542 4543 4544 4545 4546 4548 4886 4891 4892 4893 4896 4897 5015 5022 5025 5035 5036 5037 5039 5044 6078 6083 6087 6090
42 311 335 578 8529 8530 8531 8536 8537 8538 8539 8549 8550 8552 8553 8554 8556 8558 8561 8562 8564 8566 8567 8578 8579 8580 8581 8582 8583 8591 8595 8596 8602 8604 8606 8607 8608 8610 8611 8613 8614 8617 8618
3 314 316 2103
20 320 348 1387 1388 2006 2008 3959 3960 3984 3989 3991 3992 3994 3999 4001 4002 4012 4185 4186 4188
38 324 689 691 692 2541 2542 2545 2622 2624 2625 2671 2674 2675 2677 2678 6226 6228 6229 6230 6232 6234 6235 6251 6257 6259 6262 6264 6450 6451 6452 6453 6455 6461 6462 6466 6467 6579 6588
29 330 343 360 379 542 2711 2712 3717 3722 3723 3725 3727 3879 3880 3882 3883 3884 3885 3908 3910 3953 3954 3957 6041 6054 6057 6058 6059 6091
5 331 403 404 406 496
39 345 420 434 435 440 766 767 2036 2043 2044 2047 2068 2073 2094 4495 4497 4500 4501 4503 4504 4505 4520 4523 4524 4525 4527 4529 4530 4533 4534 4536 4549 4550 4551 4553 4554 4571 4582 4585
26 346 2292 2296 7982 7983 7986 7987 8008 8009 8428 8434 8435 8437 8438 8439 8440 8441 8442 8447 8448 8449 8456 8457 8461 8464 8465
9 349 2719 7866 7867 7868 7882 7883 7884 7885
101 363 365 367 579 2798 2800 2808 2811 2820 2821 2833 2857 2864 2865 2903 2908 2909 2910 2916 2917 2919 2928 2930 2932 2945 2946 2952 8820 8821 8822 8827 8831 8832 8833 8834 8836 8837 8838 8842 8845 8852 8855 8856 8858 8859 8860 8861 8862 8863 8870 8871 8872 8873 8875 8876 8877 8879 9007 9011 9021 9025 9035 9036 9042 9043 9044 9045 9053 9054 9056 9057 9059 9060 9064 9071 9080 9100 9126 9127 9128 9129 9130 9131 9132 9136 9137 9144 9145 9146 9148 9156 9158 9159 9160 9161 9771 9772 9773 9774 9779 9786
39 364 1939 3518 3519 3521 3523 3532 3533 3535 3538 3657 3665 3667 3668 6633 6646 6647 6761 6763 6764 6765 6767 6769 6778 6779 6780 6781 6782 6789 6791 6792 6793 6794 6795 6796 6798 7205 7206 7207
2 368 4901
13 369 583 879 880 2965 2967 2969 6182 6184 6197 6198 6199 6202
8 371 6204 6205 6206 6210 6214 6215 6216
31 373 399 3027 3029 3036 3037 3038 6691 6697 6701 6703 6705 6706 6708 6710 6713 6721 6723 6727 6728 6732 7247 7248 7251 7252 7253 7254 7257 7258 7259 7260
36 382 540 548 562 1879 1880 1925 1926 1927 1928 6031 6034 6036 6037 6038 7391 7392 7394 7395 7396 7398 7405 7410 7413 7422 7889 7890 7891 7892 7895 7909 7912 7914 7915 7916 7917
4 387 465 466 470
9 388 1335 2010 2011 2017 2021 2024 2025 2994
17 389 390 4925 4927 4928 4931 4932 4933 4934 4937 4938 4939 4959 4965 7518 7532 7534
11 393 413 442 4605 8914 8915 8916 8921 8922 8931 8932
21 402 415 4710 4711 4714 6096 6097 6098 6100 6105 6106 6107 6117 6119 6120 6122 6123 6124 6131 6139 6148
22 405 407 1368 1374 2975 2977 2981 2982 2984 2991 3109 3110 3112 3238 3239 4303 4304 4306 4309 4312 4324 4329
35 408 416 417 418 774 1599 1600 1602 1616 1617 2034 2058 2059 6236 6240 8065 8078 8080 8081 8082 8085 8086 8093 8094 8095 8098 8100 8105 8110 8623 8624 8625 8626 8627 8629
25 409 455 4796 4797 4799 4802 4807 4808 4811 4907 5061 5062 5063 5064 5067 5068 5071 5072 5088 5192 5198 5200 5202 5205 5208
1 411
22 422 427 4757 4758 4760 4761 4764 4765 4766 4767 7542 7565 7568 7578 7584 7585 7588 7589 7592 7593 9979 9982
6 426 4872 6010 6011 6153 6159
29 429 439 6307 6318 6319 6320 7598 7599 7601 7605 7608 7651 7652 9912 9944 9950 9964 9965 9970 9972 9973 9974 9976 9978 9983 9984 9985 9993 9999
87 445 452 502 503 7850 7920 7923 7924 7927 7928 7930 7938 7954 7956 7967 7977 8010 8019 8020 8021 8024 8041 8043 8063 8064 8102 8107 8109 8112 8121 8122 8124 8126 8129 8134 8135 8139 8142 8145 8147 8148 8158 8169 8175 8179 8195 8322 8323 8331 8333 8339 8340 8344 8348 8349 8352 8353 8355 8356 8357 8359 8361 8362 8365 8366 8367 8368 8369 8375 8376 8393 8408 8409 8412 8528 8532 8534 8545 8546 8547 8551 8555 8630 8634 8635 8639 8640
7 453 4847 4848 4884 5281 5283 5284
28 454 1871 1876 1947 4780 4837 4887 4888 4889 4894 4902 4904 4905 5424 5425 5426 5431 5433 5434 5435 5436 5437 5522 5523 5524 5525 5526 6172
13 457 458 2401 2402 2405 5619 5620 5630 5633 6279 9175 9176 9212
15 460 461 885 2263 2264 5697 5700 5701 5702 5840 5841 5844 6287 6290 6301
18 462 471 1395 1398 1404 6067 6074 7676 7677 7692 7697 7710 7712 7714 7719 7720 7721 7722
2 464 5921
5 473 504 506 2387 2388
85 474 475 600 652 6005 6007 6009 6012 7806 8894 8895 8898 8904 8908 8919 8920 8923 8939 8940 8949 8950 8951 8952 8953 8968 8970 8971 8972 8973 8975 8976 8978 9078 9079 9082 9111 9112 9118 9122 9123 9124 9164 9167 9193 9217 9218 9221 9227 9228 9231 9232 9233 9238 9239 9242 9243 9245 9250 9251 9256 9257 9258 9260 9262 9265 9269 9271 9273 9274 9275 9277 9279 9280 9286 9287 9288 9289 9292 9293 9332 9336 9337 9338 9340 9343
9 478 1478 2996 2997 3016 3017 3019 3020 3021
5 482 483 2429 2435 2436
7 490 1377 1378 5866 5883 5884 5885
12 508 1998 2002 2286 2287 2293 2294 3481 3482 3483 3803 3808
15 510 514 798 803 894 5973 5974 5977 5994 5999 6001 6002 6040 6178 6179
6 512 788 6602 6606 6612 6614
15 513 533 637 6654 6667 6679 6681 6682 6687 6689 6693 6694 6733 6735 6737
1 519
38 520 2505 6219 6224 6225 6241 6247 6250 6252 6253 6254 6266 7382 7383 7384 7385 7388 7389 7418 7419 7420 7424 7462 7464 7465 7467 7468 7469 7470 9876 9878 9888 9890 9891 9893 9894 9902 9903
43 534 538 1252 2101 2102 2881 7219 7220 7245 7246 7570 7573 7575 7576 7579 7580 7583 7613 7614 7615 7616 7658 7660 7662 7663 7664 7665 7667 7668 7670 7671 7673 7684 7702 7703 7705 7733 7734 7737 7739 7743 7744 7747
15 535 2161 2162 4040 4041 4059 4060 4073 4092 4093 4094 4103 4143 4299 4300
12 537 9824 9825 9826 9828 9830 9831 9832 9833 9834 9844 9847
9 539 653 656 665 666 670 680 826 4331
24 541 576 588 1300 1301 1302 1303 1333 5930 7817 8676 8678 8679 8683 8761 8765 8766 8767 8770 9722 9738 9739 9740 9741
19 555 568 1506 2765 2766 2780 2793 2794 2795 2796 7827 7828 7829 7843 7845 7846 7848 7852 7887
2 569 592
3 570 571 582
4 572 585 797 2249
3 573 8219 8307
18 577 584 597 614 5909 5910 5911 5914 5915 8410 8411 8423 8426 8429 8452 8468 8469 8470
28 580 865 872 884 1479 4673 4674 6306 6321 6322 6323 6328 6330 6331 6334 6343 6374 6375 6381 6388 6390 8656 8659 8660 8665 8666 8668 8670
3 581 6440 6441
14 586 589 596 601 602 603 699 5379 5383 5385 5387 5388 5389 5410
7 594 681 682 684 685 686 694
18 604 1534 2534 2569 2570 2571 6274 6275 6276 6277 6286 6295 6297 6303 7338 7339 7347 7348
23 610 618 2122 2123 6740 6743 6744 6746 6747 6748 6749 6751 7289 7298 7320 7321 7329 7330 7332 7334 7337 7340 7341
6 611 893 896 897 2900 2901
21 612 613 1033 1639 1643 1646 3039 3040 3042 3043 3049 3050 3058 3061 3062 8699 8701 8703 8707 8713 8715
9 622 2868 2870 2871 2959 9413 9414 9416 9418
1 624
41 625 631 2262 2265 2266 2267 9678 9679 9698 9752 9753 9754 9755 9756 9757 9758 9764 9765 9790 9793 9794 9795 9796 9803 9804 9805 9812 9813 9814 9815 9816 9817 9818 9819 9855 9857 9859 9863 9871 9872 9873
18 634 6270 6393 6394 6395 6396 6398 6401 6404 7473 7474 8500 8501 8507 8511 8512 8513 8514
7 636 698 712 3382 3432 3433 3472
12 639 947 951 8698 8700 8704 8720 8730 8731 9428 9429 9431
3 640 6045 6051
20 645 1202 2960 2961 2968 8647 8648 8674 8687 8689 8690 8697 8705 8724 8725 8726 8727 8734 8736 8743
12 646 1781 1815 6416 6418 6419 6424 6425 6426 6430 6431 6596
1 647
21 648 719 723 3474 9455 9456 9460 9461 9462 9463 9508 9533 9534 9538 9539 9542 9673 9674 9677 9680 9687
9 650 2285 4770 4772 4777 4778 4784 4786 4791
9 651 6616 6617 6620 6621 6622 6623 6624 6625
10 658 2259 2276 2283 2295 2297 2302 6156 6161 7460
4 673 942 6593 6639
2 675 696
12 676 678 695 5890 5892 5920 5934 5935 5938 5947 5952 5953
12 679 714 7472 7475 7476 7485 7486 7494 7495 7500 7501 7502
17 683 1024 1028 1030 1032 1036 1037 1038 1039 1040 1041 4494 4499 4517 6645 6649 6650
18 687 690 716 1449 7022 7023 7030 7031 7032 7033 7036 7037 7039 7041 7044 7045 7046 7049
5 688 693 1043 2337 2338
26 715 736 738 740 743 762 1267 1270 8493 8496 8505 8515 8516 8523 8524 8527 8573 8576 8643 8691 8695 8745 8746 8751 8752 8753
8 718 733 1571 1586 4579 4580 6838 6843
3 724 725 3074
8 728 2341 2351 2352 2355 2359 2360 6762
3 729 1086 4682
13 731 7857 7863 7864 7865 7869 7870 7872 7873 7876 7877 7881 7886
13 734 735 6044 6049 6050 6052 7943 7946 7948 7949 7951 8773 8776
6 744 1763 2079 4979 6093 6094
7 745 757 2578 2579 4705 6195 6217
13 746 747 755 2252 2255 2258 2260 2269 6964 6966 6968 6973 6974
13 752 6141 8806 8847 8848 8849 8850 8851 8853 8901 8903 8907 8918
4 759 2363 5210 5211
1 764
11 765 4603 4604 4665 4669 4676 4688 7060 7061 7062 7063
7 768 773 775 1214 1236 1253 1255
17 769 9391 9392 9393 9396 9398 9446 9447 9448 9449 9450 9451 9453 9454 9464 9465 9478
9 778 829 2378 2379 2407 2427 6760 6803 6806
2 783 6142
4 789 862 863 937
4 793 866 1206 1209
17 794 799 898 5260 5261 6824 6825 6845 6849 6852 6873 6874 6875 6902 6903 6909 7272
7 801 2438 3031 3083 9661 9775 9829
7 808 6432 6433 6436 6438 6439 6442
5 809 7006 7007 7009 7010
6 812 1553 1563 2502 2506 2507
5 820 821 6757 6758 6810
1 825
10 830 1822 1826 1827 5212 5218 5223 5224 5226 5227
32 832 901 904 1794 1802 1814 3563 3565 3566 3603 3604 3608 3611 3612 3613 5469 5471 8989 8992 8993 8997 9031 9032 9068 9069 9096 9097 9098 9102 9106 9107 9109
2 833 870
5 842 1843 3108 3114 3116
4 843 9587 9588 9600
1 845
7 846 850 854 855 965 1290 1295
1 852
2 857 7094
5 858 964 979 981 1298
12 861 1089 1110 5444 5462 5463 5467 5468 5514 5515 8217 8218
4 864 2613 2614 2616
5 868 915 916 1117 1990
1 869
6 871 919 925 945 2619 6149
23 876 5373 5422 5438 5482 5483 5484 5492 5493 5495 5497 5518 5656 5715 7280 8388 8389 8390 8391 8397 8400 8401 8402
4 877 1338 2097 2099
14 878 948 6917 6920 9658 9659 9671 9689 9690 9691 9744 9745 9746 9766
15 881 986 1066 1070 1339 1342 1344 1361 8517 8518 8519 8521 8587 8588 8589
4 883 952 968 973
5 890 3941 3945 3996 6656
5 892 7530 7544 8760 8768
9 895 1380 1381 4330 4359 4362 6409 6410 6415
16 902 938 1532 1537 2033 2076 2087 2368 2372 2377 4541 4573 4577 4581 4583 4586
27 906 913 2764 4383 4387 4388 4389 4440 4446 4452 4453 4487 4491 4538 4572 5010 5013 5034 5058 5074 5079 5084 5087 5142 5143 5274 5276
5 908 931 941 985 2215
3 917 1427 1428
5 921 2971 2976 9303 9307
4 922 1416 1737 1739
12 927 988 3364 3367 3369 9407 9409 9412 9419 9420 9421 9423
2 929 936
2 943 990
2 944 4364
1 946
1 953
19 956 1007 1023 1391 2216 2722 2724 2738 2739 2742 4373 4374 4376 4377 4378 4379 4404 4591 4592
1 969
3 971 1018 6960
1 978
10 980 1035 1042 1044 1160 1167 1178 1180 4742 4747
11 983 7283 7287 7374 7375 7376 7523 7526 7528 7529 7533
4 987 1058 2617 2620
5 991 1147 1433 1440 1454
5 1005 6962 6975 6977 6988
1 1010
6 1019 6003 6004 6018 6020 6065
1 1027
5 1034 1458 1474 8781 8782
8 1045 1215 1475 7013 7015 7016 7019 7807
3 1046 2096 2105
6 1051 1064 1075 2877 2878 2879
12 1055 1065 2886 3166 3170 3171 3174 3183 3184 3203 3205 3207
3 1061 7171 7192
2 1067 1071
5 1069 1419 1459 1498 1508
4 1072 4918 4921 4936
4 1073 2954 2955 2956
10 1078 6443 6448 6449 6454 6456 6457 6459 6460 6479
1 1079
3 1083 1121 1316
6 1085 1477 1509 9656 9707 9710
4 1087 3222 3350 3351
5 1093 1094 1541 1552 1655
8 1096 1204 1207 1217 1221 1759 1764 1765
9 1102 1511 1779 1780 2320 2322 2325 2326 2345
3 1103 1568 1576
1 1105
1 1106
9 1107 5755 5758 5766 5768 5776 7844 7853 7854
3 1109 1111 1115
5 1116 3452 3453 3465 3468
4 1118 1224 2156 2157
22 1122 1840 1951 7240 7241 7242 7243 7249 7250 7275 7284 7286 7288 7293 7365 7366 7373 7381 7387 7390 7397 7399
15 1123 1128 1512 1513 6193 6407 6408 7953 7955 7957 7958 7959 7962 7963 7965
4 1127 1213 2364 2451
9 1132 1155 5827 5838 5839 5846 5847 5848 5849
5 1139 1146 1757 3447 7654
3 1148 1149 1266
6 1158 1282 1293 1306 1320 1540
2 1159 4962
4 1171 1783 1956 1958
4 1175 1191 1195 2487
4 1179 1183 7612 7617
1 1184
11 1203 1321 1564 1566 1567 1973 2500 2511 2512 2513 2514
3 1205 1219 1323
2 1216 3655
2 1220 1227
4 1230 3475 3678 3687
3 1232 6545 6569
6 1243 1376 3528 3537 3539 4984
6 1254 8789 8956 8957 8958 8959
7 1260 1261 2004 2009 2020 2032 2107
18 1264 1299 1364 1366 3728 3846 3847 3848 8201 8203 8304 8306 8963 8966 8967 8974 8980 8981
13 1265 2602 3862 7064 7076 7077 7078 7079 7086 7087 7088 7095 7100
3 1283 1322 1363
2 1297 7908
7 1308 1839 1842 1845 3023 6822 6823
16 1310 1384 5806 5808 5822 5826 5829 5831 5832 5837 5842 5852 5853 5862 5867 5870
4 1312 1332 6176 6181
1 1315
1 1327
6 1340 1373 1382 2110 2669 7810
2 1343 5002
2 1346 2709
1 1347
6 1352 2272 3298 3329 3543 3555
2 1356 6830
19 1365 1370 1408 1412 1415 1417 1434 1435 1460 1624 5277 5287 5366 5382 5397 5419 5534 5535 5536
1 1375
4 1383 2226 2485 2667
1 1385
4 1386 1389 1650 1651
2 1390 1397
3 1392 2699 2703
1 1396
8 1406 1668 1673 2753 2754 3707 3709 3713
10 1407 1414 1437 1443 7128 8118 8119 8127 8267 8268
3 1418 1658 6637
8 1423 1465 1471 4021 4022 6640 6641 6680
9 1436 1584 2875 7195 7196 7199 7204 7218 7223
5 1448 1450 3065 3069 3070
14 1456 2995 2998 3007 4028 4042 8489 8491 8568 8569 8570 8598 8599 8619
13 1461 2290 3877 3881 3887 3894 3912 3915 4182 4187 4198 5049 5050
6 1462 1463 5583 5584 5585 5586
5 1480 4355 4356 4358 4361
5 1487 1488 3789 5614 5629
4 1491 1494 2391 2393
7 1497 6953 6954 6961 6965 6996 7002
2 1502 4369
2 1504 2406
8 1505 1507 2449 7461 7507 7513 7514 7521
12 1510 7140 7973 7974 7975 7981 7984 7985 7988 7989 7999 8002
2 1514 7729
7 1517 2797 2799 2802 2830 2832 2834
1 1518
1 1527
22 1530 2759 2888 2939 2993 3004 3261 4608 8471 8472 8473 8638 8642 8644 8645 8646 8649 8653 8654 8655 8657 8658
2 1531 1533
9 1535 2466 3656 3659 3660 3661 8738 9355 9358
4 1536 2586 2588 7417
8 1538 9367 9368 9370 9377 9445 9457 9474
2 1539 1550
4 1544 1652 4774 4775
4 1554 1562 1581 4020
3 1555 1582 4916
3 1565 4960 4961
4 1578 4822 4824 4827
3 1583 9652 9904
16 1585 1698 1835 1836 1837 1857 8249 8253 8254 8255 8257 8261 8269 8276 8289 8290
3 1592 1622 1635
1 1594
5 1597 1605 5791 5793 5795
13 1598 3258 3259 3260 3264 3265 3270 6166 6167 6168 6170 6171 6173
1 1607
3 1618 1703 7492
2 1619 5184
2 1620 1648
1 1626
1 1627
4 1633 8804 8808 8810
1 1634
1 1638
9 1641 1642 1940 5093 5102 5103 5159 5160 5161
5 1644 1657 1662 2399 2400
7 1645 5162 5163 5165 5188 5189 5204
