35 0 1 3 4 5 6 8 11 15 16 17 18 20 23 24 49 50 71 73 74 75 214 215 216 218 219 220 221 222 227 228 229 230 232 233
19 2 7 22 25 28 29 33 35 37 38 39 42 43 44 46 52 60 61 63
12 9 10 86 88 89 90 91 93 94 95 97 98
138 12 103 113 114 115 126 489 492 494 495 497 498 499 501 521 522 523 524 525 526 527 528 529 531 3426 3445 3446 3447 3449 3453 3454 3456 3457 3467 3468 3477 3478 3485 3489 3490 3491 3492 3493 3495 3496 3497 3500 3501 3502 3505 3506 3508 3510 3518 3520 3521 3534 3535 3536 3537 3538 3539 3546 3550 3553 3554 3578 3588 3589 3590 3591 3594 3606 3607 3617 3622 3623 3624 3628 3629 3630 3631 3634 3652 3656 3658 3662 3663 3667 3668 3695 3696 3697 3699 3700 3704 3705 3709 3710 3720 3721 3722 3723 3724 3726 3730 3732 3733 3734 3752 3770 3771 3772 3773 3774 3775 3776 3777 3778 3779 3787 3789 3800 3802 3803 3804 3806 3807 3808 7006 7007 7011 7012 7015 7017 7018 7020 7021
70 13 14 32 64 68 69 70 72 102 104 112 127 138 139 141 142 155 163 165 167 168 169 172 183 185 189 190 191 192 194 196 199 201 205 207 208 210 212 254 256 257 258 259 260 262 281 283 1108 1111 1112 1115 1118 1119 1131 1132 1133 1134 1135 1138 1139 1140 1141 1142 1146 1148 1149 1150 1152 1153 1154
154 19 128 129 137 174 175 176 236 237 244 268 272 284 286 287 288 289 290 291 292 293 302 303 304 306 307 310 311 313 314 315 321 326 329 330 331 332 333 334 336 337 339 343 345 346 349 357 358 359 361 363 364 374 380 382 384 385 386 387 389 391 392 393 394 396 403 405 406 407 410 412 413 414 415 423 428 429 430 431 433 435 436 437 439 541 542 549 550 551 552 553 554 555 556 558 559 560 562 563 564 565 568 569 572 573 610 611 614 616 640 649 650 651 652 660 661 663 664 665 666 667 668 669 670 671 672 673 675 676 678 679 680 682 683 684 686 687 688 689 690 691 692 705 706 707 711 4591 4592 4616 4617 4618 4622 4623 4625
13 21 26 27 30 67 76 77 325 347 397 398 400 411
37 31 445 446 447 2698 2699 2700 2705 2706 2718 2725 2728 2729 2730 2733 2734 2735 2736 2737 2750 2752 2753 2754 2756 2757 2758 2759 2761 2762 2763 2764 2777 2778 2780 2781 2785 2786
63 34 36 40 41 459 467 472 473 474 475 476 477 478 482 483 486 533 535 536 538 544 545 547 790 791 792 793 794 795 796 811 814 823 834 842 844 845 2539 2540 2542 2544 2557 2558 2560 2563 2564 2566 2569 2570 2571 2585 2598 2605 2610 2611 2911 2942 3037 3038 3050 3051 3052 3057
49 45 47 595 597 600 604 607 618 625 626 627 629 630 631 637 763 764 806 810 813 815 819 2212 2213 2221 2222 2230 2233 2234 2235 2236 2237 2239 2240 2246 2247 2248 2251 2253 2254 4036 4050 4051 4052 4053 4054 4055 4057 4058
119 48 79 577 578 1609 1612 1613 1625 1628 1638 1673 1674 1675 1676 1677 1678 1679 1680 1681 1682 1693 1694 1695 1696 1698 1699 1701 1702 1707 1708 1709 1710 1712 1713 1714 1721 1722 1726 1727 1729 1736 1737 1738 1768 1769 1770 1773 1803 1806 1807 1808 1809 1810 1812 1828 1830 1831 1832 1834 1841 1845 1848 1854 1855 1857 1867 1868 3880 3881 3882 3885 3890 3892 3893 3894 3896 3897 3898 3899 3900 3901 4197 4200 4201 4203 4206 4208 4210 4212 4214 4217 4218 4219 4220 4221 4222 4226 4231 4233 4235 4296 4297 4301 4303 4304 4305 4309 4310 4311 4315 4317 4321 4322 4323 4326 4327 4328 4330 4331
121 51 58 107 108 109 110 111 116 130 132 133 134 136 352 353 354 369 370 378 726 727 733 735 736 737 743 744 747 748 752 756 757 768 769 846 847 848 849 878 879 881 884 885 887 889 892 898 901 904 905 906 907 909 910 911 913 920 921 922 923 924 926 928 929 930 931 932 944 951 992 994 995 997 998 1002 1003 1004 1006 1009 1010 1029 1030 1031 1049 1050 1051 1052 1053 1054 1056 1057 1059 1060 1061 1065 1067 1068 1073 1078 1084 1089 1090 1091 1093 1094 1096 1098 1100 1101 1104 1105 1159 1166 1167 1168 1170 1171 1172 1174 1176 1177
7 53 54 59 80 82 83 85
12 55 100 153 162 440 441 576 579 581 639 645 647
11 56 166 958 959 962 963 964 965 971 972 973
8 57 144 145 1181 1183 1194 1195 1199
9 62 65 874 875 894 954 955 957 960
247 66 193 213 234 253 723 738 739 745 746 749 807 822 824 1244 1245 1246 1247 1248 1249 1250 1251 1254 1256 1258 1259 1260 1261 1263 1273 1275 1276 1277 1287 1291 1294 1296 1300 1301 1302 1306 1307 1308 1309 1310 1312 1313 1327 1339 1340 1341 1342 1343 1345 1357 1360 1361 1370 1371 1373 1375 1381 1383 1385 1386 1387 1388 1392 1395 1398 1399 1415 1416 1419 1420 1421 1422 1423 1425 1426 1427 1428 1876 1877 1882 1883 1884 1885 1887 1888 1889 1890 1891 1926 1927 1931 1932 1936 1937 1939 1943 1946 2019 2020 2021 2022 2023 2027 2029 2030 2033 2034 2035 2043 2045 2047 2048 2049 2050 2052 2054 2056 2058 2059 2061 2062 2066 2070 2073 2074 2076 2077 2078 2079 2090 2091 2092 2096 2097 2099 2105 2106 2108 2109 2110 2112 2117 2122 2123 2125 2126 2128 2131 2133 2136 2137 2139 2140 2141 2142 2143 2144 2146 2147 2148 2149 8159 8160 8164 8170 8171 8172 8173 8177 8178 8179 8196 8197 8201 8202 8204 8205 8206 8207 8208 8213 8214 8215 8217 8223 8225 8408 8413 8414 8418 8419 8420 8421 8422 8430 8431 8432 8433 8443 8467 8474 8475 8478 8479 8526 8528 8529 8530 8531 8533 8535 8551 8552 8556 8557 8558 8561 8562 8565 8566 8567 8569 8570 8573 8579 8580 8584 8585 8587 8590 8591 8593 8594 8595 8596 8607 8608 8609 8610 8611 8614 8618
42 78 81 96 177 179 295 296 770 771 772 783 784 785 786 798 799 801 804 805 825 1999 2000 2001 2002 2004 2005 2006 2010 2011 2013 2014 2016 2269 2275 2289 2291 2621 2624 2626 2629 2632 2634
29 84 118 452 454 457 461 463 468 471 513 516 1224 1226 1227 1324 1325 1326 1328 1349 1351 1352 1353 1354 1355 1358 1365 1367 1444 1445
117 87 140 143 146 584 585 589 590 591 638 1457 1461 1463 1469 1471 1473 1521 1522 2501 2521 2525 2526 2527 2528 3146 3147 3148 3199 3200 3205 3206 3207 3215 3216 3217 3221 3223 3225 3226 3228 3229 3230 3233 3234 3235 3236 3237 3245 3251 3252 3259 3261 3262 3263 3264 3265 3266 3268 3269 3270 3273 3274 3283 3284 3285 3317 3318 3320 3322 3323 3324 3325 3326 3328 3337 3339 3340 3341 3342 3344 3347 3348 3349 3352 3353 3354 3359 3365 3376 3377 3378 3380 3381 3636 3637 3638 3639 3644 3645 3673 3675 3677 3682 3683 3684 3685 3687 3691 3692 3694 3698 3702 3706 3715 3719 3814 3818
84 92 159 160 895 916 917 937 1501 1502 1512 1513 1537 1539 1540 1585 1586 1587 1588 1589 1590 1591 1594 1595 1596 4927 4929 4930 4931 4932 4938 4939 4941 4942 4943 4944 4945 4946 4947 4949 4950 4952 4953 4956 4967 4969 4970 4971 4980 4982 4983 4986 4987 4988 4989 4990 4992 4993 4997 4998 5122 5123 5127 5128 5129 5131 5134 5136 5137 5139 5140 5141 5146 5147 5148 5149 5150 5158 5169 5171 5172 5187 5191 5192 5193
35 99 180 267 520 693 699 952 953 2169 2170 2194 2195 2196 2204 2205 2208 2214 2257 2292 2294 2298 2299 2300 2302 2303 2305 2306 2316 2319 2323 2325 2326 2327 2329 2338
29 101 269 704 708 861 865 866 868 871 872 888 893 896 899 900 7532 7534 7661 7662 7663 7665 7668 7669 7672 7673 7674 7675 7677 7688
36 105 978 1023 1024 1025 1026 1032 1033 1042 1044 1045 1046 1075 1121 1123 1124 1125 1126 1127 1130 1136 1652 1655 1717 1718 1745 1746 1747 1749 1750 1751 1752 1753 1754 1755 1766
45 106 149 1013 1017 1180 1189 1190 1191 1192 1196 1197 1198 1200 1201 1204 1205 1207 1208 1211 1602 1603 1614 1615 1782 1789 1790 1793 6381 6382 6384 6385 6386 6387 6388 6391 6395 6396 6398 6401 6407 6408 6410 6411 6412 6413
44 117 151 1214 1216 1219 1220 1221 1228 1229 1230 1233 1235 1987 1991 2161 2162 2167 2168 2171 2173 2178 2179 2180 2185 2186 2187 2188 2189 2352 2353 2355 2356 2357 2380 2412 2416 2420 2421 2430 2431 2441 2442 2443 2451
40 119 3084 3104 3105 3106 3125 3128 3129 3131 3133 3135 3138 3145 3149 3150 3151 3152 3158 3159 3826 6143 6144 6155 6156 6159 6335 6339 6341 6342 6351 6352 6353 6358 6366 6375 6377 6437 6438 6440 6441
46 120 1411 1412 1413 1442 1443 1448 1449 1557 1559 1995 1996 1997 2154 2155 4847 4849 4850 4857 4858 4859 4873 4875 4913 5026 5028 5031 5032 5038 5039 5044 5074 5076 5077 5078 5079 5081 5082 5083 5085 5100 5102 5103 5104 5105 5107
34 121 1564 1565 1567 1569 1570 1572 1574 1575 1576 1642 1644 1646 1647 1649 1651 7906 7907 7926 7947 7966 7970 7976 7979 7980 7981 7984 7986 7987 7992 7993 7994 7995 7996
108 122 417 418 442 1404 1406 1409 1410 1414 1417 1418 1429 1430 1431 1432 1453 1456 1466 1467 1468 1470 1874 1958 1959 1960 1962 1963 1964 1965 1966 1967 1992 1994 1998 2003 2008 2333 2342 2343 2344 2348 2351 2358 2359 2362 2375 2376 2385 2396 2398 2409 2414 2415 2419 2422 2454 2455 2458 2462 2463 2464 2465 2466 2467 2537 2637 2641 2642 2644 2645 2648 2649 2650 2652 2653 2655 2658 2660 2668 2945 2946 2947 2948 2950 2952 5915 5937 5973 5974 5975 5976 5977 5978 5980 5981 5992 5998 5999 6000 6001 6002 6003 6005 6007 6008 6015 6016 6017
6 123 198 202 2886 2893 2894
1 124
12 125 152 154 449 451 1976 1977 1979 1982 1985 1988 1993
19 131 275 276 277 2852 2853 2854 2855 2856 2865 2866 2867 2868 2869 2872 2875 2882 2892 2895
79 135 156 157 298 1265 1266 1716 1779 1780 1785 1786 2468 2470 2471 2488 2489 2490 2491 2494 4797 4798 4837 4838 4839 4840 4880 4881 5407 5408 5412 5413 5415 5417 5418 8809 8813 8814 8815 8818 8819 8845 8861 8862 8866 8868 8869 8871 8873 8876 8877 8878 8879 8998 8999 9001 9003 9026 9027 9028 9031 9032 9039 9040 9041 9042 9044 9045 9052 9053 9054 9055 9057 9059 9060 9061 9063 9069 9080 9138
50 147 161 171 173 181 2686 2689 2690 2691 2713 2714 2721 2791 3936 3943 3949 3950 3951 3952 9170 9177 9178 9179 9184 9185 9187 9189 9190 9191 9192 9308 9309 9310 9311 9312 9314 9315 9317 9319 9320 9325 9326 9328 9329 9331 9333 9334 9339 9341 9346
135 148 716 717 1545 1546 1562 1563 1578 1580 1795 1796 1798 1873 1881 2796 2825 2826 2827 2829 2900 2901 3058 3059 3840 3860 3861 3862 3865 3866 3867 3868 3996 4006 4007 4008 4015 4016 4028 4029 4066 4067 4068 4069 4070 4077 4078 4079 4081 4082 4083 4084 4085 4086 4088 4089 4090 4094 4101 4103 4104 4105 4107 4108 4113 4114 4115 4117 4118 4120 4122 4123 4124 4125 4127 4128 4130 4132 4133 4138 4160 4162 4163 4164 4169 4171 6896 6899 6901 6917 6919 6920 6921 6926 6930 6931 6932 6976 6982 6984 6985 6986 6987 6988 6989 6993 6994 6995 6996 6997 6998 7005 7025 7026 7027 7029 7031 7032 7036 7040 7041 7042 7043 7053 7054 7055 7060 7061 7063 7162 7174 7200 7201 7202 7204 7207
53 150 184 200 204 211 316 1319 1321 1323 2904 2986 2988 2989 2991 2999 3072 3121 3122 3124 3136 3137 3140 3141 3163 3165 3166 3167 3168 3292 3293 3298 3299 3300 3301 3303 3304 3305 3400 3402 3409 3411 3412 3413 3414 3417 3418 3422 4341 4342 4344 4345 4360 4361
39 158 224 4389 4392 4393 4395 4396 4397 4398 4400 4401 4404 4407 4411 4417 4418 4448 4450 4455 4456 4457 4460 4462 4465 4467 4468 4473 4474 4475 4481 4482 4486 4487 4490 4495 4497 4498 4499 4502
65 164 225 240 3074 4516 4528 4532 4534 4537 4541 4545 4546 4551 4553 4554 4561 4578 4581 4582 4583 4584 4596 4597 4599 4603 4606 4609 4611 4612 4615 4631 4650 4651 4665 4666 4670 4673 4674 4679 4681 4683 4688 4693 4694 4696 4699 4709 4715 4716 4717 4718 4719 4722 4723 4726 4727 4730 4731 4733 4739 4740 4743 4745 4746 4747
28 170 186 1597 1599 1600 1601 2386 4378 4383 4384 4385 4387 4388 4391 4394 4402 4405 4412 4435 4436 4437 4753 4754 4755 4768 4769 4770 4775
35 178 264 317 1641 1643 1650 1653 4443 4445 4451 4452 4454 4463 4505 4511 4513 4519 4522 4525 4527 4531 4704 4711 4776 4780 4781 4788 4789 7790 7791 7792 7793 7794 7795 7796
15 182 188 197 1692 1700 1704 1706 1715 1720 1724 1730 1731 1801 4900 4901
77 187 195 1901 1904 1906 1907 1908 1909 1910 1947 1969 1970 1974 2286 2293 2295 2296 5621 5626 5628 5631 5635 5782 5783 5784 5789 6288 6289 6306 6307 6314 6315 6318 6322 6323 6324 6327 6330 6331 6332 6444 6445 6448 6449 6450 6454 6455 6456 6457 6458 6461 6462 6463 6465 6484 6485 6486 6487 6488 6489 6494 6497 6498 6521 6522 6523 6524 6536 6537 7370 7371 7411 7412 7413 7415 7416 7417
179 203 248 318 327 328 338 340 3831 3832 3833 3834 3835 3836 3837 3838 3841 3845 3846 3848 3859 3877 3878 3879 3888 3903 3904 3905 3907 3908 3911 3912 3915 3916 3920 3925 3926 3927 3928 3930 3961 3963 3965 3969 3975 3977 3980 3983 3985 4174 4177 4179 4180 4183 4184 5429 5430 5441 5443 5447 5448 5449 5450 5455 5456 5458 5460 5461 5463 5468 5469 5472 5473 5500 5501 5502 5503 5504 5505 5507 5550 5553 5556 5557 5558 5560 5565 5568 5569 5582 5583 5584 5586 5592 5594 5598 5599 5603 5604 5605 5610 5612 5613 5614 5624 5641 5643 5651 5656 5660 5690 5848 5855 5857 5858 5862 5864 5874 5878 5879 5881 5882 5889 5890 5891 5894 5895 5896 5897 6055 6122 6123 6124 6125 6126 6127 6128 6130 6131 6133 6183 6185 6186 6187 6190 6191 6193 6195 6198 6199 6200 6201 6205 6209 6211 6212 6213 6214 6215 6216 9367 9369 9370 9373 9375 9376 9377 9389 9392 9393 9394 9395 9396 9397 9398 9406 9407 9408 9409 9410
104 206 750 751 753 758 774 826 1821 1822 1823 1825 1826 1829 1840 1846 1847 1849 1850 1858 1859 2310 2311 2824 2830 2831 2832 2833 2834 2847 2848 2957 5344 5349 5350 5353 5356 5357 5358 5359 5362 5364 5367 5368 5369 5370 5371 5372 5380 5385 5388 5389 5391 5423 5424 5425 5427 5432 5488 5489 5715 5717 5755 5760 5761 5762 5769 5770 5772 5773 5774 5790 5791 5793 5796 5797 5798 5799 5801 5802 5803 5806 5809 5845 5847 5865 5866 5868 5869 5870 6036 6038 6098 6100 6101 6107 6108 6109 6112 6114 6116 6139 6162 6163 6164
88 209 235 3010 3012 3032 3035 3036 3039 3040 3044 3046 3068 3071 5258 5259 5260 5261 5282 5285 6272 6275 6276 6277 6278 6279 6647 6655 6657 6658 6659 6664 6666 6667 6668 6670 6671 6672 6674 6675 6676 6677 6678 6683 6684 6686 6687 6688 6689 6695 6696 6701 6702 6704 6707 6709 6712 6714 6715 6717 6732 6750 6752 6753 6754 6755 6843 7437 7438 7442 7444 7446 7447 7451 7463 7465 7468 7469 7471 7474 7520 7526 7528 7530 7535 7540 7883 7884 7887
79 217 1380 1382 1401 1405 1437 1438 1494 1497 1672 3119 3120 6597 6598 6822 6823 6852 6854 6856 6859 6860 6861 6864 6865 6867 6878 6879 6880 6883 6945 6946 6948 6949 6953 6954 6956 6957 6960 7295 7297 7298 7300 7301 7302 7320 7321 7323 7324 7325 7328 7329 7331 7332 7339 7342 7348 7434 7464 7466 7473 7475 7476 7477 7509 7515 7523 7543 7544 7546 7549 7552 7553 7568 7622 7624 7627 7631 7648 7649
84 223 263 377 379 443 444 464 2554 2555 2556 5330 5331 5337 5345 5346 5347 5360 5363 5495 5508 5511 5512 5514 5515 5544 5548 5727 5728 5777 5778 5779 6229 6230 6231 6232 6233 6235 6251 6266 6592 6593 6595 6596 7878 7881 7882 7888 7890 7891 7892 7895 7896 7897 7900 8001 8002 8004 8006 8007 8008 8009 8444 8445 8446 8448 8449 8452 8456 8457 8461 8480 8482 8484 8499 8500 8503 8505 8508 8517 8518 8519 8521 8547 8548
4 226 518 5207 5208
7 231 297 485 2512 2513 2517 2518
20 238 239 299 503 8032 8038 8039 8040 8041 8047 8048 8051 8053 8054 8058 8062 8108 8109 8113 8114
24 241 512 580 596 598 599 655 5318 5319 5321 5325 5326 5327 5329 5332 5339 5374 5925 5927 5930 7127 7129 7133 7134
19 242 1950 1953 2157 7428 7431 7433 7482 7483 7484 7485 7486 7494 7495 7497 7505 7556 7558 7559
17 243 250 251 2612 2615 2618 2685 2693 2694 2924 2926 2940 2941 2955 2961 2962 2980
19 245 420 421 424 656 657 860 3073 3076 3077 3086 3088 3090 3091 3093 3094 3095 3103 3107
28 246 658 702 709 712 2312 2330 2331 2332 2334 2337 2341 2366 2394 2395 2399 2402 2406 9483 9487 9490 9492 9493 9496 9499 9504 9507 9510
60 247 608 941 943 946 7730 7735 7736 7740 7741 7753 7754 7757 7761 7763 7765 7768 7769 7771 7772 7783 7787 7788 7799 7804 7817 7860 7863 7864 7865 7866 7867 7868 7869 7871 7872 7873 7874 7875 7877 7889 7902 7903 8018 8020 8021 8024 8030 8037 8107 8115 8116 8117 8122 8123 8124 8126 8127 8132 8151
42 249 300 301 308 309 319 320 323 324 619 620 623 659 662 681 685 695 2546 2547 2548 2550 2551 2553 2573 2575 2580 2581 2582 8643 8644 8645 8646 8647 8649 8650 8654 8655 8656 8658 8665 8667 8670
9 252 261 280 282 6606 6607 6612 6613 6614
2 255 722
45 265 7351 7352 7353 7356 7357 7358 7359 7360 7375 7376 7390 7391 7394 7395 7396 7569 7570 7580 7581 7582 7608 7701 7703 7704 7705 7706 7708 7709 7710 7721 7722 9540 9541 9548 9550 9564 9565 9566 9567 9569 9573 9574 9576 9577
43 266 348 724 725 1286 1288 3314 3315 3316 3319 3331 3332 3333 3334 8316 8318 8320 8322 8326 8329 8332 8333 8334 8336 8337 8338 8341 8344 8347 8348 8352 8354 8356 8357 8369 8371 8372 8373 8374 8400 8401 8402 8629
2 270 496
11 271 274 502 504 505 731 3390 3391 3392 3394 3399
12 273 278 362 8764 8766 8768 8772 8793 8796 8797 8798 8799
63 279 828 2493 7123 7144 7145 7149 7150 7152 7155 7156 7158 7159 7160 7161 7163 7164 7175 7176 7177 7180 7181 7185 7186 7187 9205 9214 9229 9230 9231 9232 9233 9234 9235 9236 9237 9238 9239 9240 9241 9243 9244 9246 9247 9248 9249 9250 9251 9252 9253 9255 9523 9580 9581 9582 9586 9590 9591 9592 9594 9595 9599 9600
55 285 787 3177 3180 3181 3182 3185 3187 3188 8706 8709 8710 8711 8712 8721 8722 8723 8725 8726 8727 8728 8731 8736 8742 8757 8762 8782 8891 8900 8906 8907 8910 8911 8912 8913 8914 8915 8916 8979 8991 8992 8993 8994 8996 8997 9002 9004 9097 9099 9143 9145 9146 9147 9148 9154
2 294 341
22 305 365 366 1549 1550 3561 3568 3569 3613 3646 3647 3648 3650 3655 3828 3830 3839 3842 4265 4269 4271 4275
18 312 2597 2670 4282 4283 4286 4287 4349 4350 4351 4353 8291 8297 8298 8301 8309 8310 8311
24 322 355 854 855 859 3213 3219 3289 3474 6067 6069 6070 6073 6074 8642 8648 8674 8677 8678 8679 8681 8682 9696 9697
59 335 782 789 800 808 2499 2500 2502 2508 2510 3669 3670 3672 3688 3689 3753 3755 3756 3757 3759 3760 5218 5219 5225 5228 5229 5230 5231 8088 8089 8090 8091 8094 8095 8098 8099 8100 8102 8161 8166 8167 9265 9267 9268 9269 9283 9286 9287 9288 9289 9290 9294 9295 9296 9363 9365 9378 9379 9403
19 342 977 9666 9667 9671 9676 9683 9686 9707 9710 9721 9722 9727 9728 9730 9733 9734 9736 9741
7 344 3356 3357 3382 3384 3385 3386
15 350 351 2511 2520 2523 9515 9516 9521 9522 9525 9530 9551 9552 9554 9556
7 356 368 4354 6081 6084 6085 6088
3 360 371 6737
38 367 713 718 719 720 728 1518 4291 4294 4307 4308 4337 5904 5906 5907 6039 6041 6047 6076 6077 6092 6093 6094 6169 6175 6177 6178 6180 6204 6210 6217 6226 6228 6238 6239 6242 6243 6246
13 372 2672 2673 2674 2675 2676 2710 2711 2712 4369 4813 4815 4821
15 373 376 479 481 981 985 993 996 1007 1012 1014 1015 4896 4897 6639
31 375 395 399 3475 3479 3483 3494 3499 3524 3525 3527 4146 4148 4149 4172 4173 4193 4194 4196 4906 4907 4917 4918 4922 4923 7618 7633 7634 7643 7644 7690
5 381 1161 1188 1203 1212
6 383 402 404 408 416 419
8 388 1087 1238 1239 1240 1268 9957 9958
7 390 6616 6617 6620 6621 6624 6625
19 401 2271 2279 2280 2281 2282 2793 2794 2797 2798 2807 8250 8251 8252 8260 8262 8263 8264 8265
3 409 427 4254
82 422 438 1315 8632 8634 8635 8641 8652 8653 8657 8659 8663 8664 8684 8685 8687 8688 8690 8695 8732 8734 8735 8741 8744 9428 9429 9435 9437 9440 9441 9442 9443 9444 9512 9514 9602 9619 9621 9622 9624 9628 9631 9633 9634 9635 9636 9638 9641 9647 9653 9655 9656 9660 9662 9663 9665 9669 9670 9672 9673 9675 9677 9678 9681 9687 9743 9744 9750 9751 9752 9753 9754 9755 9756 9757 9761 9762 9763 9766 9767 9783 9784
88 425 450 453 4833 4835 4836 4846 4888 4891 4892 4893 4898 4905 4957 4958 4959 4960 4961 6283 6284 6285 6286 6292 6293 6432 6435 6747 6748 6749 6760 6765 6766 6767 6768 6769 6775 6779 6780 6783 7072 7077 7079 7081 7083 7084 7085 7091 7093 7094 7108 7109 7110 7111 7112 7113 7114 7115 7116 7117 7118 7119 7121 7122 7124 7125 7141 7143 7154 7188 7189 7193 7197 7216 7217 7221 7224 7227 7228 7237 7239 7240 7241 7243 7247 7255 7257 7259 7260
3 426 5053 5054
25 432 434 456 462 465 466 484 488 1530 1531 1533 9862 9865 9874 9875 9876 9879 9885 9886 9903 9915 9916 9927 9938 9941
28 448 8269 8270 8396 8403 8404 8405 8488 8489 8493 8494 8495 8496 8514 9787 9788 9800 9801 9807 9809 9810 9811 9813 9823 9824 9825 9826 9827
6 455 4359 4365 4367 4999 5002
15 458 2438 2439 2440 2444 9164 9256 9260 9261 9262 9278 9280 9292 9301 9307
12 460 469 4253 4256 9971 9978 9986 9989 9990 9991 9997 9998
1 470
16 480 8823 8824 8826 8832 8833 8834 8835 8836 8837 8844 8846 8918 9833 9836 9838
16 487 490 853 1740 1741 1756 1757 1792 1794 1799 1800 5007 9992 9993 9994 9995
1 491
10 493 506 2424 2425 2427 4236 4237 5063 5064 5065
20 500 1272 1292 1299 1314 1317 1318 2822 2823 2828 5110 5241 5242 5244 5245 5246 5250 5251 5253 5255
11 507 1085 1088 1151 1155 2534 2535 2536 2538 2543 2587
22 508 1344 1346 1476 1629 8277 8279 8281 8283 8288 8308 8313 8327 8328 8330 8342 8378 8379 8380 8383 8384 8385
37 509 5296 5297 5298 5299 5302 5306 5308 5309 5311 5314 5315 5317 8231 8232 8233 8236 9470 9471 9579 9830 9832 9834 9842 9843 9854 9855 9857 9858 9859 9861 9863 9956 9959 9960 9961 9962
2 510 519
1 511
8 514 1018 2836 2837 2840 2842 2846 2850
27 515 530 539 594 612 613 1156 1480 1499 1500 2835 2838 2839 2862 5580 5581 5587 5590 5601 5607 5625 5665 5683 5685 9415 9416 9418
3 517 5049 5050
4 532 548 557 592
2 534 537
40 540 543 2596 2602 2723 2739 2740 2741 2744 2745 2747 2748 2755 2760 2766 2767 2768 2769 2770 2771 2772 2773 2920 2921 2922 2923 2927 4356 4357 4370 4372 4373 4374 4375 4377 4379 4408 4410 4416 4419
38 546 588 1213 1516 1520 1523 1630 1631 1632 1656 1669 3192 3193 3195 3196 5052 5055 5057 5058 5059 5060 5061 5062 5066 5067 5069 5070 5071 5087 5118 5121 5133 5142 5143 5165 5176 5177 5178
1 561
15 566 6168 6170 6219 6222 6223 6247 6248 6270 6294 6295 6297 6299 6300 6301
6 567 615 617 6539 6541 6546
2 570 574
3 571 583 1508
9 575 5699 5700 5701 5702 5714 5716 5719 5729
1 582
6 586 587 6554 6555 6571 6573
23 593 601 602 603 642 644 646 1534 2476 2929 2970 2972 2976 5818 5819 5902 5909 5911 5912 5913 5917 5918 6787
5 605 606 621 5733 5736
2 609 697
13 622 2916 2917 2928 2930 2931 2932 3000 3003 3004 3033 3034 3062
1 624
10 632 4292 4293 4306 4319 5004 5011 5016 5037 5042
9 633 1331 3241 3242 3243 3246 3248 3278 3279
8 634 5232 5233 5234 5235 5238 5239 5257
15 635 851 856 5920 5938 5939 5940 5941 5942 5944 5945 5946 6018 6019 6029
24 636 701 714 6803 6817 6820 6821 7960 7963 7969 7971 7988 7989 7999 8012 8013 8014 8015 8016 8025 8028 8029 8060 8953
1 641
7 643 759 1820 6578 6579 6586 6587
3 648 729 966
4 653 654 674 696
2 677 6575
1 694
6 698 700 1486 6629 6630 6633
9 703 715 762 1509 6364 6365 6369 6370 6371
10 710 827 1917 1918 1919 1920 1922 1940 1941 1954
8 721 732 6589 6599 6600 6601 6604 6626
1 730
6 734 767 3448 3450 5271 5275
9 740 773 775 1048 1055 1058 1734 1735 1739
10 741 777 850 857 4565 4566 4569 4588 4589 4590
4 742 1866 1872 1875
3 754 3875 3876
19 755 1553 1581 1582 1895 1896 1897 1899 1900 4790 4807 4808 4809 4810 4828 4830 4831 4841 6637
11 760 778 781 833 835 837 838 915 918 968 969
2 761 1916
9 765 3463 3464 3465 3466 3557 3558 3559 5269
26 766 776 2086 2088 6736 6740 6759 6770 6771 6790 6791 6792 6796 6797 6802 6828 6866 6869 6870 6876 6877 6885 6886 6909 6973 6974
3 779 780 788
16 797 2226 2243 2245 2255 2256 2259 2265 2266 2270 2369 2381 2382 2383 5516 5517
6 802 1035 1037 1039 1041 3664
13 803 1336 1529 5522 5523 5525 5528 5529 5530 5533 5536 8930 8935
3 809 5919 5921
8 812 1548 1577 1584 1592 1593 1604 1607
11 816 818 7611 7612 7614 7615 7617 7694 7695 7696 7697
4 817 820 821 4916
11 829 2120 2130 2135 2150 2151 2159 2452 2453 2479 2480
3 830 1478 3769
17 831 983 5697 5709 5751 5752 5764 6654 7281 7285 7286 7287 7560 7564 7566 7567 7731
4 832 934 935 2532
1 836
15 839 840 1663 2590 2591 2592 2593 2603 2604 2606 2608 2609 2613 2614 2616
14 841 873 876 3761 3780 3782 3783 3784 3786 3792 3811 3812 3815 3816
8 843 7778 7779 7782 7784 7785 7807 7820
1 852
10 858 940 8249 8253 8254 8256 8259 8266 8267 8268
4 862 863 984 1106
6 864 1903 1912 4000 5542 5543
9 867 2572 8624 8625 8626 8628 8630 8639 8640
1 869
1 870
2 877 1022
19 880 4140 4143 4186 4187 4192 4195 4198 4199 4205 4209 4242 4430 4432 4438 4439 4649 4684 4685
1 882
10 883 886 967 2100 2102 4039 5815 5816 5821 5823
11 890 3627 5827 5828 5829 5830 5831 5832 5833 5835 5836
2 891 8392
24 897 3938 6911 6924 6927 6935 6936 6937 6938 6940 6958 6959 6961 6962 6964 6970 6971 6991 7030 7035 7058 7059 7065 7066
5 902 914 1107 4139 4188
5 903 1510 4255 6160 6161
27 908 919 933 970 976 1968 1973 2081 2817 2818 2819 7126 7132 7135 7136 7137 7168 7173 7182 7265 7268 7269 7282 7288 7289 7421 7422
4 912 2211 7752 7756
4 925 988 2896 5885
11 927 991 1016 1020 1034 1077 3740 3744 3745 3746 3748
1 936
13 938 1236 1242 1264 1267 1269 1274 3433 3440 3441 3442 3443 3444
7 939 947 1162 4276 4278 4285 4347
18 942 7773 7776 7777 7797 7811 7812 7813 7819 7822 7824 7825 7829 7830 7833 7834 7835 7837
3 945 2878 2879
5 948 6257 6258 6259 6264
2 949 990
1 950
2 956 1027
30 961 974 1076 1081 1095 1097 1103 1109 1110 4687 4691 4692 4698 8804 8807 8812 8820 8821 8840 8841 8842 8848 8850 8851 8852 8919 8920 8922 8940 8941
11 975 1066 1069 1113 1114 1621 1622 1626 7920 7922 7923
14 979 1074 1120 1137 1282 1283 1284 2995 2996 2997 3111 6482 6483 6490
9 980 1102 1222 1262 1335 3459 7954 8064 8070
6 982 1440 1447 6373 6409 6415
13 986 1281 7068 7069 7070 7071 7076 7088 7095 7098 7104 7105 7106
4 987 1116 2903 2907
11 989 1455 5185 5186 5205 5206 5209 5210 5212 5226 5227
13 999 1763 1819 1824 1827 5266 5267 5281 5290 5291 5292 5293 5294
13 1000 1164 3660 3661 8077 8801 8803 8972 8973 8981 9362 9364 9404
1 1001
3 1005 5673 5674
14 1008 3240 3244 3286 3287 3290 3291 3294 4004 4009 4010 4012 6478 8084
5 1011 1165 1175 1178 1184
4 1019 5519 5521 8228
11 1021 1028 1117 2089 5691 5703 5704 5706 5710 5730 5734
4 1036 1040 1043 2567
8 1038 1047 1483 1488 2114 2115 8394 8395
8 1062 1063 1618 1619 3389 3398 3416 3421
6 1064 1186 1193 1278 1285 1289
15 1070 1379 2577 2584 2586 2588 5737 5748 5750 5837 5838 5839 5840 5842 5844
1 1071
2 1072 3931
1 1079
3 1080 1083 1295
7 1082 1320 1338 2199 5957 5959 5960
5 1086 6097 6103 6829 6835
4 1092 1332 4538 4539
1 1099
11 1122 1506 5903 5908 5910 5922 5966 5967 5968 5969 5970
3 1128 1347 9113
10 1129 7948 7949 7952 7953 7958 7959 8074 8075 9422
4 1143 1144 1376 2812
8 1145 1460 1525 1526 1527 9157 9158 9163
15 1147 1450 2450 2457 2460 2982 3002 8989 9005 9013 9049 9050 9065 9348 9358
10 1157 3142 3423 3424 7732 7751 7760 7762 7840 7841
4 1158 1378 9773 9774
2 1160 1209
4 1163 1389 1489 1634
14 1169 2529 6429 6451 6459 6466 6467 6643 6644 6645 6711 6720 6721 6722
4 1173 1661 1664 1665
7 1179 1182 1636 1666 1667 1687 5638
1 1185
7 1187 1202 4049 4056 4065 4072 4111
3 1206 1475 7555
5 1210 1217 1218 1333 9828
2 1215 1637
2 1223 1690
2 1225 2678
4 1231 2790 2792 2809
2 1232 6480
9 1234 3461 3552 3556 3560 3563 3564 3582 3583
1 1237
10 1241 1252 2897 2898 3737 3751 3953 3954 3955 3957
10 1243 1329 1390 1391 2163 2164 2820 2821 2913 2936
6 1253 1271 1279 9901 9902 9912
1 1255
6 1257 1290 1657 1658 6027 6028
1 1270
9 1280 1689 1711 1719 1781 2218 2223 2224 2498
5 1293 1330 1337 7853 7854
5 1297 8549 8550 8581 8582
3 1303 1723 1765
3 1304 1402 1778
1 1305
3 1311 7419 7424
1 1316
4 1322 1359 1364 1369
7 1334 3795 3801 3809 4574 4575 4576
2 1348 1350
3 1356 6582 6583
7 1362 4910 4911 4925 4933 4934 4965
1 1363
6 1366 3431 3432 3438 7937 7938
7 1368 1403 2815 2816 5405 5406 5410
3 1372 9081 9082
3 1374 8168 8174
9 1377 1394 3620 3621 3665 3666 3823 6268 6271
11 1384 6635 6638 6640 6642 6914 6915 6950 6951 6965 6969
1 1393
1 1396
1 1397
2 1400 3366
10 1407 1408 1424 1433 1434 1435 1436 1804 1805 1811
2 1439 1981
7 1441 1451 1843 5686 9144 9149 9152
1 1446
7 1452 1815 9919 9920 9929 9933 9934
1 1454
5 1458 2037 2038 2039 2041
4 1459 1813 1814 6011
2 1462 1464
2 1465 1474
4 1472 1477 1495 2620
5 1479 9896 9898 9899 9900
8 1481 7398 7404 7405 7406 7409 7410 7414
9 1482 1852 1860 1861 1865 1869 8226 8229 8672
1 1484
5 1485 1504 2080 2085 2093
8 1487 1511 2193 2320 2322 2328 9946 9947
8 1490 1951 9974 9975 9976 9977 9983 9985
8 1491 1493 1879 1952 1956 1961 1971 1978
4 1492 1496 2389 2393
4 1498 1983 1986 1990
1 1503
11 1505 1514 8700 8703 8713 8718 8720 8755 8781 8783 8784
2 1507 2197
4 1515 1536 2428 2434
3 1517 2774 2776
2 1519 1543
5 1524 1683 1684 3843 4257
5 1528 4263 4264 4266 4268
6 1532 1639 1659 1660 1668 1728
2 1535 2481
1 1538
11 1541 1544 1902 7610 7619 9127 9129 9130 9131 9133 9134
2 1542 1551
3 1547 1552 2436
8 1554 1555 1566 1568 1571 2977 2993 2994
4 1556 1560 1561 4643
10 1558 1616 2803 2805 2806 3016 3017 4824 4825 4827
19 1573 1579 1598 3113 3169 3170 3171 3172 3176 3189 4424 4428 4429 5341 8856 8885 8886 8894 8898
1 1583
3 1605 6137 6142
2 1606 3066
14 1608 1623 3310 3312 3313 3329 3574 3581 3584 3585 3596 3611 3612 3614
9 1610 1633 9776 9789 9891 9892 9893 9917 9924
3 1611 3238 3239
6 1617 6350 6359 6362 6380 6397
3 1620 1787 1791
6 1624 6591 6594 6615 6618 6619
1 1627
1 1635
7 1640 3941 3944 3945 3981 3986 3988
6 1645 4464 4509 4514 4515 4517
1 1648
2 1654 3729
6 1662 2017 2036 2040 2060 2217
9 1670 1671 1802 1836 1838 2177 9121 9122 9124
1 1685
1 1686
6 1688 1842 1844 4869 4870 4871
7 1691 1725 1759 1761 2190 7304 7306
1 1697
2 1703 9074
1 1705
13 1732 3750 6725 6733 7914 7915 7916 7918 7919 7927 7929 7931 7934
10 1733 5036 5040 5045 5046 5047 5098 5108 5111 5161
8 1742 2174 9447 9448 9460 9461 9462 9463
6 1743 4045 4046 4048 4059 4061
2 1744 2203
