12 0 1 2 3 4 5 7 11 24 65 92 98
6 6 34 35 36 37 63
35 8 12 123 124 478 482 483 487 488 492 493 494 496 1999 2000 2001 2002 2005 2006 2014 2015 2016 2311 2318 2320 2321 2324 2327 2328 2331 2332 2333 2336 2337 2338
51 9 13 14 17 22 23 25 71 72 75 1860 1862 1863 1864 1920 1921 2491 2493 2528 3021 4597 4599 4600 4601 4603 4604 4606 4607 4610 4611 4612 4613 4615 4616 4617 4619 4620 4627 4628 4629 4632 4633 4634 4635 4645 4648 4653 4654 4655 4656 4659
100 10 69 70 73 74 78 79 86 87 88 89 90 91 94 95 100 101 102 103 133 137 138 139 142 146 150 151 154 159 160 165 166 196 197 207 209 210 211 212 229 230 234 239 240 243 244 246 248 257 258 259 267 270 274 276 277 358 359 363 366 367 368 392 393 394 395 396 398 401 402 403 404 405 406 407 409 410 442 450 451 452 458 460 461 462 463 467 473 475 476 477 479 480 504 505 511 531 6904 6905 6906
6 15 16 18 82 83 85
61 19 26 27 28 46 53 54 55 58 60 62 64 81 97 107 108 109 110 111 112 113 118 121 218 220 221 222 224 542 543 546 547 601 602 603 604 606 607 608 615 616 633 636 637 660 661 673 675 676 678 679 680 681 682 684 686 688 689 690 693 694
138 20 287 307 311 313 314 315 321 327 328 329 330 331 332 335 338 340 518 529 534 535 537 1347 1361 1368 1369 1398 1399 1415 1416 1417 1418 1419 1420 1421 1422 1423 1424 1425 1426 1427 1428 1485 1486 1501 1502 1509 1512 1513 1516 1518 1540 1600 1602 1603 1604 1605 1616 1617 1620 1624 1628 1637 2350 2352 2353 2354 2355 2357 2358 2360 2369 2371 2376 2380 2393 2394 2395 2396 2397 2399 2400 2402 2405 2407 2409 2410 2411 2413 2415 2416 2417 2418 2419 2421 2424 2430 2431 2438 2445 2447 2448 2465 2467 2580 2581 2588 2590 2591 2593 2594 2626 2628 2632 2637 2638 2639 2645 2649 2650 2652 2653 2654 2655 2657 2658 2662 2663 2665 2669 2672 2673 2674 2675 2676 2679 2680 2681
22 21 31 174 175 176 177 178 180 185 186 192 293 299 301 308 318 319 322 323 325 326 341
64 29 126 3142 3147 3151 3152 3153 3154 3156 3157 3178 3187 3188 3283 3284 3287 3296 3297 3298 3299 3300 3301 3304 3306 3307 3311 3312 3313 3314 3315 3316 3317 3318 3319 3320 3321 3322 3323 3324 3325 3327 3329 3331 3332 3334 3335 3336 3337 3342 3344 3347 3348 3349 3376 3377 3381 3402 3405 3406 3423 3424 3438 3443 3444
159 30 33 39 42 43 44 194 199 200 201 219 227 228 241 283 4721 4722 4723 4724 4725 4726 4727 4728 4729 4730 4731 4732 4733 4739 4741 4759 4760 4761 4762 4767 4777 4778 4783 4784 4785 4786 4793 4988 4992 4996 4997 4999 5001 5003 5008 5009 5015 5016 5025 5026 5028 5031 5032 5043 5045 5046 5047 5051 5053 5055 5056 5057 5058 5059 5060 5064 5066 5067 5071 5073 5074 5076 5077 5078 5079 5080 5082 5083 5084 5085 5086 5087 5088 5089 5092 5098 5101 5108 5110 5112 5113 5114 5115 5116 5117 5118 5119 5121 5122 5124 5126 5127 5128 5129 5130 5132 5135 5136 5137 5138 5140 5141 5142 5143 5145 5146 5147 5148 5149 5150 5151 5152 5153 5154 5156 5157 5160 5161 5170 5171 5172 5183 5184 5192 5194 5198 5200 5202 5203 5204 5221 5223 5225 5244 5245 5246 5247 5248 5249 5250 5252 5253 5254 5255
131 32 45 47 353 357 360 362 872 878 880 883 884 891 902 903 906 907 908 909 911 912 914 920 921 923 927 929 930 931 932 941 942 949 950 951 953 961 962 963 966 1051 1052 1055 1056 1057 1058 1060 1062 1063 1066 1067 1068 1072 1075 1078 1083 1084 1085 1087 1091 1092 1094 1096 1100 1102 1103 1104 1105 1129 1131 1132 1133 1134 1135 1138 1139 1141 1142 1143 1144 1145 1148 1150 1164 1165 1166 1168 1170 1176 1178 1179 1180 1184 1187 1188 1189 1190 1191 1192 1194 1195 1198 1199 7229 7230 7231 7239 7241 7243 7246 7275 7279 7280 7287 7291 7293 7297 7298 7299 7300 7301 7304 7305 7306 7307 7308 7315 7334 7336 7340 7341
60 38 48 51 52 114 288 289 291 292 295 296 383 384 385 386 417 418 423 444 445 446 447 6007 6008 6027 6028 6032 6033 6038 6050 6055 6075 6078 6079 6082 6083 6087 6089 6097 6099 6100 6101 6104 6105 6106 6107 6108 6110 6121 6434 6435 6465 6467 6470 6471 6473 6474 6476 6478 6479
6 40 41 512 513 514 519
218 49 56 115 119 740 741 743 744 745 747 748 753 754 762 764 772 779 780 781 783 787 791 792 793 794 796 1227 1231 1232 1236 1237 1263 1269 1270 1271 1272 1274 1278 1281 1291 1302 1303 1306 1309 1310 1311 1312 1313 1323 1384 1388 1389 1390 1393 1405 1406 1410 1411 1414 1429 1430 1431 1432 1433 1434 1435 1437 1439 1440 1441 1442 1443 1447 1448 1449 1453 1454 1478 1483 1487 1488 1491 1492 1493 1494 1495 1496 1497 1531 1532 1533 1711 1712 1713 1715 1717 1718 1720 1723 1725 1727 1730 1732 1735 1737 1738 1765 1787 1788 1789 1797 1798 1802 1803 1808 1809 1810 1812 1813 1814 1817 1818 1819 1821 1823 1826 1827 1828 1829 1831 1833 1834 1849 1850 1854 1855 1857 1871 1872 1873 1874 1880 1881 1884 1885 1886 1887 1888 1890 1891 1925 1927 1929 1930 1937 1941 1943 1944 1946 2118 2119 2120 2121 2124 2126 2127 2138 2139 2140 2141 2142 2143 2147 2148 2151 2153 2156 2157 2209 2210 2223 2224 2230 2231 2233 2234 2235 2236 2237 2239 2240 2243 2244 2245 2248 2250 2253 2254 9053 9054 9055 9056 9057 9059 9060 9061 9065 9071 9117 9118 9119 9122 9123 9124 9134 9136 9137 9138
22 50 371 581 593 594 596 597 599 612 613 617 642 643 644 645 648 649 656 657 671 672 697
52 57 120 539 540 541 545 548 549 556 570 571 575 580 583 585 586 587 707 708 715 716 721 723 724 725 727 728 730 733 734 735 768 774 788 804 805 806 856 862 863 865 868 869 1656 1662 1663 1664 1665 6432 6433 6440 6441
21 59 67 68 76 80 104 173 179 188 189 191 193 203 213 214 216 217 380 382 416 419
82 61 66 122 285 377 378 980 981 984 986 987 988 989 990 1033 1043 1044 1046 1047 1079 1210 1214 1215 1217 1218 1219 1222 1223 1224 1239 1240 1248 1250 1252 1254 1261 1265 1266 1319 1320 1321 1324 1327 1545 1547 1548 1549 1551 1693 1694 1699 1703 1705 1952 1959 1960 1964 1965 1966 1972 1974 1991 2086 2088 2089 2090 2091 2092 2095 2102 2104 2111 2113 2115 2117 2145 2149 5634 5635 5660 5663 5666
28 77 557 565 566 894 975 977 2957 2998 2999 3012 3014 3017 3023 3034 3035 3036 3037 3038 3039 3040 3041 3047 3051 3052 3055 3056 3057
48 84 127 2019 2020 2021 2023 2026 2027 2028 2029 2030 2031 2037 2038 2039 2043 2044 2047 2050 2053 2054 2059 2159 2160 2170 2171 2175 2177 2184 2186 2187 2189 2257 2258 2259 2261 2263 2264 2273 2346 2347 2386 2485 2486 2505 2521 2523 3116
61 93 99 129 472 481 490 497 1116 1117 1121 1124 1125 1126 1127 1130 1136 2597 2601 2602 2605 2613 2614 2615 2619 2625 2666 2667 2698 2699 2700 2703 2723 2725 2727 2729 2736 2737 2748 2749 2758 2759 2762 2763 2766 2767 2768 2769 2770 2771 2773 2778 2809 3465 3466 3477 3478 3491 3493 3499 3503 3504
16 96 145 2306 2859 2861 2863 2864 2865 2874 2875 2884 2887 2890 2891 2893 2894
5 105 811 812 815 819
17 106 132 136 427 833 835 836 2982 2985 2989 2990 3064 3065 3066 3069 3070 3082
103 116 140 141 144 147 148 468 469 578 4402 4403 4406 4412 4414 4415 4416 4420 4421 4422 4441 4442 4443 4444 4448 4449 4453 4458 4459 4468 4469 4470 4471 4479 4483 4484 4488 4489 4491 4492 4496 4497 4498 4499 4501 4502 8849 8850 8851 8852 8859 8861 8862 8864 8869 8871 8872 8873 8874 8875 8876 8880 8890 8891 8893 8898 8933 8936 8937 8938 8940 8952 8953 8963 8965 8973 8979 8989 8991 8993 8994 9001 9014 9015 9016 9021 9023 9033 9034 9039 9040 9045 9085 9087 9091 9095 9096 9097 9098 9100 9143 9144 9152 9154
15 117 152 153 157 161 163 164 167 168 169 171 172 2560 2561 5284
149 125 245 256 260 498 499 500 501 1204 1205 1206 1207 1208 1258 1260 1264 1268 3650 3652 3654 3656 3657 3658 3666 3667 3668 3669 3670 3673 3675 3676 3678 3679 3680 3681 3682 3683 3684 3687 3691 3692 3693 3694 3695 3697 3699 3701 3702 3703 3704 3705 3709 3710 3719 3727 3728 3730 3731 3732 3739 3748 6909 6910 6911 6912 6914 6916 6932 6937 6939 6941 6944 6947 6980 6981 6985 6986 6990 6992 6993 6996 6997 6998 6999 7000 7001 7005 7007 7008 7034 7038 7039 7040 7043 7045 7051 7053 7057 7060 7061 7062 7063 7093 7097 7099 7102 7103 7104 7107 7112 7115 7116 7117 7119 7120 7121 7123 7125 7126 7128 7136 7137 7138 7139 7140 7149 7151 7152 7156 7157 7159 7161 7162 7194 7846 7849 7850 7867 7869 7870 7871 7872 7878 7879 7881 7882 7883 7884 7885
9 128 130 131 269 577 579 589 590 592
22 134 143 255 425 430 433 526 527 528 532 536 618 619 620 621 1003 1004 1005 1020 1022 2073 2084
11 135 187 190 225 250 251 1152 1153 1358 1360 1363
43 149 626 627 628 629 630 632 706 709 717 1371 1372 1380 1382 1383 1386 1387 1391 1394 1400 1463 1467 1471 1473 3096 3098 3102 3103 3104 3105 3107 4066 4067 4069 4070 4072 4076 4077 4078 4079 4084 4085 4087
6 155 641 3219 3221 3231 3232
10 156 158 181 2449 2455 2471 2473 2474 2475 2497
102 162 699 821 854 855 857 1318 1346 1352 1353 1356 1357 1538 1575 1576 1586 1590 1591 1597 1606 1613 1625 1638 3274 3275 3276 3350 3351 3352 3361 3362 3363 3364 3365 3368 3370 3374 3382 3391 3392 3394 3398 3407 3409 3410 3411 3412 3413 3417 3418 3422 3520 3522 3525 3526 3529 3588 3614 3615 3620 3621 3633 3640 3641 3642 4223 4224 4238 4239 4240 4244 4245 4247 4248 4249 4250 4251 4253 4261 4262 4263 4264 4268 4292 4298 4299 4302 4303 4304 4305 4307 4308 4310 4316 4320 4333 4334 4335 4336 4339 4340 4347
35 170 183 298 731 1644 1645 1670 1671 1672 2747 2750 2754 2757 2776 2947 2948 2950 2951 2953 3005 3006 4004 4006 4008 4015 4018 4019 4020 4031 4032 4033 4037 7519 7520 7527
68 182 184 236 238 249 275 278 345 346 809 1681 1684 1686 1847 1848 1858 1869 1882 1883 1892 1893 1894 1898 1903 1905 1908 1909 1910 1911 8538 8539 8542 8563 8564 8565 8566 8567 8570 8574 8660 8665 8667 8670 9243 9244 9246 9247 9248 9249 9250 9251 9252 9256 9258 9260 9263 9264 9265 9269 9281 9282 9283 9286 9287 9290 9291 9303 9307
13 195 1582 1583 1914 1916 3117 3118 3119 3120 3763 3764 3765 3767
97 198 347 1934 1935 1939 1997 2036 2040 2055 2056 2060 2062 2064 2066 2070 2072 2109 2207 2211 2256 2266 2267 3508 3512 3513 3514 3515 3516 3517 4351 4354 4385 4387 4388 4389 4390 4391 4392 4394 4395 4397 4398 4400 4401 4404 4413 4419 4929 4931 4932 4933 4934 4938 4941 4942 4943 4944 4947 4956 4970 4976 4977 5494 5497 5498 5499 5500 5501 5502 5504 5507 5509 5510 5512 5516 5517 9715 9749 9752 9753 9755 9756 9757 9759 9779 9781 9783 9787 9788 9794 9799 9858 9859 9868 9869 9881 9895
58 202 3783 3784 3785 3786 3789 3791 3792 3794 3795 3796 3807 3809 3813 3814 3815 3816 3817 3821 3822 3824 3829 3860 3861 3864 3865 3867 3868 3887 3891 3896 3897 3898 3900 3916 3918 3930 3931 3951 3952 4165 4166 4167 4169 4170 4171 6264 6287 6288 6291 6292 6294 6295 6296 6297 6299 6300 6301
26 204 235 2277 2284 2289 2290 2291 4101 4104 4105 4113 4114 4115 4116 4117 4118 4119 4120 4122 4123 4124 4125 4127 4128 4130 4131
30 205 2536 2537 2927 2929 2931 2933 2935 2937 2938 3088 3089 3091 3092 3126 3127 3130 3134 3135 3159 3780 3781 3782 3787 3799 3801 3804 3805 3806 3810
83 206 702 703 705 726 729 732 2434 2541 2543 2545 2553 2558 2562 2566 2577 2579 2682 2683 2684 2685 2686 2687 2689 2690 2692 2694 2713 2714 2715 2717 2718 2741 2746 2751 2854 2855 2856 2900 2905 2908 2909 2910 2914 2915 3169 3170 3171 3172 3173 3243 3244 3245 3247 3248 3250 3252 3255 3257 3258 3259 3260 3262 3263 3265 3266 3268 3269 3272 3277 3278 3279 4156 4157 4162 4163 4172 4173 4188 7929 7930 7935 7936
43 208 226 666 667 668 823 974 978 2922 2923 2924 2926 3001 3002 3015 3197 3448 3449 3451 3461 3471 3472 4059 4060 4061 4064 4090 4091 4092 4093 4095 4096 4097 4507 4508 4509 4511 4514 4515 4518 4553 4554 4556
2 215 233
55 223 252 253 3209 3210 3211 3216 3217 3234 3235 3236 3237 3507 3527 3535 3536 3537 3538 3539 3543 3544 3546 3547 3553 3555 5536 5545 5546 5548 5554 5558 5569 5570 5572 5574 5575 5583 5584 5587 5588 5589 5593 5599 5607 5609 5633 5667 5692 5695 5696 5697 5702 5705 5706 5707
51 231 351 858 860 3558 3559 3583 3585 3587 3589 3753 3755 3758 4147 4148 4151 4152 4154 4190 4191 4193 4194 4196 4202 4208 4216 4220 4226 4228 4283 4326 4356 4357 4359 4363 4364 7419 7420 7421 7422 7423 7424 7433 7434 7439 7440 7448 7449 7451 7455 7456
10 232 262 3750 3769 8715 8778 8779 8781 8782 8799
32 237 369 370 459 995 996 997 1000 1001 3842 3855 3856 3857 5917 5918 5927 5929 5931 5932 5937 5947 5949 5950 6170 6173 9924 9935 9938 9947 9979 9981 9982
43 242 820 822 824 3967 3969 3971 3972 3973 3979 3991 3992 3993 4040 4044 4045 4046 4047 4048 4049 4050 4052 4053 4056 4062 4083 4098 4099 4103 4106 4112 4134 4135 4506 4510 4561 4562 4564 4569 4570 4573 4575 4576
17 247 669 695 2203 2255 2260 2262 2265 2268 3885 3901 5858 5859 5878 5879 5880 5885
14 254 421 422 424 752 898 945 959 994 998 1016 1017 2097 2103
65 261 264 434 436 437 440 759 790 798 801 827 843 3928 3932 3934 3935 3959 4369 4379 4384 4588 4589 4590 4591 4592 4639 4641 4642 4643 4668 4680 4713 4714 4812 4815 4820 4824 4825 4828 4830 4831 4832 4850 4860 4863 4868 4869 4870 4871 5765 5768 5769 5771 5772 5773 5775 5780 5783 5784 5786 5787 5795 5809 5814 5823
50 263 509 4199 4201 4204 4206 4213 4214 4217 4218 4219 4221 4231 4232 4233 4234 4237 4583 4584 4662 4663 4681 4683 4836 4838 4843 4845 4847 4848 4849 4859 4874 4875 4905 4920 4927 4958 4959 4967 4968 4979 4987 5019 5034 5037 5039 5102 5103 5105 5107
32 265 5313 5314 5315 5316 5318 5319 5321 5325 5326 5327 5328 5329 5330 5331 5334 5335 5337 5378 5381 5382 5384 5388 5389 5394 5395 5397 5401 5402 5416 5417 5418
5 266 271 272 840 870
9 268 760 766 767 1031 1341 1344 1345 5273
8 273 279 934 935 937 5205 5210 5211
10 280 281 282 5307 5308 5309 5310 5311 5312 5320
83 284 1378 2275 4691 4692 4693 4697 4700 4702 4899 4908 5185 5186 5187 5213 5214 5215 5294 5428 5431 5432 5446 5447 5448 5449 5451 5452 5462 5463 5468 5469 5472 5473 5714 5715 5724 5725 5752 5753 5758 5761 5763 5764 5797 5798 5799 5801 5802 5803 5804 5805 5825 5827 5828 5829 5830 5831 5832 5833 5834 5837 5838 5839 5843 5844 5909 5910 5911 5915 5954 5955 5956 5959 5960 5996 6013 6019 6024 6025 6030 6031 6060 6061
31 286 290 294 297 567 568 785 786 979 982 991 992 1115 2816 2819 3161 5965 5966 5967 5968 5969 5970 6179 6816 6817 6818 6819 6820 6822 6823 6830
45 300 374 2292 2295 2297 2299 2302 2316 2317 2345 5278 5279 5280 6243 6245 6247 6252 6253 6259 6260 6272 6273 6279 6672 6674 6675 6676 6677 6678 6679 6680 6706 6709 6718 6719 6720 6721 6722 6750 6751 6758 6759 6760 6762 6787
60 302 808 1477 1481 1568 1569 1641 1642 1653 6128 6129 6130 6131 6132 6138 6141 6157 6183 6184 6194 6195 6201 6229 6230 6232 6236 6237 6239 6241 6286 6290 6315 6319 6320 6332 6338 6341 6342 6344 6347 6348 6349 6354 6355 6357 6358 6386 6387 6388 6394 6397 6400 6401 6403 6406 6407 6409 6411 6412 6413
36 303 638 6070 6073 6074 6429 6442 6523 6525 6527 6530 6531 6532 6533 6548 6551 6552 6553 6555 6559 6560 6563 6564 6592 6597 6598 6632 9172 9175 9176 9188 9193 9194 9195 9198 9212
50 304 305 484 485 2789 6418 6419 6420 6425 6426 6427 6428 6430 6436 6444 6446 6447 6669 6670 6681 6682 6689 6690 6691 6724 6725 6731 6732 6848 6856 6857 6858 6861 6862 6869 6870 6873 6874 6875 6880 6885 6886 6889 6890 6891 6892 6894 6896 6897 6898
105 309 310 379 538 826 1710 1719 1728 3062 6903 6908 6920 6934 6951 6955 7170 7171 7172 7175 7176 7177 7178 7183 7184 7185 7186 7187 7346 7347 7349 7350 7352 7353 7354 7385 7386 7399 7496 7498 7501 7505 7509 7512 7513 7514 7518 7531 7534 7949 7950 7953 7957 7959 7960 7961 7965 7977 7979 7980 7981 7984 7985 7986 7987 7989 7990 7992 7993 7994 7998 8001 8002 8003 8004 8005 8006 8007 8009 8164 8165 8166 8168 8169 8173 8178 8179 8182 8187 8197 8214 8215 8217 8220 8221 8228 8230 8231 8232 8233 8235 8236 8262 8263 8264 8265
31 312 2797 2799 2801 2803 2804 6603 6604 6607 6611 6616 6618 6619 6620 6622 6623 6624 6629 6630 6631 6635 6636 6652 6653 6655 6656 7571 7572 7573 7576 7577
4 316 1774 1777 1778
15 317 1800 3551 3552 3560 3561 3636 3637 3638 3643 3644 3645 7223 7259 7260
31 320 336 337 510 523 524 938 948 2806 2813 2814 6794 6795 6796 6797 6831 6837 6838 6900 6901 6959 6960 7607 7608 7635 7636 7637 7638 7639 7640 7641
2 324 960
19 333 334 412 503 7778 7779 7780 7781 7782 7783 7784 7788 7789 7798 7799 7816 7817 7916 7917
6 339 443 454 971 972 973
12 342 1112 2944 2945 2954 2955 2956 7740 7741 7752 7753 7756
22 343 348 1158 1159 1557 1559 7662 7663 7665 7666 7667 7668 7669 7673 7675 7676 7678 7679 7681 7686 7689 7690
35 344 3176 3179 3180 3183 3184 3189 3190 3191 3193 3195 3196 4712 7707 7708 7709 7711 7712 7713 7735 7736 7737 7746 7758 7759 7760 7761 7762 7766 7768 7770 7797 7815 7818 7820
12 349 2975 2976 4764 4765 4766 4768 4769 4770 4773 4774 4775
4 350 352 354 969
26 355 1275 1277 1995 2721 4776 4788 4791 7193 7197 7198 7199 7200 7201 7202 7203 7206 7208 7210 7211 7215 9385 9386 9388 9401 9403
10 356 373 432 435 438 1282 1283 1285 1286 1289
37 361 1186 1196 1197 1220 1225 1328 1689 1690 7925 7926 8089 8091 8092 8097 8098 8099 8100 8110 8117 8124 8127 8129 8130 8131 8132 8153 8154 8155 8161 8162 8163 8189 8190 8191 8193 8194
26 364 1677 1691 1692 1704 1706 1733 1749 1751 1753 1754 1755 1768 1769 1770 1772 1773 8337 8338 8340 8345 8346 8347 8349 8350 8351
24 365 372 1990 8266 8267 8268 8286 8287 8303 8305 8319 8320 8321 8323 8336 8342 8357 8359 8361 8363 8380 8383 8384 8387
16 375 376 554 555 559 588 1023 1025 1027 8449 8450 8451 8456 8459 8464 8465
17 381 1329 1330 1331 1877 3724 3734 7402 7403 7404 7405 7407 7408 7409 7410 7412 7414
13 387 564 624 9327 9328 9330 9348 9350 9351 9352 9353 9355 9358
23 388 1337 2825 2828 5523 5524 5525 5526 5711 5848 5849 7569 7570 7579 7580 7581 7582 7583 7587 7591 7592 7593 9418
28 389 390 6512 6513 8516 8522 8524 8526 8527 8549 8551 8552 8554 8556 8597 8598 8599 8600 8604 8605 8608 8611 8612 8613 8614 8615 8617 8618
2 391 470
2 397 411
6 399 3016 3018 3019 3020 3024
27 400 515 517 5434 5436 5439 5440 5441 5442 5444 5445 5479 5482 5483 5484 5487 5490 5491 7476 7477 7480 7481 7483 7484 7485 7486 7492
98 408 414 861 871 874 875 1379 1525 1526 1527 4434 4437 8495 8500 8501 8503 8504 8505 8507 8509 8511 8512 8513 8514 8682 8815 8817 8819 8824 8825 8828 8829 8830 8841 8842 8845 8903 8904 8905 8914 8915 8916 9166 9168 9169 9171 9230 9233 9234 9237 9267 9271 9276 9279 9293 9316 9317 9318 9323 9325 9332 9333 9340 9341 9342 9344 9347 9364 9365 9367 9368 9369 9374 9380 9381 9382 9384 9387 9390 9393 9394 9395 9396 9405 9407 9408 9409 9412 9413 9414 9415 9416 9417 9419 9422 9433 9436 9438
5 413 552 553 560 582
48 415 5542 5543 6743 6745 6753 6754 6755 8705 8707 8709 8710 8711 8712 8718 8721 8722 8723 8726 8730 8731 8777 8783 8784 9469 9470 9471 9482 9483 9484 9485 9486 9496 9507 9509 9517 9519 9524 9534 9536 9538 9539 9548 9551 9552 9554 9557 9558
6 420 520 1839 1840 1846 1851
11 426 5641 5642 5646 5648 5650 5657 5670 5671 5673 5674
9 428 625 631 1530 1534 1967 7536 7539 7540
5 429 431 455 5527 7555
19 439 8803 8822 8832 8837 8840 8846 9103 9104 9105 9106 9107 9108 9116 9121 9125 9156 9162 9163
5 441 2918 2919 2921 2925
39 448 7562 7563 7564 7566 7567 7594 7596 7601 7610 7611 7612 7615 7616 7619 7621 7624 7628 7630 7631 7699 7700 7703 7704 7705 7825 7827 7835 7836 7838 7839 9561 9562 9563 9566 9567 9571 9573 9577
22 449 639 662 664 696 8397 8403 8404 8405 8410 8412 8445 8448 8454 8455 8458 8460 8466 8467 8468 8469 8470
17 453 5676 5686 5687 5690 9712 9720 9723 9805 9814 9815 9816 9818 9821 9825 9826 9827
11 456 466 521 562 1542 1543 5531 5538 5551 9696 9697
10 457 464 4887 4888 4890 7329 7330 7332 7416 7417
12 465 611 750 751 776 1969 1970 1976 1977 1980 1981 5921
32 471 1529 3079 3083 5980 5981 5985 6127 6151 6152 6153 6326 6333 6356 6453 6454 6456 6457 6458 6468 6481 6482 6483 6484 6486 6487 6488 6490 7554 7557 7558 7559
27 474 486 4893 4896 4897 8484 8630 8633 8641 8644 8645 8646 8647 8648 8651 8653 8654 8655 8656 8664 8673 8674 8676 8687 8689 8691 8694
17 489 491 9624 9625 9626 9629 9630 9631 9637 9642 9673 9674 9679 9705 9707 9709 9724
9 495 1741 1747 1748 1758 1759 1760 1762 5953
5 502 506 2096 2100 2107
54 507 925 939 943 958 1474 5652 5653 5654 5655 5659 5662 5664 5665 5675 5677 5722 5728 5872 5889 5890 5892 5893 5904 5905 5907 6740 6742 6746 6747 6749 6752 6756 6757 6763 6764 6765 6767 6768 6769 6772 6777 6778 6779 6780 6783 8754 8756 8757 8760 8761 8763 8769 8771
13 508 1566 1567 1573 1574 1577 1578 1739 9908 9910 9911 9912 9918
9 516 7541 7542 9591 9592 9593 9595 9599 9600
17 522 659 665 677 6514 6515 6519 6520 6521 6522 6529 6534 6600 6601 6609 6612 6627
6 525 551 561 9907 9913 9914
9 530 550 576 609 634 5228 5229 5230 5231
15 533 698 700 1299 1301 1304 1314 1325 1332 2032 2035 2162 2525 2527 2532
18 544 569 650 1836 1844 1918 1931 1947 3997 3999 4001 4002 4010 4011 4012 4327 4328 4329
15 563 595 1786 7179 7180 7181 7189 7190 7191 7192 7549 7551 7650 7651 7652
6 572 605 622 2202 2204 2213
43 573 8483 8485 8752 8767 8772 8787 8788 8958 8960 8968 8969 8970 8971 8972 8975 8980 8981 9360 9361 9362 9363 9370 9372 9373 9428 9429 9430 9432 9459 9460 9462 9463 9622 9623 9638 9801 9804 9806 9807 9811 9812 9829
1 574
4 584 653 654 655
9 591 2108 2110 2131 2133 2144 2150 2152 2155
44 598 635 846 847 2251 2252 2269 6166 6168 6169 7661 7670 7671 7677 7942 7944 7945 7948 7967 7975 7999 8012 8013 8014 8021 8025 8026 8027 8028 8029 8031 8035 8039 8040 8041 8048 8049 8050 8053 8054 8063 8064 8067 8068
9 600 738 739 749 6502 6506 6668 6671 6673
6 610 658 1982 2794 2795 2796
18 614 3480 3481 3487 3490 3494 3497 3549 3550 3563 3564 3581 3582 3584 3590 3591 3653 7272
13 623 803 1037 1038 1039 1040 1041 2589 2596 2608 2609 2610 2611
7 640 3058 3060 3061 3063 3068 3072
27 646 1535 1552 1555 1556 1560 1561 2167 2169 2178 2183 2193 2197 3833 3835 3836 3839 3843 3844 3845 3847 3848 3879 3880 3883 3884 3906
1 647
12 651 7221 7228 7249 7250 7253 7256 7257 7258 7262 7263 7270
3 652 5868 5870
17 663 687 691 692 5271 5276 8083 8084 8134 8135 8136 8142 8146 8241 8244 8394 8395
16 670 714 8422 8423 8425 8430 8436 8437 8440 8441 8442 8452 8473 8475 8477 8479
11 674 701 704 713 807 2219 2221 2229 2242 2247 2249
6 683 851 853 2313 2314 2329
40 685 718 719 720 737 4709 4717 4718 4719 4743 4746 8069 8075 8086 8094 8095 8101 8137 8138 8141 8143 8145 8147 8150 8152 8159 8160 8204 8205 8206 8207 8208 8211 8212 8254 8255 8258 8260 8269 8270
5 710 778 816 817 825
1 711
18 712 2838 2839 2843 2844 8421 8424 8426 8429 8431 8432 8433 8480 8481 8482 8486 8487 9900
1 722
12 742 2080 2082 2128 2281 2283 2294 2996 2997 3000 3044 3045
8 746 755 1996 1998 2003 2004 2008 9987
3 756 1456 1508
15 757 2382 2387 2391 2398 3087 3114 3115 3141 3963 3964 3981 3982 3983 3985
15 758 885 2452 2453 2502 2503 2847 2848 9559 9560 9564 9565 9568 9569 9579
4 761 2342 2344 2367
2 763 2451
3 765 2974 2994
1 769
15 770 3162 3163 4833 4839 4853 4876 4903 4904 4906 4909 4910 4911 4912 5033
23 771 775 893 895 896 897 3164 3165 3166 3167 3168 7075 7078 7079 7082 7083 7084 7086 7089 9963 9964 9965 9968
19 773 784 789 813 814 5355 5356 5358 5411 5412 5413 5414 5422 5424 5425 5426 5427 5433 5453
19 777 830 1242 1245 1246 1632 1633 3238 3239 5974 5975 5976 5978 5984 5986 5994 6001 6002 6189
3 782 848 849
12 795 797 2739 2774 2775 2777 2779 6190 6191 6192 6200 6202
3 799 881 882
13 800 831 887 1461 1489 1504 1520 1521 1524 1528 2519 2522 2530
14 802 1032 1042 1048 1049 1050 1230 2548 2549 2551 2552 2554 2555 2556
2 810 818
14 828 3358 3429 3431 3433 3460 3462 3463 3479 3488 3501 3505 3506 3530
7 829 2695 2696 2710 2711 2712 7474
14 832 922 924 970 983 5346 5348 5349 5350 5351 5352 5354 5357 5361
3 834 1580 6377
5 837 839 841 842 1801
14 838 1077 3426 3688 5632 5636 5639 5640 5669 5672 5700 5709 5733 5734
16 844 1081 1082 1088 1563 2568 2607 2612 3778 3788 3830 3832 3834 3853 3875 3876
1 845
3 850 859 5738
1 852
2 864 2620
8 866 1109 1110 4028 4030 4034 4035 4184
15 867 3031 3076 3077 3078 3084 4535 4536 4537 4542 4545 4546 4549 4550 4552
5 873 879 888 890 3595
2 876 4197
3 877 1114 1629
2 886 889
5 892 6398 6414 6421 6422
2 899 900
6 901 916 1118 1120 1137 1154
8 904 1781 1912 4276 4277 4281 4284 4287
8 905 2303 2304 2305 2307 2363 4349 4352
8 910 915 917 1256 1290 1296 3723 3760
15 913 2821 2833 2836 2837 2857 2866 6735 6786 6788 6792 6802 6803 6809 6810
2 918 1185
4 919 928 954 1235
11 926 968 993 999 1992 3199 3200 4271 6585 6586 6587
6 933 1002 1006 4375 4377 4380
1 936
1 940
6 944 3205 3206 4321 4332 4346
1 946
7 947 1734 1740 1742 1756 1757 2567
4 952 956 1008 2895
16 955 2010 2017 2077 2079 4425 4426 4466 4467 4472 4473 4474 4475 4486 4487 4490
4 957 965 1593 1596
7 964 1009 1011 1014 1018 4528 4586
8 967 2793 2798 2878 2882 2899 2906 2907
2 976 2444
2 985 2670
15 1007 1029 1241 1247 1249 1451 1554 1562 1564 1584 2271 2702 3768 4525 4539
1 1010
7 1012 1019 4432 4435 4438 4460 4461
15 1013 2364 2366 4593 5744 5745 5767 5778 5788 5792 5794 5796 5800 5806 5813
1 1015
16 1021 1024 1028 1053 1054 1779 1780 2457 2458 3938 6165 6176 6181 7692 7695 7697
5 1026 3208 5860 5862 5864
4 1030 1034 1238 1255
28 1035 1045 1059 1070 1608 1609 1611 2508 2539 2547 2550 2557 2559 5944 5945 5946 6015 6018 6039 6045 6063 6071 6122 6123 6124 6126 6206 6207
18 1036 1073 3007 3026 3054 3073 3093 3367 3372 3434 3437 3439 3440 3441 3452 3453 3454 3457
2 1061 4811
11 1064 1076 1080 1086 4753 4754 4755 4795 4796 4797 4798
4 1065 3567 3579 3580
16 1069 1151 1175 1182 1334 3612 3613 5290 5293 5295 5300 6322 6323 6335 6359 6360
1 1071
7 1074 1340 1342 1348 1349 1365 1367
27 1089 1095 1097 1370 1376 3137 3140 5492 5493 5518 5544 5576 5596 5597 5598 5600 5601 5604 5605 5610 5611 5612 5613 5614 5619 5620 5712
10 1090 3907 3908 3911 3912 3914 3915 3954 3955 3956
5 1093 1098 1146 1667 1875
1 1099
8 1101 3994 5852 5853 5866 5875 5876 5877
1 1106
3 1107 4524 4526
6 1108 6003 6005 6006 6010 6011
8 1111 1113 1122 1879 1933 1958 6501 6537
7 1119 6590 6591 6593 6648 6649 6650
4 1123 1156 3223 4644
8 1128 1455 4665 4666 7464 7465 7468 7470
4 1140 1160 1162 6159
3 1147 1444 1445
5 1149 1229 1233 1293 1295
8 1155 5258 5259 5260 5262 5263 5265 5269
6 1157 4185 4186 4187 4246 4254
5 1161 2460 3458 3533 3540
7 1163 1408 1409 1979 6188 6193 6203
9 1167 1234 4255 6211 6212 6213 6214 6215 6216
2 1169 2623
10 1171 1876 2199 6448 6460 6462 6463 6464 6472 6491
2 1172 1446
6 1173 2166 2179 2182 2185 2215
6 1174 1257 1287 7915 7919 7921
1 1177
1 1181
4 1183 6492 6494 6499
6 1193 1377 1381 6372 6536 6546
2 1200 4256
2 1201 4257
8 1202 4688 7905 7912 7932 7933 8415 8416
1 1209
1 1211
1 1212
2 1213 2630
5 1216 4365 4372 4374 4381
7 1221 2276 2280 2285 6566 6568 6588
12 1226 1450 3253 3948 6956 6957 6963 6965 6966 6967 6971 6972
8 1228 1460 1539 1541 1546 6840 6882 6883
21 1243 1351 2784 7015 7016 7018 7019 7122 7124 7129 7142 7143 7268 7269 7283 7286 7289 7358 7359 7360 7362
2 1244 1615
3 1251 5164 5216
2 1253 1298
13 1259 1395 1466 1468 1469 2309 3256 3264 3270 4703 4704 4706 4708
4 1262 1806 3597 6667
2 1267 1288
12 1273 3980 6977 6978 6979 6982 6983 6984 7013 7014 7020 7021
48 1276 1300 1307 1475 7032 7033 7036 7037 7041 7068 7070 7302 7323 7325 7328 7333 7344 7345 7355 7357 7378 7379 7380 7382 7383 7384 7387 7391 7393 7394 7395 7396 8735 8748 8894 8896 8897 8899 8900 8924 8926 8927 8929 8947 8949 8951 8954 8955
10 1279 7890 7891 7892 7902 8695 9581 9582 9616 9620
2 1280 1635
13 1284 4462 7425 7429 7436 7437 7441 7442 7443 7452 7479 7495 7508
13 1292 1631 1636 2335 2340 7535 7543 7545 7546 7547 7606 7614 7617
2 1294 1820
3 1297 7860 7861
1 1305
9 1308 2365 2368 2370 2378 2381 2383 8942 8945
1 1315
1 1316
21 1317 1482 2216 4424 4430 4440 4456 4457 4465 4476 4480 4481 4482 4519 4520 4521 4522 4523 4527 4530 4532
3 1322 1335 4963
15 1326 1499 1500 7642 7643 7644 9068 9069 9840 9846 9852 9853 9861 9862 9863
1 1333
2 1336 2791
4 1338 2960 2961 2962
6 1339 1354 1505 1506 7653 7654
3 1343 5236 5256
1 1350
2 1355 4913
15 1359 1362 5287 5302 5303 5305 9878 9899 9903 9986 9988 9989 9992 9993 9995
3 1364 1373 1375
2 1366 4026
21 1374 9066 9078 9083 9084 9086 9310 9312 9319 9491 9492 9493 9494 9495 9497 9498 9499 9500 9502 9504 9505
1 1385
3 1392 2440 2441
1 1396
1 1397
7 1401 2390 2404 2420 3661 9526 9527
8 1402 1764 1767 1783 2470 2472 2476 6217
3 1403 2817 2824
1 1404
5 1407 1452 2435 2450 2456
11 1412 1465 1480 3659 3660 3662 3665 3671 3685 3690 4275
4 1413 2788 2792 2964
5 1436 1614 1618 1619 4984
5 1438 5338 5340 5341 7796
7 1457 2598 5235 5238 5239 5270 5285
2 1458 2627
4 1459 1987 5371 5372
2 1462 1484
1 1464
1 1470
9 1472 1476 5409 5419 5420 5454 5455 5456 5459
6 1479 9919 9922 9923 9933 9934
2 1490 1627
2 1498 2481
1 1503
12 1507 2631 2677 2693 2701 2704 2730 2738 2742 5577 5580 5582
2 1510 7775
2 1511 2810
5 1514 9769 9777 9780 9786
7 1515 1537 2939 2970 2971 2973 2978
6 1517 2981 2988 5595 5602 5621
12 1519 1579 1581 3145 3146 3149 3150 3155 3158 3160 3174 3202
1 1522
4 1523 5718 5721 5723
13 1536 2831 7822 7823 7828 7829 7830 7831 7833 7834 7851 7853 7854
7 1544 1630 1745 1746 1750 1763 3634
1 1550
2 1553 1993
4 1558 1565 5590 5678
4 1570 7866 7880 7886
4 1571 3123 3124 3143
6 1572 1585 2078 2081 5743 6222
6 1587 1588 1589 1804 1807 1811
2 1592 1626
1 1594
2 1595 1607
6 1598 3241 3242 3254 3288 3289
5 1599 1610 1639 1650 1791
1 1601
7 1612 1640 3961 3966 6262 6263 6266
8 1621 2238 2274 2278 2913 2940 2943 2952
2 1622 1651
4 1623 3715 3716 3717
1 1634
11 1643 1709 1792 1824 1825 1853 2509 2511 2512 2513 2516
5 1646 7317 7320 7321 7326
3 1647 1870 2487
1 1648
