29 0 1 2 4 5 6 7 8 15 16 17 18 23 24 26 27 28 37 43 44 48 49 51 53 54 56 61 62 63
86 3 9 20 66 67 68 69 70 71 72 73 74 75 174 176 179 181 211 214 216 217 222 224 237 238 241 243 245 248 258 259 262 279 291 292 295 296 298 301 302 303 306 307 313 316 317 320 322 324 329 330 331 333 334 335 336 337 343 344 349 354 359 361 362 414 415 435 436 437 439 455 457 458 462 463 467 482 484 485 490 493 494 497 515 517 519
47 10 42 45 46 76 77 88 89 91 93 94 95 106 107 110 111 112 115 117 118 122 130 131 133 136 138 140 141 142 147 150 156 157 158 159 160 163 164 165 166 225 227 228 229 231 232 233
138 11 173 175 177 178 180 182 183 184 186 265 541 542 544 545 546 547 567 568 573 581 586 587 588 591 593 594 595 597 599 600 601 602 603 604 606 607 613 622 628 629 630 631 633 635 637 654 655 682 683 685 686 687 688 689 690 691 692 703 706 707 708 710 711 1598 1599 1600 1601 1605 1606 1609 1611 1612 1613 1617 1618 1619 1620 1623 1625 1628 1633 1635 5667 5672 5676 5677 5678 5681 5881 5882 5883 5884 5886 5887 5888 5897 5947 5949 5950 5957 5959 5960 5961 5966 5967 5968 5969 5970 6149 6169 6229 6230 6231 6232 6234 6235 6254 6255 6256 6259 6263 6265 6266 6277 6278 6279 6464 6465 6468 6469 6471 6473 6474 6475 6476 6477 6479
162 12 389 390 532 535 536 537 823 825 857 864 868 872 873 874 875 881 882 885 887 892 907 909 913 919 921 923 924 926 928 929 930 931 932 937 950 984 985 990 991 993 994 995 996 997 998 1001 1028 1030 1031 1032 1033 1035 1037 1038 1039 1043 1045 1046 1047 1051 1052 1053 1055 1057 1061 1062 1063 1067 1068 1070 1072 1075 1077 1078 1081 1086 1094 1095 1096 1097 1098 1099 1118 1120 1121 1122 1123 1124 1125 1126 1128 1129 1133 1134 1135 1136 1212 1525 1526 1527 1528 1531 1532 1533 1569 1570 1575 1576 1577 1578 1579 1580 1586 1588 1589 1593 1594 1596 3251 3252 3253 3255 3259 3260 3261 3263 3264 3265 3266 3267 3269 3270 3276 3279 3749 3751 3754 3755 3756 3757 3758 3759 3760 3778 3779 3780 3781 3783 3784 3785 3786 3790 3791 3792 3798 3799 3801 3804 3805 3808 6575
6 13 14 19 83 84 85
33 21 25 345 350 351 352 355 363 364 367 370 372 373 374 397 398 404 406 408 409 410 416 417 418 431 432 433 434 440 442 445 446 447
41 22 30 32 35 36 40 41 499 503 717 739 740 745 747 749 763 769 779 780 782 783 784 785 786 792 794 795 796 806 808 815 819 4231 4232 4237 4241 4242 4248 4250 4252 4254
41 29 453 526 527 528 529 531 1457 1459 1460 1462 1463 1467 1468 1470 1473 1475 1477 1479 1486 1500 1510 1514 1515 1517 1519 1523 1534 1540 1548 1549 1551 1597 1602 1604 1607 1640 1644 1645 1646 1648
77 31 552 553 554 556 559 560 561 642 643 646 650 659 660 661 663 664 665 666 667 668 670 671 672 674 676 677 714 800 802 804 805 809 843 846 847 850 852 1266 1268 2040 2042 2043 2044 2046 2048 2049 2050 2051 2052 2053 2054 2057 2058 2059 2072 2099 2115 2116 2118 2119 2139 2140 2141 2142 2143 2144 2145 2146 2147 2148 2150 2151 2155 2992 2993 2994
22 33 39 60 65 1006 1010 1113 1114 1115 1117 1147 1152 1153 1160 1162 1163 1165 1166 1167 1174 1176 1177
26 34 47 1017 1026 1102 1103 1104 1105 1188 1194 1195 1208 1217 1219 1220 1221 1226 1227 1248 1249 1250 1251 1275 1277 1286 1289
11 38 80 81 82 87 99 114 388 443 444 470
82 50 274 277 1392 1396 1411 1412 1414 1415 1416 1420 1421 1423 1424 1425 1426 1429 1431 1432 1436 1439 1440 1443 1447 1450 1451 1452 1453 1454 1558 1559 1673 1674 1675 1676 1677 1679 1681 1682 1686 1690 1703 1704 1705 1715 1716 1723 1725 1726 1727 1737 1738 1770 1771 1772 1773 1936 1937 1963 1964 1965 1966 1967 1968 1972 1974 1975 2009 2010 2012 2013 2014 2017 2018 2020 2025 2056 2064 2065 2104 2106 2107
106 52 128 129 471 473 474 475 486 507 512 514 522 523 525 533 538 540 543 549 557 562 565 569 575 798 810 811 812 814 883 884 894 957 958 959 966 1783 1787 1788 1789 1790 1791 1817 1818 1819 1821 1823 1826 1827 1831 1832 1836 1837 1838 1839 1842 1843 1855 1857 1858 1860 1861 1862 1863 1865 1866 1867 1868 2818 2820 2821 2824 2832 2833 2834 2837 2840 2844 2854 2855 2856 2860 2861 2864 2865 2868 2869 2870 2871 2873 2874 2875 2880 2881 2886 2888 2890 2891 2896 2897 2898 2899 2902 2931 2932 2936
14 55 121 1332 1335 1337 1338 1348 1349 1351 1353 1354 1356 1358 1363
104 57 137 576 578 2373 2376 2379 2380 2385 2387 2390 2392 2395 2396 2397 2399 2400 2401 2402 2404 2407 2408 2411 2418 2419 2421 2425 2433 2434 2435 2437 2455 2462 2464 2465 2468 2469 2470 2472 2473 2475 2476 2478 2489 2490 2492 2493 2498 2508 2509 2510 2513 2516 2523 2605 2608 2610 2612 2615 2620 2622 2623 3956 3973 3975 3978 3979 3981 3982 3984 3986 3989 3994 3999 4003 4004 4005 4006 4007 4009 4010 4015 4016 4017 4018 4019 4020 4034 4035 4036 4038 4043 4044 4046 4047 4049 4050 4052 4053 4054 4055 4056 4057 4058
45 58 162 695 733 736 737 902 903 922 934 935 936 1756 1758 1759 1761 1762 1777 1781 1792 1795 1797 1798 1814 1815 1877 1883 1884 1885 1893 1894 1899 1902 1911 3460 3461 3462 3463 3465 3468 3494 3497 3502 3503 3504
37 59 102 103 1931 1933 1934 1935 1939 1997 2000 2001 2002 2004 2005 2006 2032 2033 2034 2070 2079 2083 2085 2087 2097 2098 2100 2101 2103 7139 7140 7143 7144 7145 7152 7160 7162 7559
131 64 170 171 172 1369 2166 2167 2168 2169 2170 2171 2172 2176 2177 2178 2179 2180 2181 2182 2183 2185 2186 2187 2192 2194 2195 2196 2200 2204 2207 2208 2210 2213 2233 2234 2235 2236 2237 2240 2244 2245 2247 2248 2266 2267 2355 2356 2370 2371 2561 6653 6662 6664 6665 6667 6680 6685 6696 6701 6702 6705 6707 6708 6709 6715 6717 6721 6724 6725 6729 6730 6808 6809 6810 7520 7529 7530 7532 7535 7537 7545 7546 7550 7551 7557 7560 7562 7565 7567 7571 7578 7579 7580 7582 7584 7585 7586 7590 7591 7594 7595 7622 7629 7634 7635 7638 7639 7640 7646 7647 7654 7656 7661 7662 7663 7664 7666 7669 7670 7671 7672 7673 7674 7675 7676 7677 7680 7682 7683 7685 7688
64 78 79 976 978 1297 1307 1308 1310 1313 2215 2216 2219 2220 2221 2224 2226 2232 2238 2241 2242 2243 2246 2256 2258 2259 2274 2275 2291 2674 2675 2677 2678 2704 2705 2706 2710 2711 2712 2728 2729 2742 2744 2745 2746 2747 2748 2750 2753 2758 2759 2764 2767 2768 2769 2770 2771 2772 2773 2774 2775 2776 2778 2785 2786
50 86 187 188 189 190 191 192 1326 1329 1330 1331 1364 1365 1366 1368 1370 1371 1373 1374 1382 1383 1385 1655 1922 1926 1927 1929 1930 2113 2114 2121 2122 2126 2127 2131 2133 2134 2646 2652 2653 2654 2655 2664 2665 2667 2672 2673 2679 2680 2681
32 90 92 197 834 837 838 840 842 848 853 856 1553 1555 1556 1557 1560 1561 1637 2987 2995 2996 2997 3004 3005 3006 3086 3087 3092 3109 3111 3115 3116
9 96 198 199 202 3051 3052 3053 3056 3057
22 97 219 220 221 223 226 282 2326 2329 2354 2359 2360 2382 2383 2481 2565 3213 3216 3217 3218 3222 3227
1 98
20 100 236 242 724 725 895 896 897 941 944 953 3066 3069 3070 3072 3075 3076 3077 3078 3080
5 101 209 212 2633 2634
53 104 955 956 960 9275 9280 9285 9290 9292 9294 9298 9302 9303 9305 9310 9311 9312 9315 9316 9318 9324 9326 9327 9328 9329 9330 9458 9462 9463 9467 9468 9486 9490 9491 9492 9493 9497 9498 9499 9501 9502 9503 9514 9525 9537 9539 9543 9544 9949 9950 9956 9957 9958
30 105 1013 1016 1018 1159 1187 1190 1228 1229 1230 1231 1240 1243 1244 1245 1247 1252 1255 2310 2312 2313 2314 2316 2322 2324 2331 2332 2334 2337 2338
23 108 109 194 203 204 207 208 215 218 1543 1694 1695 1697 2575 2578 2580 2582 2954 2956 3212 3214 3229 3232
3 113 968 969
82 116 234 249 250 251 1736 1743 1744 1747 1748 1749 1751 1752 1753 1754 1764 1765 1808 1809 1810 1811 1912 1915 1916 2644 2645 2656 2657 2658 2659 4409 4423 4428 4429 4431 4434 4435 4439 4442 4444 4445 4446 4450 4452 4453 4456 4457 4458 4459 4460 4461 4477 4479 4517 4525 4526 4554 4555 4558 4560 4561 4564 4565 4566 4567 4570 4572 4581 4582 4584 4600 4618 4623 4624 4626 4632 4633 4639 4640 4641 4642 4644
103 119 3335 3336 3339 3340 3342 3345 3348 3349 3355 3381 3409 3410 3411 3412 3413 3415 3418 3423 3424 3427 3428 3433 3434 3435 3436 8703 8705 8709 8710 8711 8712 8755 8757 8760 8761 8762 8765 8766 8767 8768 8804 8807 8808 8809 8817 8818 8831 8834 8837 8842 8845 8847 8848 8849 8850 8851 8852 8860 8861 8862 8863 8865 8867 8868 8872 8873 8876 8878 8880 8884 8886 8891 8895 8896 8897 8898 8904 8905 8908 8912 8913 8914 8915 8917 8919 8920 8921 8922 8926 8928 8943 8945 9803 9804 9805 9810 9811 9812 9813 9824 9826 9827
43 120 2702 2715 2716 3122 3123 3124 3125 3126 3127 3128 3129 3135 3147 3148 3168 3175 3177 3178 3179 3180 3183 3184 3185 3187 3188 3562 3563 3564 3565 3567 3570 3738 3745 3746 3747 3748 4121 4123 4124 4128 4130 4131
19 123 255 256 257 260 300 310 311 318 357 358 376 381 384 400 401 967 972 973
33 124 6843 6903 6905 6909 6914 6916 6939 6944 6947 6959 6960 6963 6966 6967 6975 6976 6977 6979 6980 6981 6988 6993 6994 6995 6997 6998 7000 7006 7007 7008 7020 7021
38 125 266 268 489 491 3334 3593 3599 3605 3606 3608 3609 3610 3611 3612 3613 3615 3628 3629 3633 3654 3655 3662 3668 3696 3697 3714 3717 3721 3723 3727 3729 3733 3736 3763 3764 3766 3767
40 126 5584 5586 5599 5603 5605 5608 5609 5615 5620 5631 5637 5639 5640 5641 5651 5660 5662 5664 5665 5682 5684 5687 5688 5689 5690 5786 5788 5790 5792 5795 5800 5802 5804 5806 5811 5812 5813 5822 5823
17 127 2941 2945 2949 2951 2952 5158 5162 5164 5165 5168 5169 5170 5171 5172 5176 5178
94 132 143 271 273 275 276 278 286 287 2550 2551 2552 2553 2567 2573 2574 2577 2588 2600 2601 2604 2606 2607 2609 2611 3899 3900 3909 3920 3923 3924 3931 3951 3953 3954 3955 3967 4026 4059 4060 4061 4062 4063 4092 4093 4094 4095 4096 4097 4103 4104 4107 4108 4110 4111 4117 4118 4133 4136 4137 4138 4160 4161 4166 4167 4170 4171 7061 7065 7066 7197 7201 7203 7204 7205 7206 7208 7210 7211 7215 7692 7693 7694 7695 7696 7700 7703 7705 7713 7719 7720 7721 7722 7774
66 134 235 2302 2306 2969 3316 3317 3318 3319 3327 3331 3332 3333 3337 3346 3350 3352 3363 3364 3366 3459 3474 3523 3528 3529 3813 3814 3815 3816 3852 3853 3857 4854 4856 4859 4860 4867 4868 4880 4883 4885 4887 4888 4890 4894 4898 4899 4902 4907 4912 4916 8455 8458 8460 8461 8462 8464 8466 8467 8475 8480 8487 8512 8513 8514 8548
5 135 263 402 403 411
60 139 579 975 979 980 981 988 1012 1014 1020 1021 1022 2799 2802 2803 2804 3583 3653 3673 3674 3676 3683 3686 3687 3692 3694 3695 3699 3702 3703 3704 3706 3712 3838 3850 3851 3854 3855 3856 3858 3859 3869 3871 3872 3882 3883 3884 3885 3889 3890 3896 3897 3898 3901 4725 4727 4729 4743 4744 4747
23 144 145 2986 2988 3011 3012 3014 3017 3022 3035 3037 3039 3040 3042 3043 3044 3045 3058 3059 4175 4176 4187 4188
14 146 1023 1025 1027 4263 4264 4265 4267 4268 4271 4273 4274 4330 4331
70 148 678 679 680 698 699 1324 1390 1391 1402 1407 1408 1409 1428 4777 4778 4782 4784 4785 4787 4788 4789 7426 7427 7428 7434 7435 7438 7440 7443 7444 7446 7455 7457 7462 7463 7466 7468 7470 7734 7735 7736 7737 7738 7742 7744 7745 7746 7752 7753 7754 7766 7767 7768 7769 7770 7771 7772 7787 7789 7801 7804 7805 7835 7836 7837 7882 7883 7884 7885
9 149 1455 1499 1501 1545 1546 1657 1662 1665
17 151 1314 1317 1319 1323 2811 2814 3099 3100 3101 4346 4349 4350 4351 4352 4359 4361
73 152 153 459 1700 1701 1707 1708 1709 1710 1712 1713 1714 3303 3306 3307 3309 3310 3311 3453 3456 3471 3472 4700 4701 4702 4716 4717 4718 4719 4721 4754 4755 4765 4766 4767 4771 4820 4824 4825 4826 4829 4830 4831 4832 4836 4837 4839 4840 4931 4932 4936 4939 4944 4945 4946 4951 4952 4954 4988 4990 4993 4999 5010 5011 5012 5013 5014 5015 5017 5021 5054 5254 5255
6 154 580 583 584 589 592
9 155 608 673 709 718 719 720 721 722
9 161 280 281 284 1294 1296 1387 1388 1445
21 167 247 505 625 626 627 632 2110 2111 2112 2212 2214 2292 2294 2298 2299 2308 2488 2495 2496 2497
24 168 285 640 2285 2343 2344 2348 2350 2351 2352 2361 2372 2377 2378 2381 2384 2386 5093 5098 5099 5102 5105 5106 5107
57 169 441 1948 1952 1953 1984 1986 1991 5215 5223 5224 5226 5227 5287 5289 5291 5292 5293 5294 5297 5298 5299 5302 5305 5312 5313 5314 5315 5316 5326 5327 5328 5333 5334 5335 5336 5337 5341 5342 5351 5353 5354 5355 5356 5358 5359 5360 5361 5540 5542 5544 5547 5548 5555 5556 5558 5561
4 185 269 1650 1651
27 193 492 508 658 723 1667 1672 2883 2922 2923 2926 2929 2934 2961 2962 2964 3061 3062 4695 4792 4793 5859 5928 5979 5984 5985 6014
50 195 2525 2527 2531 2532 5140 5149 5150 5152 5153 5154 5155 5182 5183 5184 5188 5190 5195 5196 5205 5213 5214 5216 5260 5261 5267 5272 5276 5280 5454 5455 5456 5457 5458 5468 5472 5473 5492 5493 5495 5496 5497 5498 5500 5501 5504 5506 5507 5515 5517
32 196 3189 3190 3191 3192 3193 3197 3204 3206 3207 3245 3248 3282 3284 3285 5395 5397 5398 6137 6138 6139 6140 6152 6153 6187 6192 6198 6199 6201 6214 6215 6216
42 200 293 1775 1776 1779 1780 1805 1807 1812 2536 2537 3290 3291 3292 3293 3295 3296 3301 3308 3509 3511 3512 3514 3515 3518 3519 3520 3521 3535 3543 3544 3545 3546 3548 3549 3551 3552 3560 3561 3574 3578 3580
86 201 729 732 2545 2621 2632 2635 2636 2637 2639 2640 2641 2642 2643 2668 5533 5534 5535 5536 5538 5554 5570 5571 5575 5590 5595 5596 5598 5600 5601 5607 5610 5611 5612 5613 5616 5649 5697 5702 5708 5710 5714 5716 5719 5726 5728 5744 5746 5747 5767 5768 5769 5770 5772 5773 5776 5777 5778 5780 5784 5789 6577 6591 6592 6594 6596 9079 9080 9097 9098 9099 9107 9110 9113 9116 9119 9125 9126 9127 9128 9129 9130 9131 9132 9136 9138
21 205 2698 2699 2701 2703 3084 3119 3120 5382 5383 5384 5385 5387 5388 5389 5393 5402 5409 5414 5417 5418
6 206 1874 3689 3701 3707 3708
24 210 325 639 641 6084 6085 6087 6099 6103 6106 6107 6109 6115 6118 6123 6124 6126 6127 6128 6129 6132 6136 6156 6159
69 213 451 4206 4209 4212 4214 4215 4217 4218 4222 4228 4260 4261 4277 4280 4283 4288 4289 4291 4315 4316 4317 4320 4328 4332 4334 4335 4340 4354 4375 4379 4381 4385 4386 4387 4389 4390 4391 4392 4393 4395 4397 4398 4399 4402 4405 4414 4417 4418 7288 7289 7314 7315 7385 7398 7400 7401 7402 7403 7405 7407 7408 7409 7411 7419 7420 7424 7500 7502
32 230 289 290 294 297 605 609 611 619 620 621 2911 4550 4551 4562 4571 4593 4596 4598 4601 4604 4605 8325 8326 8328 8329 8332 8337 8338 8347 8348 8351
6 239 326 752 2484 2517 2518
36 240 4474 4475 4480 4481 4482 4484 4487 4488 4494 4496 4499 4503 4504 4505 4519 4520 4521 4522 4528 4533 4534 4537 4548 4689 4690 6357 6359 6360 6364 6365 6366 6367 6369 6370 6371
14 244 759 772 775 787 3646 3652 3881 3886 3903 3904 3905 3906 5453
12 246 771 776 1476 1505 1506 1880 1887 1910 2105 4677 4678
44 252 299 509 3932 3933 3940 3947 3949 3950 3957 5072 5075 5076 5078 5081 5084 5085 5086 5087 5091 5117 5118 5120 5122 5126 5128 5129 5130 5132 5133 5134 5135 5139 5147 5148 5151 5156 5157 5159 5160 5161 5281 5283 5284
8 253 4076 4077 4079 4083 4085 4086 4087
8 254 452 454 788 4654 4657 4658 4659
54 261 304 305 456 460 461 790 791 797 1647 1654 1687 2482 2483 2522 2529 2538 2541 2542 2543 2546 2557 2558 2559 2688 2689 2692 2693 2694 2782 2784 2806 2808 2816 2829 5059 5060 5064 5067 5068 5069 5071 5073 5100 5101 5198 5199 5200 5201 5202 5204 6410 6412 6413
96 264 518 6059 6072 6073 6074 6455 6460 6461 6462 6480 6646 6647 6766 6767 6768 6771 6773 6774 6775 6776 6790 6792 6803 6807 6812 6813 6814 6816 6817 6818 6820 6821 6834 6836 6837 6839 6841 6844 6845 6846 6847 6849 6855 6857 6858 6861 6862 6863 6871 6874 6875 6876 6877 6878 6879 6880 6883 6902 6904 6912 6913 6934 6935 6936 6938 6948 6950 6952 9152 9164 9197 9199 9200 9202 9203 9205 9206 9214 9217 9219 9220 9221 9228 9229 9234 9236 9237 9238 9239 9242 9244 9252 9253 9254 9255
33 267 2569 2570 2571 3656 3658 3670 3672 3678 3680 3681 3682 3684 3710 4098 4109 4114 4115 4116 4125 4140 4142 4145 4146 4147 4150 4196 4199 4200 4202 4203 4256 7134
53 270 657 1333 2912 2913 2914 2915 5435 5436 5437 5438 5442 5443 5444 5449 5451 5452 5475 5476 5477 5483 5485 5487 5512 5513 6381 6388 6390 6433 6435 6450 6451 6452 6454 6456 6457 6458 6481 6482 6483 6485 6486 6489 6495 6535 6537 8588 8589 8610 8612 8614 8617 8618
17 272 863 866 880 2696 2721 3164 3165 3174 3181 3182 3194 3195 3196 3880 3912 3913
1 283
116 288 314 315 3288 3289 4617 4620 4666 4667 4668 4670 4673 4674 5530 5531 5537 5539 5549 5839 5841 5848 5850 5852 5853 5856 5857 5860 5861 5863 5864 5865 5866 5874 5876 5877 6736 6739 6746 6747 6748 6749 6751 6953 6970 6971 6972 7023 7026 7027 7031 7032 7033 7036 7037 7038 7039 7043 7044 7045 7047 7048 7053 7055 7060 7068 7069 7070 7072 7073 7076 7077 7080 7081 7082 7083 7085 7093 7095 7106 7115 7116 7117 7118 7121 7166 7181 7182 7183 7184 7185 7186 7188 7189 7191 7192 7232 7233 7236 7237 7240 7241 7249 7250 7265 7266 7267 7268 7270 7322 7350 7353 7354 7362 7518 7539 7540
8 308 323 327 328 332 338 339 341
9 309 356 366 1980 1983 1985 1987 2287 2288
41 312 3210 3211 3220 3223 3233 3234 3235 3236 3237 4959 4961 5973 5974 5976 5980 5998 6000 6001 6002 6004 6011 6030 6031 6032 6034 6036 6038 6619 6636 6637 7274 7275 7276 7277 7278 7279 7280 7316 7317 7319
17 319 371 7371 7379 7380 7382 7383 7386 7436 7437 7442 7445 7458 7460 9738 9739 9741
11 321 5380 5514 5518 5523 5524 5525 5526 6244 6245 6246
3 340 6270 6271
9 342 963 2780 2781 7838 7839 7886 8175 8180
43 346 2845 2847 2848 4963 7890 7892 7897 7905 7906 7907 9001 9003 9030 9054 9055 9056 9058 9059 9060 9063 9065 9075 9076 9077 9083 9086 9088 9091 9093 9094 9269 9270 9271 9273 9274 9276 9278 9286 9288 9289 9293 9346
38 347 3312 3313 3314 3315 3320 3326 3328 5035 5038 5042 6314 6315 6316 6318 6319 6320 7933 7948 7949 7950 7957 7958 7959 7960 7963 7965 7982 7983 7985 7986 7987 7988 7990 7992 7994 7995 7996
20 348 970 971 974 987 989 1002 1003 1004 1005 2851 2852 2853 2857 2878 2882 2885 4972 4977 9604
19 353 386 813 816 817 818 5919 5920 5924 5926 5954 5955 5956 5962 5964 5965 5971 5983 5987
4 360 399 3385 3386
11 365 375 378 6283 6284 6285 6287 6288 6299 6300 6301
36 368 6304 6305 6335 6339 6353 6362 6372 6374 6376 6382 6384 6386 6389 6392 6393 6395 6396 6400 6401 6402 6404 6438 6439 6444 6445 6446 6448 6459 6463 6466 6496 8190 8191 8193 8194
5 369 728 2342 2346 2349
11 377 379 822 827 2572 6082 6083 6162 6163 6165 6173
17 380 383 387 420 428 479 480 6559 6560 6572 6574 6576 9993 9994 9995 9997 9998
21 382 612 614 3392 3393 3397 3405 3406 6731 6734 6752 6755 8430 8433 8437 8438 8439 8440 8441 8442 8443
13 385 392 412 651 6310 6321 6322 6323 6324 6332 7488 7491 7492
10 391 464 4970 4976 4979 4981 7338 7339 7340 7341
5 393 394 466 495 1298
66 395 405 407 1007 1008 1325 1327 7828 7829 7830 7833 7834 7840 7841 7845 7848 7849 7850 7916 7918 7920 7925 7926 7931 7932 7940 7941 7942 7943 7944 7947 9713 9715 9718 9719 9720 9721 9722 9727 9728 9730 9734 9743 9744 9748 9850 9851 9852 9853 9854 9858 9859 9864 9865 9868 9869 9898 9899 9901 9902 9905 9906 9907 9908 9911 9918
52 396 5051 5052 5053 5056 5057 5061 5116 5137 5141 5187 5197 5203 5218 5219 5220 5231 8025 8026 8028 8040 8041 8042 8044 8045 8048 8052 8053 8054 8055 8057 8058 8066 8069 8075 8081 8108 8109 8113 8123 8124 8126 8128 8129 8131 8132 8145 8147 8148 8149 8150 8151
17 413 558 563 564 596 598 616 7474 7889 7896 7898 7901 7902 7913 7914 7915 7917
1 419
10 421 422 425 426 6276 6280 6281 6307 6308 6422
13 423 2725 2727 2735 2736 2737 7781 7782 7783 7790 7793 7794 7796
6 424 1305 5931 5936 6016 6017
7 427 5763 5764 6056 6057 6058 6065
9 429 449 758 841 844 891 6785 6786 6787
5 430 751 753 757 2423
10 438 1386 1389 1401 1449 6530 6532 6611 6612 6614
35 448 8168 8169 8171 8181 8184 8185 8186 8187 8200 8201 8202 8205 8206 8207 8208 8209 8213 8216 8322 8323 8365 8366 8367 8368 8369 8371 8372 8373 8379 8381 8382 8384 8390 8392
36 450 468 550 617 7727 7729 8134 8135 8137 8138 8143 8144 8152 8153 8154 8155 8157 8167 8580 8582 8631 8978 8991 8993 8994 8997 9004 9010 9013 9014 9015 9684 9692 9693 9699 9700
2 465 624
5 469 3639 3640 3641 3642
13 472 636 644 649 1260 1261 1264 1267 1269 1270 8262 8264 8265
81 476 477 478 1466 1471 1493 1498 1507 1509 6267 6269 8277 8278 8279 8284 8286 8287 8292 8293 8294 8295 8298 8407 8408 8410 8411 8420 8423 8424 8425 8432 8434 8435 8444 8445 8446 8447 8448 8449 8454 8456 8498 8499 8501 8528 8530 8531 8534 8537 8538 8539 8566 8567 8577 8578 8587 8591 8592 8593 8594 8595 8596 8966 8967 8969 8970 8971 8972 8973 8974 8976 8977 8980 8981 8989 8990 8995 8996 9009 9017 9018
42 481 1216 1728 3830 3832 3833 3834 3835 3836 3839 3842 6894 6926 6982 6983 6984 6991 7009 7012 7013 7014 7015 7016 7017 7019 7179 7180 7193 7196 7200 7219 7220 7225 7226 7229 7230 7231 7244 7246 8638 8639 8640
6 483 2624 2626 4031 4033 4037
14 487 488 1730 1733 2456 8318 8319 8327 8330 8339 8340 8358 8359 8360
1 496
14 498 500 1568 1571 1581 1629 8257 8258 8260 8266 8267 8268 9400 9403
8 501 7842 7843 7979 7981 7984 7993 7997
44 502 506 2793 2794 2797 2798 2909 2910 2917 2918 2919 2920 2927 4462 4463 4465 4466 4469 4470 4485 4693 4697 4698 7709 7710 7717 7999 8000 8001 8002 8092 9377 9387 9389 9394 9395 9396 9398 9427 9430 9435 9436 9437 9438
8 504 510 735 3104 3105 3106 9940 9941
1 511
32 513 638 8404 8405 8406 8412 9590 9591 9592 9594 9596 9597 9599 9601 9602 9605 9606 9607 9919 9920 9921 9923 9925 9926 9936 9937 9939 9942 9943 9944 9953 9969
60 516 8308 8400 8401 8403 8452 8506 8507 8510 8542 8549 8550 8551 8552 8554 8556 8564 8565 8568 8569 8572 8573 8581 8585 8698 8699 8700 8701 8702 8706 8726 8727 8728 8729 8785 8787 8789 8792 8933 8934 8935 8954 8955 8961 8962 8987 9049 9050 9068 9070 9072 9073 9078 9081 9084 9085 9141 9142 9148 9154
19 520 2928 2933 2935 2937 2939 2943 2944 2948 2953 7375 7376 7476 7479 7480 7509 7511 7512 7652
20 521 656 662 669 828 3112 3811 3812 3820 3821 3823 3827 3828 3844 3845 3847 3848 3874 3875 3876
3 530 684 694
15 534 539 777 789 799 820 821 3643 3644 3645 9972 9974 9976 9977 9982
5 548 551 571 572 582
35 555 585 832 855 888 890 3027 3028 3030 9615 9831 9832 9833 9834 9839 9840 9849 9871 9874 9875 9876 9880 9881 9888 9889 9890 9891 9892 9893 9894 9970 9971 9985 9990 9991
4 566 8217 8218 8682
26 570 574 9654 9655 9658 9659 9664 9665 9666 9668 9669 9670 9671 9674 9676 9682 9683 9691 9706 9707 9708 9710 9773 9774 9781 9782
3 577 610 696
5 590 618 1854 1872 1875
2 615 697
5 623 938 1091 1100 1106
20 634 4892 4893 4905 4920 4927 4967 4968 4994 4995 6409 6415 9159 9160 9162 9170 9421 9426 9443 9444
15 645 1110 3063 3081 3914 3915 3916 3925 3926 3929 3930 5265 5268 5277 5285
1 647
4 648 727 2788 2791
14 652 6777 6778 6779 6781 6782 7287 7777 7780 7811 7813 7814 7818 7820
10 653 681 693 1044 1049 1059 1065 1919 1925 1928
19 700 1156 1913 1914 1932 1940 1979 3151 3154 5338 5348 5349 5350 5357 5366 5367 5369 5371 5372
40 701 702 704 712 3199 3200 3239 6428 6429 6431 9333 9334 9338 9339 9340 9341 9344 9348 9357 9360 9361 9362 9363 9365 9367 9369 9372 9376 9378 9379 9406 9407 9408 9409 9411 9412 9415 9416 9417 9418
2 705 1484
3 713 1074 1079
6 715 761 1994 1995 3353 3354
2 716 1211
2 726 730
7 731 9547 9549 9551 9553 9554 9555
6 734 756 1278 1279 6558 6564
4 738 742 2199 3375
8 741 770 3488 3489 3491 3492 3493 9556
2 743 764
7 744 1284 2503 3506 3513 3516 3517
16 746 750 754 4065 4066 4067 4068 4069 4070 4075 7872 7877 7878 7880 7881 7887
8 748 3414 3437 3440 3441 3442 3443 3444
6 755 1956 1957 6635 6638 6639
6 760 767 3447 4292 4293 4297
8 762 1234 3032 3770 3771 3787 3825 3826
2 765 3157
10 766 768 793 829 2972 3018 3020 3026 3055 3082
12 773 781 893 899 901 910 912 1976 1977 2440 2441 9829
8 774 1878 4311 4314 4321 4358 4360 4791
5 778 830 1304 1306 1316
2 801 2480
3 803 1513 3868
2 807 3083
1 824
3 826 4367 8195
9 831 999 1524 1535 1563 2563 2564 2613 2616
7 833 871 878 886 898 4515 4518
2 835 836
2 839 845
1 849
2 851 860
8 854 861 1087 2717 2718 8224 8227 8228
4 858 933 948 4708
4 859 4835 4838 4841
13 862 865 962 964 1011 1034 1088 1112 4790 4843 4846 4891 4895
4 867 3089 3103 3107
1 869
1 870
7 876 4186 4189 4190 4193 4195 4197
8 877 1107 4610 4611 4612 4614 4616 4619
29 879 906 908 915 916 1108 4753 4756 4757 4758 4759 4761 4769 4772 4801 4802 4803 4804 4805 4806 4815 4849 4930 4933 4934 4937 4938 4941 4947
1 889
1 900
12 904 1157 3096 3098 8643 8651 8652 8653 8654 8655 8657 8658
5 905 1699 4958 4960 4962
2 911 1071
11 914 1141 1142 1144 1151 1155 4660 4661 4662 4663 5033
4 917 1183 5028 5029
16 918 1132 1138 1139 1140 1143 1145 1201 3121 3132 3139 3140 4966 4971 4997 4998
11 920 1225 1769 1774 1825 1830 1944 1947 5834 5835 5836
18 925 947 1257 1259 1272 1291 2792 2965 2966 2967 2970 2971 2974 3162 3166 3171 3172 3173
2 927 946
23 939 954 1256 1281 5576 5735 5753 5783 5793 5794 5796 5797 5799 5814 5827 5832 5833 5843 5846 5847 5854 5867 5870
1 940
16 942 8796 8800 8802 8899 8907 8911 8923 8930 8936 8937 8940 8949 8950 8951 8953
6 943 1073 2160 5912 5913 5921
5 945 3298 3299 3300 3305
7 949 965 1292 1302 1334 3401 3403
1 951
3 952 961 977
2 982 1464
4 983 6042 6043 6055
14 986 1198 1200 3408 3425 3426 5245 5246 5248 5259 5263 5264 5295 5320
23 992 3372 3446 3449 3450 6713 8662 8666 8667 8671 8672 9027 9029 9031 9032 9040 9042 9043 9044 9046 9090 9096 9100
14 1000 1127 1179 1180 3586 5434 5440 5445 5898 5899 5903 5904 5905 5907
8 1009 1042 1069 1203 1204 1205 1207 1209
1 1015
33 1019 5024 5025 5048 5097 5104 5112 5113 5115 5123 5181 5185 5186 5237 5238 5241 5242 5323 5324 5325 5329 5331 5332 5339 5407 5408 5944 5945 5946 6427 6436 6440 6441
5 1024 1029 1282 1285 1287
6 1036 1040 1041 4709 4734 4735
7 1048 1050 1691 1692 1698 1717 1718
5 1054 1483 1512 1516 1518
2 1056 1345
36 1058 3240 3241 3242 3244 3344 3357 4027 4028 4029 6066 6079 6112 6113 6116 6224 6225 6227 6228 6236 6241 6242 6247 6272 6274 6286 6289 6510 6512 6516 6518 6519 6520 6521 6523 6524
4 1060 1066 1083 1184
4 1064 1215 1254 7852
3 1076 1084 4512
28 1080 1109 1111 1116 3479 3481 3484 3487 3496 3498 6330 6331 6333 6352 6378 6406 6407 6416 6417 6419 6420 6540 6541 6552 6554 6555 6557 6561
2 1082 1235
6 1085 1352 1735 1740 1742 1834
5 1089 1238 1239 1241 1263
14 1090 3526 4088 4089 4090 4143 4144 4149 4156 4157 4158 4159 4182 4184
8 1092 1300 1320 1362 3660 3661 6651 6654
6 1093 1130 1131 1137 1381 4964
14 1101 3669 3679 3688 7974 7975 8006 8007 8012 8014 8090 8091 8099 8100
10 1119 9331 9464 9465 9470 9471 9489 9494 9504 9505
3 1146 1481 6028
10 1148 1158 1340 1341 1958 9792 9795 9797 9798 9799
3 1149 1175 1181
1 1150
1 1154
11 1161 2071 2077 2096 2108 2130 2138 2152 2153 2156 2157
4 1164 3866 3867 3870
9 1168 1357 8102 8188 8189 8198 8230 8234 8236
7 1169 2158 2161 2163 2164 2264 9784
4 1170 1573 1582 4257
2 1171 1615
4 1172 1379 3160 3161
7 1173 1632 1996 1998 1999 2003 2007
5 1178 1191 1192 1193 1347
15 1182 1538 6645 6648 6649 6671 6672 6674 6675 6677 6678 6681 6682 6695 6704
3 1186 1196 1199
7 1189 1359 1360 1410 1413 2209 2211
3 1197 1213 2254
8 1202 4368 4374 4383 4400 4401 4406 4411
6 1206 1427 1437 1438 4301 4364
10 1210 1214 1595 1608 1614 1624 4513 4514 4524 4532
5 1218 1377 1380 1384 4699
3 1222 1273 3769
17 1223 1630 1689 1696 4703 4704 4705 6309 6313 6317 7113 7127 7147 7148 7149 7151 7153
3 1224 2265 2268
5 1232 5951 5963 5981 6625
7 1233 1458 1960 1978 9185 9187 9188
4 1236 1293 1299 1393
1 1237
5 1242 1400 3524 3525 3589
6 1246 2445 2741 2766 2777 2779
6 1253 1434 1435 1480 3594 3719
2 1258 1474
11 1262 1722 4545 4546 4547 4573 4574 4575 4578 4579 4580
7 1265 2979 3007 3934 3935 6630 6631
3 1271 1283 1315
5 1274 4752 4799 4800 4811
4 1276 1322 1398 1399
4 1280 1846 1847 1851
1 1288
3 1290 1567 1993
1 1295
9 1301 1489 1706 2030 2036 2037 2038 2039 2041
3 1303 1784 1786
12 1309 1494 1906 2297 2300 2393 8246 8247 8794 8795 8829 8830
2 1311 6761
14 1312 1318 7293 7307 7308 7311 7320 7321 7323 7324 7325 7328 7330 7332
10 1321 1850 4985 5000 5003 5009 8678 8679 8681 8683
3 1328 6831 6932
10 1336 2477 2479 2485 2512 2515 4305 4588 4589 4590
7 1339 1342 1456 2424 2429 2430 2431
2 1343 4913
2 1344 1508
10 1346 2714 3209 3215 3219 8256 8259 8269 8288 8290
1 1350
3 1355 4366 8619
1 1361
1 1367
3 1372 8364 8374
1 1375
6 1376 3942 3971 3972 3974 3998
15 1378 9246 9247 9248 9249 9250 9251 9257 9258 9259 9262 9265 9561 9562 9563
5 1394 4245 5579 5581 5582
8 1395 1530 2293 2295 2301 2309 3499 3522
1 1397
5 1403 3358 7176 7177 7178
1 1404
4 1405 1853 2109 8770
16 1406 1897 1904 1905 2175 2188 2197 9576 9589 9598 9608 9626 9629 9630 9638 9643
3 1417 1418 2203
7 1419 1554 1562 1583 9714 9716 9724
13 1422 1433 1585 1924 1938 1941 3618 3619 3621 4229 4234 4687 4688
9 1430 1441 1465 1472 1478 7494 7497 7515 7517
7 1442 1485 1521 1529 9757 9758 9759
5 1444 1590 1591 5655 5666
1 1446
5 1448 1488 3623 3624 6830
2 1461 2217
13 1469 2458 5022 5026 5045 5046 5047 5420 5421 5529 5532 5541 5551
3 1482 2262 2269
5 1487 1497 7363 7367 7368
2 1490 1954
10 1491 1492 1495 2592 3716 3720 3722 3724 3726 6784
3 1496 2403 2406
3 1502 4042 9968
1 1503
10 1504 2327 2599 2617 2628 5669 5670 5671 5673 5674
3 1511 2442 2443
2 1520 1522
5 1536 2457 2459 2460 4608
11 1537 3287 3329 4179 4180 4181 4185 4204 4205 4208 7542
4 1539 1541 1592 1626
3 1542 1631 1634
3 1544 2062 2063
9 1547 1641 1642 2078 2081 5693 5694 5696 5698
1 1550
14 1552 2447 3262 3271 3360 3367 3368 3380 3384 3387 3388 3391 3395 5819
8 1564 1666 1668 1669 7927 7928 7929 7930
7 1565 4652 4653 4737 4748 4774 4775
7 1566 1572 1574 1584 3715 3728 4270
9 1587 1603 1664 2414 2416 2417 2420 4648 4685
5 1610 1670 1671 1768 1778
6 1616 3398 3400 3863 3864 7413
2 1621 2273
9 1622 1828 3941 4013 8101 8254 8299 8300 8302
1 1627
8 1636 2449 8621 8622 8624 8625 8626 8749
1 1638
8 1639 1684 4852 4853 4914 4919 4925 4965
2 1643 1766
8 1649 5346 5373 5376 5377 5378 5381 7861
3 1652 5588 5591
1 1653
