16 0 1 10 12 31 45 46 50 52 53 55 56 57 61 62 63
84 2 3 4 5 6 18 19 21 22 23 25 66 68 69 70 71 74 76 78 79 86 88 103 118 123 125 126 193 197 200 201 204 205 207 208 209 210 211 212 266 267 272 276 277 286 287 295 296 304 305 308 310 312 314 315 321 323 324 325 329 338 339 340 380 382 383 385 386 388 392 394 396 399 402 404 405 406 408 409 410 416 417 418 419
69 7 14 17 26 27 28 33 34 35 36 37 104 115 116 117 121 150 151 154 155 164 165 170 172 173 174 175 176 179 181 192 216 217 220 221 222 224 496 2788 2789 2803 2804 2817 2819 2821 2822 2823 2824 2826 2827 2834 2837 2840 2841 2842 2843 2844 2850 2863 2864 2865 2872 2874 2875 2878 2880 2892 2893 2894
36 8 38 39 40 41 136 139 145 421 422 423 426 434 435 436 437 438 440 442 445 446 447 4323 4325 4326 4332 4335 4336 4343 4344 4345 4351 4357 4358 4359 4361
8 9 32 42 43 47 231 232 233
83 11 84 89 90 91 92 93 94 95 97 101 122 127 351 367 368 467 474 475 477 478 485 488 492 498 499 500 506 508 515 516 522 523 524 527 528 529 530 533 536 538 539 540 541 542 550 553 554 555 557 558 559 560 562 564 565 566 574 581 602 603 606 607 623 624 833 834 839 840 841 842 847 849 867 869 949 950 965 967 970 971 972 973
97 13 15 20 245 247 249 250 251 264 265 654 655 660 661 662 663 664 665 666 667 668 671 672 677 696 729 733 735 750 751 752 772 773 774 776 781 783 789 795 797 803 806 816 817 819 2205 2206 2210 2218 2219 2220 2226 2229 2231 2233 2235 2241 2242 2243 2244 2245 2246 2247 2250 2263 2264 2275 2279 2280 2282 2283 2284 2286 2287 2288 4883 4887 4888 4890 4897 4920 4921 4922 4924 4925 4927 4929 4930 4931 4932 4936 4947 4950 4951 4953 4954 4962
167 16 29 132 137 186 240 646 650 653 656 657 658 681 682 683 684 685 686 687 688 689 690 691 692 698 699 713 716 717 858 859 861 862 863 864 865 874 875 879 880 884 885 886 888 889 901 902 903 906 909 912 913 916 919 920 921 925 926 928 929 930 931 933 934 935 941 942 953 1250 1251 1261 1263 1280 1281 1283 1284 1287 1297 1313 1326 1327 1371 1373 1374 1381 1382 1384 1385 1387 1388 1391 1395 1396 1404 1414 1415 1416 1417 1418 1419 1421 1422 1423 1425 1426 1434 1435 1436 1437 1438 1440 1441 1443 1449 1452 1453 1455 1463 1473 1478 1487 1489 1490 1491 1492 1493 1494 1499 1500 1501 1509 1521 1523 1527 1553 1554 1555 1556 1557 1559 1571 1572 1573 1574 1575 1576 1577 1578 1580 1588 1589 1590 1591 1592 1594 1599 1600 1601 1611 1612 1615 1629 1630 1631 1632 1637 2107
71 24 978 989 991 994 995 996 999 1000 1001 1015 1031 1035 1036 1037 1038 1039 1040 1041 1050 1051 1052 1057 1060 1061 1074 1075 1076 1077 1083 1084 1086 1087 1094 1098 1099 1203 1204 1205 1206 1209 1220 1221 1224 1227 1237 1243 1244 1245 1246 1248 1249 1254 1320 1322 1323 1564 1565 1569 1596 5084 5085 5094 5098 5099 5102 5103 5104 5105 5106 5107
36 30 51 59 64 65 369 371 1112 1115 1117 1119 1122 1124 1125 1126 1127 1128 1129 1135 1139 1140 1141 1142 1143 1144 1147 1149 1150 1157 1163 1164 1169 1171 1175 1176 1177
31 44 293 350 352 353 355 357 358 359 360 363 364 365 366 428 429 430 433 454 455 633 635 637 977 1651 2306 2311 2325 2327 2329 2338
11 48 99 128 129 257 258 260 346 460 463 470
58 49 54 67 96 131 138 140 149 473 476 480 1101 1102 1104 1105 1196 1197 1198 1200 1201 1214 1215 1216 1217 1219 1222 1225 1232 1235 1650 1653 1665 5260 5261 5263 5264 5265 5267 5277 5279 5280 5337 5338 5343 5345 5346 5349 5350 5351 5352 5354 5355 5356 5360 5361 5481 5485 5486
143 58 159 160 642 645 651 955 960 3858 3860 3861 3864 3867 3868 3881 3882 3883 3884 3885 3888 3895 3902 3903 3904 3906 3925 3926 3927 3928 3930 3935 3939 3946 3963 3966 3968 3969 3972 3973 3975 3976 3977 3978 3979 3982 3983 3985 3995 3997 3999 4000 4005 4006 4007 4009 4011 4013 4014 4772 4781 4784 4785 4787 4789 4843 4844 4845 4846 4854 4861 4863 4875 4878 4879 4882 4891 4892 4895 4919 4928 4934 4938 4939 4944 4946 4949 4955 4961 4992 4995 4997 4998 5062 5063 5064 5066 5067 5069 5070 5072 5074 5075 5076 5080 5086 5087 5108 5109 5110 5122 5123 5124 5127 5128 5130 5131 5134 5136 5137 5138 5139 5142 5143 5145 5146 5147 5148 5149 5150 5154 5156 5157 5158 5159 5161 5164 5165 5170 5171 5172 5176 5177 5178
26 60 72 215 218 815 821 824 1675 1676 1677 1678 1688 1689 1690 1716 1726 1727 1737 1740 1741 1743 1754 1755 1760 1761 1766
20 73 75 3772 3773 3775 3776 3777 3778 3782 3783 3786 3788 3789 3793 3796 3802 3803 3806 3807 3808
27 77 963 979 980 981 987 988 1006 1009 1013 1017 1019 1025 1026 1047 1048 1049 1055 1062 1063 1069 1070 1078 1107 1152 1153 1154
2 80 98
100 81 102 105 1240 1267 1268 3159 3176 3177 3178 3179 3180 3181 3183 3184 3185 3186 3188 3410 3412 3414 3416 3417 3418 3420 3421 3446 3448 3449 3453 3454 3455 3456 3457 3460 3461 3463 3464 3465 3466 3468 3472 3502 3509 3510 3519 3520 3521 3522 3526 3529 3551 3552 3554 3555 3722 3724 3725 3726 3727 3729 3737 3742 3743 3744 3745 3746 3747 3749 3751 3754 3757 3758 4015 4016 4023 4026 4074 4075 4078 4079 4084 4085 4089 4091 4092 4094 4095 4097 4153 4154 4162 4164 4165 4167 4169 4170 4171 5667 5674
31 82 83 106 130 133 180 183 199 206 518 1786 1802 1805 1806 1813 1814 1820 1835 1837 1838 1839 1840 1842 1843 1844 1845 1846 1847 1848 1849 1851
1 85
14 87 142 568 575 1340 1341 1342 1343 1351 1354 1356 1359 1361 1363
40 100 219 226 230 235 1655 1694 1695 1696 1697 1785 1787 1789 1796 1797 1800 1854 1855 1856 1858 1860 1861 1862 1863 1864 1895 1897 1898 1899 1901 1903 1904 1905 1906 1909 1910 1916 1921 4840 4915
79 107 112 236 238 239 242 578 2927 2928 2931 2932 2938 2950 2951 2952 3255 3259 3260 3261 3269 3273 3274 3284 3287 3290 3292 3293 3295 3296 3298 3300 3301 3304 3308 3323 3324 3325 3326 3327 3329 3337 3340 3341 3342 3345 3378 3379 3381 3398 3401 3402 3403 3636 3638 3640 3641 3642 3671 3672 3675 3677 3679 3680 3681 3682 3683 3685 3686 3687 3689 3690 3691 3698 3700 3704 3705 3706 3707 3708
42 108 110 146 622 638 1711 1713 1714 1865 1866 1868 5924 5929 5934 5935 5936 5956 5958 5962 5963 5969 5973 5974 5985 5991 6013 6018 6023 6027 6029 6037 6039 6040 6053 6059 6073 6074 6116 6124 6129 6131 6135
72 109 185 187 188 189 255 256 262 1670 1672 1885 1887 1889 1891 1922 1924 1925 1926 1927 1929 1930 1940 1941 1945 1946 2102 2106 2109 2110 2111 2113 2120 2122 2124 2125 2128 2129 2130 2133 2134 2144 2145 2146 2147 2148 2149 7057 7058 7059 7062 7067 7068 7069 7074 7089 7098 7100 7117 7119 7126 7128 7134 7854 7874 7886 7986 7987 7988 7990 7994 7995 7996
6 111 147 161 195 721 722
94 113 724 725 749 1405 1406 1407 1408 1409 1413 1429 1430 1431 1433 1439 1448 1450 1464 1962 1964 1966 1968 1972 1973 1974 1975 2017 2018 2019 2021 2022 2023 2024 2025 2028 2029 2031 2053 2054 2078 2079 2090 2091 2092 2093 2098 2099 2186 2187 2188 2189 2200 2201 2202 2203 2294 2299 2301 2302 2308 2333 2336 2337 2339 2340 2343 2344 2359 2360 2365 2366 2373 2375 2377 2379 2380 2417 2418 2419 2426 2427 2429 2430 2431 2510 2524 2525 2526 2528 6430 6431 6438 6439 6441
20 114 639 640 897 948 952 954 958 976 1004 1005 1276 1277 1294 1298 6140 6143 6145 6147 6148
46 119 2632 2635 2636 2638 2644 2645 2648 2649 2650 2656 2660 2663 2664 2665 2666 2669 2674 2675 2677 2678 2776 2862 2898 2900 2901 2913 2914 2915 2923 2924 2926 2948 2953 2967 2971 2972 2973 2977 2981 2982 2983 2984 2988 2993 2994
18 120 2393 2398 2399 2400 2405 2411 2412 2413 2415 2416 2421 2440 2441 2456 2478 2491 2507
27 124 9609 9610 9614 9615 9641 9643 9704 9705 9707 9708 9709 9711 9713 9721 9722 9725 9726 9727 9729 9731 9733 9734 9738 9739 9740 9741
51 134 167 169 263 269 755 758 760 761 770 784 785 786 855 856 1706 1707 1710 1717 1718 1780 1783 1790 1822 1823 1827 1834 1869 1873 1879 1882 1883 1886 1892 1915 1917 1918 1935 1937 1978 1990 3022 3023 3026 3031 3032 3035 3036 3037 3038 3057
31 135 178 273 275 278 281 283 8571 8572 8574 8577 8579 8580 8587 8588 8590 8591 8592 8594 8595 8596 8599 8600 8602 8603 8604 8605 8608 8610 8614 8618
43 141 191 194 229 243 244 291 294 298 892 1686 1692 1693 1698 1699 1730 1731 1998 1999 2000 2001 2002 2004 2005 2007 2550 2551 2552 2553 2558 2559 2568 2571 2576 2578 2579 2594 3000 3002 3010 3011 3012 3021
20 143 288 289 290 300 302 327 328 330 331 332 342 378 2470 2471 2475 2476 2477 2479 2480
20 144 148 544 545 547 2688 2694 2701 2702 2708 2715 2716 3061 3062 3067 3068 3069 3070 3079 3080
114 152 153 316 1300 1304 1305 2047 2049 2050 2051 2055 2057 2058 2061 2062 2063 2136 2137 2138 2139 2140 2141 2142 2143 2598 2599 2600 2601 2602 2605 2607 2608 2609 2610 2617 2618 2621 2627 2629 2630 3127 3129 3130 3131 3132 3133 3137 3144 3146 3147 3148 3155 3156 3158 3160 3161 3175 3189 3193 3195 3196 3209 3210 3211 3212 3213 3214 3222 3225 3226 3252 3278 3279 7402 7403 7407 7408 7409 7410 7411 7423 7425 7428 7432 7433 7436 7437 7440 7443 7444 7445 7446 7452 7457 7461 7462 7463 7470 7536 7538 7539 7541 7542 7561 7562 7564 7567 7569 7570 7573 7574 7575 7576 7577
13 156 157 303 318 347 1329 1330 1331 1335 1366 1375 1622 1627
31 158 166 2739 2742 2745 2747 2748 2749 2753 2754 2757 2760 2761 2762 2763 2764 2772 2773 2774 2775 2777 2778 2909 2910 2917 2918 2919 2920 2921 2922 2925
2 162 711
32 163 196 2726 2727 2729 2732 2734 2735 2736 2740 2750 2768 2769 2770 2771 2782 2783 3662 3667 3674 3693 3694 3695 3697 3715 3719 3759 3763 3764 3765 3766 3767
7 168 198 320 322 343 344 1648
101 171 184 271 279 398 444 448 3046 3051 3052 3053 3054 3055 3058 3060 3063 3065 3072 3089 3090 3091 3092 3095 3096 3101 3560 3561 3562 3563 3565 3567 3570 3650 3659 3660 3661 3714 3750 3797 3801 3811 3812 3815 3816 3831 3832 3833 3834 3835 3837 3838 3840 3846 3847 3848 3856 3857 4409 4410 4411 4416 4421 4422 4440 4442 4445 4447 4448 4450 4452 4453 4455 4456 4457 4458 4459 4461 4492 4501 4503 4504 4507 4508 4519 4521 4522 4523 4524 4525 4526 4538 4544 4546 4547 4548 4567 4568 4569 4574 4575 4576
37 177 214 349 1541 1544 1548 1549 1550 3093 3103 3104 3105 3106 3612 3613 3622 3623 3624 3626 3628 3629 3630 3631 3632 3633 4104 4106 4107 4108 4122 4124 4125 4126 4127 4128 4130 4131
18 182 203 370 372 1316 2179 2181 2182 2183 2184 2192 2193 2197 2391 2392 2445 2450 2451
85 190 228 397 400 401 894 2453 2458 2460 2461 2487 3365 3367 3368 3369 3383 3384 3385 3386 8048 8053 8054 8055 8056 8060 8067 8068 8100 8109 8110 8127 8130 8131 8132 8138 8140 8141 8143 8145 8146 8206 8207 8209 8210 8212 8220 8221 8226 8227 8228 8267 8268 8275 8283 8285 8287 8291 8296 8298 8308 8320 8322 8323 8330 8331 8332 8337 8338 8339 8340 8341 8343 8357 8358 8360 8413 8415 8416 8457 8458 8459 8461 8462 8464 8465
66 202 4215 4218 4219 4220 4223 4225 4227 4228 4234 4236 4237 4253 4256 4393 4394 4395 4396 4397 4398 4399 4404 4412 4473 4474 4476 4477 4481 4482 4485 4486 4487 4490 4561 4579 4580 4584 4593 4601 4602 4603 4605 5208 9249 9250 9254 9255 9373 9375 9376 9379 9391 9392 9393 9395 9397 9398 9400 9402 9405 9412 9413 9414 9416 9417 9418
110 213 424 458 1318 1640 1641 1642 1643 1645 1646 1664 1667 1668 1674 1679 1680 1681 1682 2009 2010 2011 2014 2015 2026 2027 2032 2035 2036 2037 2038 2039 2042 2044 2046 2156 2157 4285 4286 4288 4289 4291 4295 4296 4299 4302 4303 4304 4305 4308 4317 4322 4324 4348 4349 4350 4353 4378 4379 4380 4429 4432 4434 4436 4437 4613 4617 4618 4620 4622 4623 4628 4629 4630 4631 4636 4637 4638 4639 4641 4642 4643 4688 4690 4732 4733 4735 4737 4738 4739 4740 4742 4746 4753 4754 4755 4791 4792 4793 5461 5462 5465 5466 5468 5470 5501 5503 5504 5505 5507 5517
49 223 415 3112 3122 3123 3125 3136 3138 3174 3194 3197 3393 3394 3422 5562 5566 5567 5568 5569 5578 5579 5580 5583 5585 5587 5588 5590 5591 5642 5645 5646 5647 5648 5649 5652 5653 5654 5657 5683 5684 5688 5693 5694 5695 5697 5704 5705 5706 5707
14 225 420 439 3485 3487 3489 3490 3492 3493 3494 3497 3498 3500 3504
100 227 234 441 1684 1691 1700 1702 1725 1729 1732 1745 1747 1748 1756 1757 1777 1782 1986 1988 2016 5910 5912 5913 5914 5915 5992 6003 6005 6006 6008 6011 6084 6085 6088 6323 6324 6327 6343 6346 6348 6349 6352 6353 6355 6365 6366 6377 6395 6397 6408 6424 6425 6426 6428 6429 6433 6434 6436 6437 6440 6442 6454 6456 6458 6459 6460 6461 6462 6464 6466 6467 6470 6471 6472 6473 6474 6475 6476 6480 6493 6494 6497 6498 6550 6551 6552 6555 6557 6558 6559 6563 6564 6571 6573 6609 6610 6611 6612 6613 6614
18 237 443 449 451 3530 4679 4680 4731 4798 4820 4999 5004 5005 5007 5183 5184 5190 5193
6 241 513 514 572 573 3580
27 246 586 587 3247 3248 3250 3251 3257 3316 3317 3318 3320 3321 3331 3332 3335 3336 3338 3357 3392 3396 3397 3424 3441 3442 3443 3444
8 248 589 591 629 630 631 693 694
50 252 306 307 614 2174 2330 2331 2332 2334 2341 2342 2346 2347 2503 2509 2512 2513 2514 3577 3594 3607 3609 3611 3614 3644 3645 5220 5222 5223 5224 5226 5227 5329 5330 5331 5332 5334 5335 5363 5370 5372 5376 5377 5378 5379 5380 5388 5390 5391 5392
68 253 3608 3615 3616 3620 3621 3646 3649 3874 3877 3878 3879 3886 3911 3912 3914 3915 3916 3948 4027 4028 4029 4051 4053 4055 4059 4061 4064 4065 4066 4068 4069 4070 4072 4076 4077 4080 4099 4100 4102 4118 4121 4133 4144 4146 4147 4150 4179 4180 4183 4184 5798 5799 5804 5806 5808 5809 5831 5832 5833 5837 5838 5839 5841 5843 5844 5859 5885
94 254 483 787 3163 3204 3216 3217 3315 3344 3348 3349 4193 4194 4196 4202 4213 4229 4232 4241 4243 4245 4255 4260 4261 4268 4272 4277 4281 4282 4283 4364 6855 6857 6858 6863 6872 6875 6876 6877 6878 6879 6880 6888 6889 6890 6891 6892 6894 6905 6907 6910 6911 6920 6933 6934 6950 6951 6953 6955 7022 7024 7026 7028 7029 7032 7034 7035 7039 7046 7047 7048 7137 7138 7139 7151 7152 7171 7172 7175 7176 7178 7184 7186 7187 7206 7214 7220 7221 7222 7223 7225 7232 7233 7234
34 259 464 2548 2555 2556 5229 5230 5232 5235 5237 5239 5240 5754 5762 5767 5768 5771 5772 5773 5780 5786 5789 6319 6321 6329 6330 6331 6333 6337 6340 6341 6342 6369 6371
86 261 333 334 468 469 2939 2941 2942 5901 5904 5907 6104 6106 6109 6111 6113 6114 6118 6134 6136 6151 6152 6154 6155 6156 6158 6159 8978 8985 8988 8989 8990 8992 8993 8994 8998 9006 9007 9008 9009 9010 9015 9023 9038 9039 9040 9041 9044 9045 9062 9069 9074 9075 9076 9077 9078 9079 9080 9091 9095 9096 9097 9098 9100 9111 9112 9117 9118 9119 9121 9123 9124 9129 9130 9131 9133 9134 9157 9158 9160 9161 9190 9191 9192 9203 9204
18 268 615 620 621 3558 3559 3821 3822 3828 3829 5244 5245 5246 5247 5248 5251 5252 5255
54 270 489 491 5633 5731 5733 5734 5741 5742 5743 5748 5751 5752 5758 5759 5760 5765 5782 5792 5814 5818 5821 5827 5828 5829 5834 5840 5846 5847 5848 5849 6169 6179 6622 6623 6624 6626 6647 6770 6772 6780 6781 6782 6819 6821 6839 6844 6846 6847 6848 6963 6967 6968 6974
22 274 505 674 675 676 679 680 700 706 707 738 739 742 895 896 898 2068 2069 2070 2072 2101 2103
58 280 282 5295 5297 5299 5300 5311 5315 5316 5317 5437 5441 5442 5443 5444 5445 5454 5455 5456 5458 5471 5480 5482 5483 5484 5487 5489 5511 5513 5529 5530 5531 5533 5534 5535 5536 5540 5541 5542 5543 5556 5558 5564 5565 5570 5575 5594 5607 5609 5612 5613 5615 5626 5629 5632 5634 5635 6271
14 284 951 6191 6192 6193 6195 6196 6197 6198 6199 6200 6201 6205 6207
23 285 708 2198 2207 2209 2211 4365 4367 4372 4376 4377 4382 4384 4462 4467 4468 4471 4472 4479 4650 4651 4657 4659
21 292 512 520 1275 1278 1279 2957 6316 6384 6385 6386 6388 6389 6392 6393 6398 6399 6401 6402 6404 6575
147 297 609 628 648 652 4607 4608 4610 4612 4615 4694 4696 4701 4702 4706 4710 4711 4716 4717 4718 4719 4726 4728 4729 4800 4801 4802 4803 4804 4805 4806 4817 4819 4822 4823 4827 5015 5016 5018 5019 5022 5023 5024 5028 5029 6276 6277 6278 6279 7327 7328 7329 7330 7332 7334 7335 7336 7338 7339 7343 7344 7345 7347 7348 7391 7394 7395 7396 7400 7412 7413 7476 7482 7483 7484 7487 7488 7489 7490 7508 7514 7516 7517 7578 7580 7581 7583 7585 7587 7592 7594 7600 7603 7604 7610 7611 7612 7613 7614 7615 7616 7628 7629 7630 7633 7634 7639 7640 7643 7644 7651 7653 7654 7666 7668 7669 7676 7677 7678 7679 7681 7683 7701 7707 7708 7709 7711 7722 7769 7770 7781 7782 7783 7787 7788 7812 7815 7817 7827 7832 7835 7837 7844 7848 7852 7910 7911
2 299 582
30 301 521 535 810 811 812 829 924 938 939 940 4965 6283 6284 6286 6287 6288 6290 6297 6304 6305 6312 6313 6314 6315 6317 6409 6410 6412 6413
31 309 311 335 579 1529 2787 2793 2794 2795 2796 5243 5259 5272 5281 5283 5289 5293 5294 5326 5327 5328 5374 5393 5396 5397 5399 5404 5405 5406 5407 5410
13 313 354 882 5059 5060 5093 5096 5097 5100 5101 5209 5210 5211
9 317 2564 2574 2575 2639 2652 2653 2662 2681
24 319 337 543 1403 1468 1469 1472 1476 1505 1507 1524 1528 1533 7298 7300 7301 7306 7322 7358 7359 7361 7363 7366 7368
52 326 947 959 2687 2690 2695 2698 2699 2700 2724 2725 2730 2731 4963 6618 6619 6629 6630 6631 6644 6645 6649 6653 6654 6658 6659 6660 6695 6696 6697 6699 6700 6704 6724 6725 6728 6729 6730 7725 7727 7730 7731 7743 7745 7746 7750 7751 7752 7753 7754 7755 7756
2 336 341
16 345 548 549 1020 1022 5492 5494 5497 5515 5548 6211 6212 6213 6214 6215 6216
25 348 1024 1027 8400 8401 8402 8404 8405 8407 8408 8409 8507 8509 8510 8511 8512 8513 8514 8522 8537 8544 8545 8546 8547 8548
2 356 411
38 361 768 769 5216 6269 6577 6579 6581 6583 6585 6587 8549 8550 8551 8552 8553 8554 8567 8621 8623 8624 8625 8626 8631 8705 8714 8715 8745 8746 8747 8749 8777 8794 8795 8796 8797 8798 8799
40 362 8828 8829 8830 8838 8843 8847 8849 8850 8852 8855 8856 8859 8860 8862 8863 8867 8869 8870 8871 8872 8875 8876 8877 8878 8879 9948 9952 9953 9960 9962 9965 9967 9968 9980 9981 9983 9984 9985 9987
9 373 494 669 703 704 709 715 727 1289
16 374 2799 2800 2805 2806 2808 2809 7983 7985 7989 8000 8001 8004 8005 8007 8009
38 375 379 577 580 588 800 801 1081 1082 1088 1090 1132 1133 1134 1136 6746 6747 6748 6749 6750 6751 6991 6992 6993 6994 6996 6997 6999 7000 7002 7017 7018 7019 7200 7202 7203 7205 7207
6 376 576 583 802 809 4978
21 377 381 1187 1188 1190 1213 1309 1310 1311 2811 2816 2851 2852 2856 3043 3044 3045 5415 5416 5417 5418
35 384 593 594 597 598 599 1186 1189 1192 1193 1210 1211 7238 7239 7240 7241 7242 7243 7244 7245 7246 7269 7278 7279 7280 7283 7286 7287 7293 7294 7297 7299 7302 7318 7319
64 387 608 1598 1602 1603 1604 1607 6608 6636 6742 6743 6745 6769 6801 6803 6805 6815 6816 6817 6818 6837 6838 7013 7014 7016 7030 7031 7033 7051 7077 7080 7081 7082 7085 7107 7377 7379 7380 7381 7383 7384 7385 7386 7558 7571 7605 7607 7608 7949 7950 7951 7957 7958 7959 7963 7965 7970 7975 7978 8811 8812 8816 9436 9438
62 389 391 546 570 571 584 670 731 5435 5436 5438 5449 5475 5477 5478 5479 5518 5520 5521 5720 5721 5722 5729 7938 7979 7980 7982 7984 7991 8025 8026 8027 8028 8029 8031 8032 8039 8040 8041 8042 8043 8045 8064 8066 8070 8098 8099 8101 8115 8116 8118 8119 8121 8122 8124 8125 8126 8137 8147 8149 8150 8151
6 390 8246 8247 8370 8374 8387
17 393 407 1003 1014 1016 1018 2965 2966 2968 8658 8659 8660 8687 8688 8689 8693 8694
81 395 403 734 736 737 3480 3481 3482 3483 3571 3578 4830 4831 4834 4835 4848 4907 4977 9237 9238 9240 9242 9244 9270 9271 9272 9273 9274 9275 9277 9280 9281 9282 9283 9284 9285 9290 9292 9297 9305 9309 9310 9311 9312 9313 9319 9321 9322 9323 9324 9325 9326 9332 9333 9339 9341 9349 9363 9365 9366 9367 9369 9386 9420 9421 9424 9427 9430 9431 9458 9459 9460 9461 9462 9463 9464 9465 9466 9467 9468 9478
9 412 745 748 2075 6266 8809 8810 8902 8909
45 413 753 756 1034 1045 1065 1378 4174 4175 4176 4200 4204 4205 4206 4428 4438 4451 4464 4469 4470 4509 4514 4515 4518 7971 7974 7976 7977 8011 8389 8393 8410 8417 8418 8419 8426 8427 8430 8435 8438 8439 8440 8441 8442 8443
10 414 944 1815 5037 5038 5040 5041 5042 8942 8945
32 425 431 432 453 5730 5739 5740 5744 5745 5851 9487 9489 9491 9492 9493 9497 9501 9505 9513 9514 9518 9519 9520 9521 9522 9523 9534 9535 9538 9539 9541 9544
3 427 5051 5054
51 450 452 493 495 1582 1616 1618 1634 5857 5858 5860 5862 5863 5864 5866 5868 5870 8492 8493 8496 8502 8503 8504 8505 8506 8508 8517 8518 8519 8521 8523 8524 8526 8527 8532 8533 8647 8649 8650 8653 8654 8655 8656 8671 8674 8676 8678 8679 8682 9769 9770
65 456 457 466 471 1345 9166 9167 9186 9187 9188 9231 9234 9248 9251 9252 9257 9258 9261 9266 9268 9276 9288 9289 9291 9360 9361 9362 9372 9374 9433 9435 9437 9439 9440 9441 9442 9443 9444 9583 9584 9585 9586 9647 9649 9651 9653 9655 9656 9658 9659 9661 9663 9664 9665 9666 9667 9669 9670 9671 9673 9675 9676 9679 9696 9697
11 459 4909 4910 4911 4914 4917 4918 4937 4940 9162 9163
22 461 1113 1114 1160 1161 1165 1166 1167 1168 1170 1181 8912 8914 8915 8916 8937 8938 8940 8956 8961 8963 8964
26 462 481 1386 1389 1393 5884 5887 5888 5891 5894 5895 5896 5898 5899 5900 5918 7907 9811 9812 9814 9815 9816 9817 9819 9826 9827
5 465 759 1982 3078 3082
5 472 484 504 511 9860
15 479 486 5941 5944 5945 5946 5954 5955 5957 5989 5993 6001 6002 6089 6090
4 482 487 490 1397
4 497 6490 8738 8753
35 501 6569 7254 7258 7259 7261 8726 8727 8728 8729 8820 8821 8822 8833 8834 8836 8890 8891 8982 8983 8984 9001 9055 9056 9058 9059 9061 9071 9861 9862 9865 9868 9869 9913 9914
17 502 507 777 778 798 808 3830 3839 3843 3852 3854 3862 4047 4049 4050 4057 4058
1 503
16 509 6209 6221 6222 6229 6230 6232 6234 6236 6238 6239 6242 6243 6244 6245 6246
4 510 813 814 5432
18 517 6093 6094 9189 9193 9194 9195 9198 9199 9200 9202 9205 9218 9219 9220 9221 9479 9481
1 519
2 525 592
2 526 531
28 532 775 822 823 4647 4652 4656 4660 4662 4663 4984 6080 6161 7866 7867 7868 7869 7870 7871 7872 7873 7876 7879 7891 7892 7896 7898 7899
10 534 551 552 556 9506 9507 9508 9546 9550 9555
1 537
24 561 9564 9570 9571 9572 9752 9753 9754 9756 9757 9760 9761 9763 9764 9765 9785 9787 9788 9794 9797 9798 9800 9801 9802
15 563 567 828 3121 3140 3168 6268 6270 6275 6282 6295 6296 6298 6300 6301
6 569 788 9563 9878 9899 9900
3 585 835 836
3 590 595 1503
18 596 600 851 853 2073 2094 7353 7356 7357 7373 7375 7378 7387 7388 7389 7390 7397 7399
11 601 604 1479 5424 5425 5428 5431 5469 5549 7838 7839
11 605 610 619 627 632 6066 6077 6160 6162 6163 6164
6 611 881 883 890 2317 2388
12 612 617 7924 7928 7930 8451 8454 8455 8456 8468 8469 8470
8 613 1257 1258 1271 1272 1273 1960 1967
7 618 1587 1593 1608 1617 2563 2565
12 625 626 634 6259 6260 6308 6517 6532 6547 6554 6556 6561
9 636 804 805 843 7791 7809 7810 7840 7841
1 641
8 643 877 915 918 945 2089 2897 2902
2 644 825
1 647
9 649 1759 1767 1768 1769 1770 1771 1772 1773
12 659 695 5650 7732 7735 7736 7762 7765 7767 7768 7771 7772
8 673 1028 1030 1032 1033 1661 1704 1705
19 678 701 702 705 1829 1872 1874 7860 7863 7865 7875 7878 7880 7881 7901 7902 7913 7916 7917
1 697
2 710 845
14 712 3579 3581 3582 3583 9054 9057 9063 9073 9082 9089 9092 9093 9094
10 714 9906 9908 9909 9910 9911 9923 9924 9940 9941
15 718 846 848 854 857 6032 6034 6045 6048 6049 6050 6054 6057 6060 6061
13 719 720 723 3584 3585 3586 5121 5132 5141 5173 6445 6446 6447
9 726 728 2163 2164 2171 2173 2176 2177 4063
1 730
2 732 6511
7 740 757 2868 2869 2889 2896 4964
3 741 860 8195
14 743 866 986 1023 1066 1067 1068 1131 1137 1162 3164 3170 3172 3173
8 744 1957 6483 6484 6485 6486 6487 6491
9 746 747 754 6253 6257 6258 6261 6262 6264
9 762 1401 1480 2100 2116 2118 2159 2438 2537
2 763 2254
1 764
6 765 3439 3440 3445 3478 6542
16 766 771 779 794 807 2368 2369 2372 2383 5719 5865 5871 5874 5880 5923 5930
7 767 4172 4173 4533 4534 4555 4556
17 780 827 3087 3151 3152 3162 3203 3206 3710 8966 8967 8972 8975 8976 8977 8979 9768
10 782 1089 1095 1096 1097 1110 4563 4588 4589 4590
10 790 868 871 905 2135 2150 2151 2175 2190 4635
12 791 837 838 1121 1158 1159 3525 3534 3535 3538 5049 5050
2 792 870
3 793 923 2213
1 796
4 799 1111 1116 2444
1 818
8 820 826 5658 5659 5660 8175 8176 8180
2 830 1350
2 831 1185
6 832 1044 1173 1231 2293 2296
4 844 1290 1293 1295
19 850 872 975 993 997 1118 1146 1314 1336 2082 2095 7499 7500 7506 7512 7530 7550 7552 7553
1 852
4 873 876 4900 4901
21 878 922 1228 1233 1238 1285 1286 2323 2324 2356 5112 5113 5115 5116 5117 5118 5120 6185 6186 6187 6189
2 887 1484
1 891
2 893 937
2 899 936
1 900
20 904 1649 2305 2307 2312 2364 2401 2403 2404 2410 2414 2422 6591 6592 6599 6600 6601 6602 6607 6633
23 907 1296 3514 3515 3524 3527 7657 7691 7692 7693 7694 7695 7696 7698 7699 7700 7714 7779 7792 7795 7800 7803 7804
13 908 943 956 957 961 962 964 1002 1174 1179 1180 3961 3962
2 910 946
4 911 1307 1312 1315
5 914 1358 1482 1539 1540
12 917 1720 2304 2310 2313 2315 2320 2321 2466 2473 2474 2481
2 927 1071
11 932 6251 7931 7933 7937 7939 7943 7948 7953 7954 7966
1 966
2 968 969
4 974 1337 6419 6422
9 982 1938 1942 1943 8926 8929 8981 9110 9113
17 983 6444 6448 6449 6450 6451 6452 6453 6469 6481 6482 6488 6489 6578 6580 6584 6588
10 984 1774 1824 1825 1828 2076 2081 2964 6662 6755
39 985 2482 2483 6734 6758 6790 6792 6794 6796 6797 8017 8018 8161 8170 8171 8185 8193 8196 8198 8201 8202 8245 8249 8252 8269 8274 8277 8278 8282 8284 8294 8300 8318 8324 8326 8347 8348 8349 8351
1 990
3 992 2496 2497
13 998 1979 5212 5217 5323 5324 5325 5336 5339 5382 5384 5385 5386
3 1007 1151 1184
8 1008 2683 2706 8899 8904 8905 8921 8932
1 1010
11 1011 1226 1319 1344 1346 2300 2358 2361 2529 4664 7471
14 1012 1092 1332 4177 4187 4190 4191 4208 5611 5616 5663 5677 7009 7010
20 1021 1042 1043 2581 2593 2642 2646 2654 2658 2673 2679 2680 2685 2691 8484 9833 9834 9835 9836 9837
3 1029 1353 2119
4 1046 2433 2435 2436
2 1053 1079
12 1054 2131 2500 2501 9803 9805 9810 9820 9821 9823 9825 9828
2 1056 1367
6 1058 2506 2508 2522 2531 2532
3 1059 1100 1106
6 1064 1191 1194 1347 8022 8024
2 1072 3024
2 1073 2719
8 1080 1120 1377 1380 1383 2227 2495 2498
9 1085 1511 2260 2269 9624 9625 9626 9639 9698
10 1091 1462 1465 1466 1467 1530 2362 4389 4417 4419
9 1093 1138 1156 2765 2766 2784 7160 7161 7162
3 1103 1894 2273
4 1108 6178 6180 6181
12 1109 1123 1145 1566 1567 2455 3033 3034 3040 3042 3047 3048
8 1130 1148 1172 1460 1536 2447 2499 2504
6 1155 5550 5552 5553 5554 5561
11 1178 1208 3432 3479 3495 3499 3511 3513 3518 3523 3769
7 1182 1633 6836 6840 6912 6913 6988
8 1183 7124 7131 7135 7136 7140 7155 7166
6 1195 2797 2798 2820 2825 2828
1 1199
7 1202 4666 8755 8759 8763 9029 9030
4 1207 1411 1412 1428
1 1212
7 1218 1444 1502 2835 2846 2847 2848
7 1223 1920 1951 7182 7190 7191 7192
4 1229 1234 3003 3008
4 1230 2960 2963 2969
3 1236 1253 1288
25 1239 1247 1256 1538 7237 7247 7249 7250 7251 7252 7281 8638 8639 8641 8643 8646 8648 8717 8718 8719 8723 8724 8725 8730 8731
3 1241 1264 1266
12 1242 1339 1349 1537 2595 2596 2989 2992 2995 2996 2998 3015
5 1252 3075 3076 3077 3083
1 1255
2 1259 1446
2 1260 1270
13 1262 1721 1953 5708 5709 5852 5853 5932 6095 6166 6167 6170 6172
5 1265 3017 4668 4684 4685
2 1269 1369
4 1274 4328 4338 4339
4 1282 1394 3119 3120
8 1291 3117 3118 3126 3128 3134 3141 7806
8 1292 1812 8736 9042 9043 9050 9052 9064
5 1299 1400 3219 7193 7194
2 1301 1454
3 1302 1458 2448
3 1303 1876 2518
5 1306 1517 2619 6228 6240
14 1308 2363 6372 6378 6382 6383 6492 6505 6516 6518 6520 6521 6522 6524
3 1317 1504 2367
16 1321 1888 1893 1896 1900 7288 7290 7292 7304 7305 7308 7309 7310 7324 7325 7326
7 1324 4975 4976 4979 6706 6708 6709
4 1325 1328 6310 6311
1 1333
8 1334 3423 3425 3426 7219 7224 7609 7617
3 1338 3201 3207
4 1348 1355 3955 3956
5 1352 2562 2569 2570 2572
3 1357 8074 8075
4 1360 1546 6800 6804
3 1362 4703 4712
10 1364 1365 1368 1485 1519 1532 1563 3235 3236 3237
8 1370 1547 1558 1562 1568 1570 6318 6325
13 1372 8082 8085 8086 8094 8095 8102 8237 8238 8239 8241 9902 9918
2 1376 3239
2 1379 3366
6 1390 1402 2085 2087 3546 3547
3 1392 2721 9032
26 1398 1427 1620 1621 2161 2165 2223 2224 2861 3960 3987 3989 4001 4002 4004 4012 7656 7663 7674 7675 7682 7716 7721 7723 7724 7726
1 1399
3 1410 1442 1445
11 1420 1451 2316 2378 2381 2382 2387 2541 2543 5949 5950
7 1424 1432 6642 6723 6978 6981 7921
6 1447 8368 8369 8371 8373 8376
11 1456 2905 7196 7217 7253 7255 7420 7455 7458 7459 7460
8 1457 2489 2490 3587 3588 9972 9994 9995
5 1459 2472 2485 2546 2561
8 1461 2492 4045 4060 4071 4073 5472 5473
1 1470
3 1471 3953 3957
1 1474
5 1475 7853 7859 7904 7936
13 1477 1628 9743 9744 9749 9781 9790 9792 9796 9809 9824 9830 9838
7 1481 7523 8563 8597 8615 8616 8619
14 1483 1969 1970 4019 4025 4030 4031 4032 4035 4116 4117 4120 4132 4135
1 1486
4 1488 3557 3564 4369
11 1495 2867 2882 3733 3735 3736 4159 4310 4315 4316 4320
4 1496 2517 2519 2530
15 1497 6083 6099 6100 6101 7464 7466 7469 8034 8046 8049 8050 8051 8057 8058
3 1498 2580 4346
2 1506 7008
1 1508
8 1510 6082 6096 6097 6098 6103 8633 9700
10 1512 1514 8377 8378 8379 8386 8388 8473 8634 8636
5 1513 7115 7116 7120 7121
5 1515 1534 5610 5617 5618
3 1516 1636 2587
1 1518
3 1520 1535 2634
1 1522
3 1525 1654 4360
5 1526 1656 4528 4530 4531
7 1531 1542 1545 1585 2425 3102 3232
1 1543
1 1551
3 1552 2717 2718
7 1560 1579 1584 3240 3241 3245 4585
2 1561 4908
2 1581 3872
7 1583 9849 9943 9944 9954 9955 9958
7 1586 8242 8257 8259 8264 8266 8270
5 1595 1605 5218 5219 5221
6 1597 1606 3313 3347 3350 3351
2 1609 1635
15 1610 1660 1662 2597 9031 9033 9034 9454 9455 9469 9473 9482 9484 9486 9604
2 1613 4644
8 1614 1623 3920 3921 3922 3923 3929 3931
5 1619 4687 4689 4700 4721
33 1624 5046 5048 5073 5151 5152 5162 5163 5166 5167 5174 5181 5182 5186 5187 5194 5242 5308 5309 5319 8365 8366 8367 8380 8428 8472 8474 8698 8699 8701 8702 8703 8743
5 1625 4972 4996 5000 5009
1 1626
1 1638
11 1639 1666 1669 8754 8756 8757 8764 8765 8767 8769 8772
6 1644 1657 1658 6204 6210 6217
8 1647 1715 1719 2756 2758 2759 2785 2786
3 1652 4566 4571
5 1659 1663 5710 6987 7004
6 1671 1735 1753 1758 1764 1765
2 1673 2911
11 1683 1799 1819 2714 3113 3220 3233 3234 3249 3253 4747
11 1685 9087 9103 9106 9107 9108 9445 9446 9447 9448 9450
2 1687 5725
4 1701 2606 2671 2712
10 1703 8793 8800 8832 8837 8865 8866 8881 8897 8898
2 1708 1801
3 1709 1832 2810
