26 0 3 4 5 7 8 16 17 18 26 27 28 29 32 34 35 37 39 41 47 76 81 82 83 84 85
52 1 14 19 23 24 89 90 91 93 94 95 97 101 103 116 117 119 149 159 160 173 174 175 176 177 180 183 184 185 186 187 188 189 190 192 194 195 197 210 213 214 216 219 221 222 223 225 227 229 230 232 233
11 2 6 42 43 44 52 53 56 61 62 63
40 9 25 69 70 71 72 86 87 88 108 109 113 122 123 127 144 145 257 258 260 263 273 276 277 310 312 314 315 317 322 325 328 329 330 331 332 333 334 335 341
28 10 67 73 74 75 1126 1127 1130 1131 1132 1133 1134 1135 1136 1149 1150 1158 1159 1160 1161 1164 1165 1167 1169 1173 1175 1176 1177
28 11 66 106 107 110 115 121 281 282 299 300 304 305 306 307 309 313 319 321 347 353 355 360 361 366 367 368 411
12 12 296 344 399 401 403 406 413 416 417 418 419
59 13 15 20 436 437 439 442 447 3051 3052 3057 8034 8035 8039 8040 8042 8044 8045 8051 8054 8059 8060 8087 8099 8100 8113 8118 8119 8122 8123 8124 8126 8134 8135 8136 8137 8139 8140 8141 8142 8146 8154 8155 8157 8160 8165 8168 8169 8171 8174 8179 8181 8183 8184 8186 8187 8190 8193 8194
54 21 22 31 456 457 459 462 463 465 467 474 475 480 506 507 509 539 540 541 542 543 545 548 550 551 552 553 554 555 556 560 561 588 589 591 595 597 598 599 604 606 607 621 622 624 1292 1293 1294 1296 1298 5189 5190 5192 5193
118 30 46 134 138 139 142 143 147 148 164 166 633 634 636 637 640 666 667 668 669 671 672 673 675 676 677 681 682 683 684 685 686 687 688 689 691 692 693 696 707 714 717 731 746 747 748 749 756 757 764 828 835 836 851 854 855 859 863 864 866 867 868 869 911 912 913 915 916 917 918 922 925 927 929 930 931 932 936 954 960 3601 3614 3616 3625 3626 3627 3633 3636 3637 3638 3643 3644 3646 3647 3648 3649 3653 3663 3664 3675 3677 3679 3680 3681 3682 3683 3684 3685 3688 3697 3700 3701 3702 3704 3705 3706 3707 3708
69 33 38 40 45 48 58 65 482 483 491 976 977 1049 1050 1051 1052 1054 1055 1056 1058 1059 1060 1061 1063 1067 1068 1071 1088 1089 1090 1092 1093 1095 1098 1099 1241 1242 1244 1247 1249 1251 1253 1256 1258 1261 1262 1266 1277 1278 1279 1302 1303 1305 1320 1321 1322 1323 1335 1339 1340 1341 1342 1343 1348 1351 1352 1355 1360 1363
9 36 57 130 133 140 151 235 566 697
87 49 50 245 247 248 252 253 558 559 562 565 567 568 570 571 572 573 698 699 739 740 741 750 751 753 758 759 765 778 783 787 800 801 802 803 804 805 807 813 814 844 845 5774 5833 5834 5835 5836 5843 5845 5857 5858 5862 5863 5864 5882 5895 5897 5924 5925 5926 5928 5933 5935 5936 5939 5940 5941 5942 5943 5944 5945 5946 5969 5970 5996 6012 6020 6022 6025 6026 6027 6028 6080 6085 6086 6089 6091
70 51 78 79 526 527 529 530 531 5339 5343 5345 5346 5347 5348 5349 5350 5351 5352 5353 5354 5355 5356 5358 5361 5454 5455 5456 5457 5458 5463 5465 5466 5504 5505 5506 5507 5513 5530 5531 5532 5533 5535 5536 5537 5538 5540 5541 5542 5543 5549 5551 5577 5578 5579 5580 5581 5583 5584 5585 5586 5611 5613 5614 5615 5625 5629 5639 5640 5642 5644
13 54 99 152 153 157 167 168 169 170 171 172 950 969
108 55 100 203 204 205 983 986 987 989 991 994 995 996 998 999 1003 1004 1007 1008 1015 1023 1024 1026 1028 1030 1032 1039 1041 1043 1078 1100 1101 1103 1105 1139 1140 1141 1143 1144 1145 1146 1153 1183 1186 1187 1188 1189 1190 1207 1208 1210 1212 4069 4070 4077 4078 4079 4082 4083 4085 4088 4089 4091 4092 4097 4152 4153 4155 4156 4157 4158 4159 4162 4166 4167 4169 4170 4171 5417 5419 5425 5427 5429 5432 5566 5568 5569 5574 5575 5576 5596 5597 5598 5599 5602 5610 5612 5616 5621 5663 5665 5688 5691 5692 5693 5694 5696 5698
127 59 102 104 256 259 272 285 286 287 1218 1219 1220 1221 1224 1225 1226 1227 1240 1269 1271 1272 1283 1284 1285 1287 1366 1367 1373 1374 1377 1378 1385 1387 1388 1395 1396 1410 1411 1413 1414 1416 1417 1418 1419 1420 1421 1422 1423 1424 1425 1426 1427 1428 1503 1506 1507 1511 1512 1514 1522 1528 1529 1530 1533 1577 1578 1580 1581 1585 1587 1588 1589 1590 1591 1593 1594 1597 1598 1599 1600 1601 1614 1615 1622 1624 1625 1629 1630 1631 1632 1636 1637 1754 1755 1759 1760 1761 1763 1764 1765 1774 1779 1780 1781 1786 1797 1804 1805 1806 1811 1812 1820 1821 1822 1823 1824 1825 1826 1827 1829 1834 1837 1839 1840 1842 1844 1851
144 60 68 80 105 425 426 1369 1440 1441 1442 1443 1460 1463 1467 1468 1469 1471 1477 1478 1495 1496 1497 1498 1499 1500 1501 1525 1526 1527 1534 1535 1539 1540 1667 1669 1672 1679 1680 1685 1689 1691 1692 1693 1695 1697 1701 1703 1704 1705 1722 1724 1725 1726 1727 1853 1856 1858 1861 1863 1864 1876 1877 1878 1879 1880 1881 1886 1887 1888 1890 1891 1894 1896 1897 1900 1904 1907 1908 1909 1910 1917 1920 1922 1923 1924 1925 1926 1927 1930 1931 1933 1934 1935 1936 1938 1939 1944 1946 1947 1961 1962 1964 1965 1966 1970 1973 1980 1981 2027 2029 2033 2036 2037 2039 2040 2041 2092 2095 2096 2097 2100 2105 2150 2151 2152 2153 2154 2155 3061 3063 3065 3066 3072 3073 3074 3103 3104 3105 3106 3111 3113 3114 3115 3116
60 64 199 200 220 234 238 239 240 1869 1948 1949 1950 1953 1954 2194 2196 2200 2202 2203 2218 2219 2220 2222 2229 2231 2232 2234 2235 2238 2240 2241 2242 2244 2245 2248 2255 2256 2258 2260 2261 2264 2266 2267 2289 2291 2646 2647 2648 2649 2650 2653 2654 2655 2665 2674 2675 2677 2679 2680 2681
11 77 577 578 2462 2463 2464 2467 2501 2503 2514 2518
42 92 182 191 193 196 1432 1543 1546 1560 1561 1562 1563 1575 1579 1582 1604 1605 1608 1610 1611 1617 1650 1653 2182 2183 2184 2185 2186 2187 2189 2270 2272 2273 2303 2304 2305 2306 2328 2335 2336 2337 2338
126 96 243 244 288 289 290 291 292 293 298 346 369 370 372 453 1715 1716 1732 1734 1735 1736 1742 1743 1747 1748 1749 1751 1752 1753 1756 1758 1768 1769 1770 1772 1776 1787 1789 1790 1865 1866 1883 1884 1902 1984 1989 2002 2003 2004 2007 2441 2455 2461 2470 2471 2472 2473 2475 2478 2479 2481 2560 2561 3242 3244 3246 3247 3248 3252 3253 3255 3256 3257 3260 3261 3262 3265 3266 3267 3268 3269 3271 3273 3274 3278 3279 4238 4239 4240 4243 4244 4246 4247 4248 4249 4251 4253 4257 4274 4280 4282 4283 4298 4299 4302 4303 4304 4305 4306 4307 4308 4311 4312 4314 4315 4316 4317 4319 4324 4330 4332 4333 4334 4336 4337 4361
1 98
42 111 125 249 283 8561 8562 8563 8566 8567 8570 8572 8573 8577 8578 8582 8585 8624 8625 8626 8629 8873 8874 8877 8878 8879 9189 9190 9191 9192 9258 9260 9261 9262 9276 9278 9279 9285 9297 9298 9304 9305 9307
79 112 343 345 348 380 383 385 386 389 390 2277 2281 2282 2287 2295 2298 2300 2301 2302 2323 2324 2327 2330 2331 2332 2333 2341 2348 2352 2353 2354 2355 2358 2359 2361 2382 2383 2384 2385 2401 2403 2405 2411 2412 2413 2416 2419 2421 2422 2434 2440 2442 2443 2453 2454 2484 2488 2494 3446 3447 3450 3451 3457 3469 3471 3472 3488 3489 3490 3491 3492 3493 3494 3495 3497 3500 3501 3502 3504
77 114 468 471 481 485 575 2055 2056 2057 2058 2059 2573 2574 2576 2577 2578 2579 2580 2582 2714 2716 2730 2731 2734 2735 2736 2737 2742 2749 2789 2798 2801 2803 2804 2813 2814 2830 2831 2835 2836 2837 2840 2842 2844 2847 2848 2856 2857 2858 2859 2862 2863 2864 2866 2876 2877 2880 2885 2889 2892 2893 2896 2897 2898 2902 2916 2919 2920 2922 2923 2924 2926 2930 2931 2933 2934 2936
58 118 441 638 2547 2548 2550 2551 2552 2553 2566 2586 2587 3169 3170 3171 3172 3173 3177 3179 3180 3181 3182 3183 3184 3185 3186 3187 3189 3191 3194 3196 3197 3201 3202 3210 3211 3212 3215 3216 3217 3222 3224 3231 3234 3235 3236 3237 3282 3285 3374 3380 3381 3388 3391 3393 3394 3398 3399
30 120 2604 2605 2608 2609 2610 2611 3559 3561 3563 3564 3566 3570 3728 3729 3735 3737 3738 3742 3744 3746 3747 3748 6125 6126 6136 6144 6145 6146 6148
1 124
10 126 5056 5057 5058 5059 5062 5064 5065 5177 5178
78 128 135 150 154 400 402 404 405 407 428 431 433 434 435 443 444 494 495 497 2069 2070 2074 2078 2080 2082 2083 2085 2086 2087 2090 2091 2093 2129 2130 2132 2135 2136 2137 2138 2139 2140 2141 2142 2143 2613 2615 2616 2618 2627 2628 2631 2636 2637 2638 2692 2697 2699 2700 2704 2708 2710 2711 2712 2808 2809 3340 3341 3343 3345 3355 3364 3365 3366 3367 3368 3384 3385 3386
18 129 502 503 3556 3557 3558 3562 3565 3569 3571 3572 3581 3582 3583 3585 3586 3588 3595
55 131 352 354 378 2944 2947 2951 2952 4422 4436 4437 4505 4507 4508 4511 4512 4591 4592 4629 4630 4632 4633 4635 4686 4687 4688 4690 4712 4720 4721 4735 4752 4753 4754 4755 4761 4762 4792 4793 4980 4981 4983 4985 4986 4987 4989 4990 4991 4992 4994 4995 4999 5000 5001 5002
3 132 137 519
87 136 574 2974 2976 2990 3005 3006 3409 3411 3412 3413 3418 3419 3423 3424 3430 3434 3435 3436 7004 7008 7016 7017 7018 7024 7026 7027 7051 7054 7057 7060 7061 7063 7125 7126 7127 7131 7132 7133 7134 8338 8339 8340 8344 8349 8350 8353 8359 8367 8368 8369 8371 8372 8373 8374 8401 8404 8405 8408 8412 8417 8418 8419 8420 8424 8425 8427 8429 8430 8431 8432 8433 8437 8439 8440 8441 8445 8447 8448 8450 8451 8452 8453 8454 8456 8463 8465
11 141 158 161 261 264 359 365 371 3020 3022 3024
10 146 616 2967 2970 2972 2979 2982 2984 2987 2994
73 155 525 532 533 536 537 3440 3441 3445 3448 3449 3454 3455 3456 3458 3460 3461 3463 3465 3466 3468 3478 3486 3487 3496 3498 3514 3515 3516 3517 3912 3914 3915 3920 3922 3923 3924 3925 3926 3928 3929 3931 3934 3936 3939 3957 3968 3969 3976 3977 3989 3990 3991 3992 3993 4006 4007 4011 4014 6216 9848 9849 9854 9855 9858 9859 9865 9868 9869 9910 9911 9912 9918
24 156 162 656 657 679 680 704 705 713 724 725 728 776 792 794 795 796 3759 3760 3762 3763 3764 3766 3767
111 163 181 3019 3027 3028 3030 3032 3034 3035 3039 3040 3041 3046 3050 3054 3055 3056 3058 3059 3286 3287 3290 3291 3292 3293 3299 3300 3302 3303 3304 3306 3307 3308 3361 3362 3369 3407 3408 3425 3426 3437 3438 3522 3528 3529 3791 3796 3857 4233 4234 4236 4237 4365 4368 4370 4376 4378 4379 4381 4383 4384 4398 4399 4405 4406 4413 4414 4415 4416 4421 4427 4428 4430 4431 4438 4441 4443 4449 4452 4453 4456 4457 4459 4473 4474 4475 4476 4478 4479 4519 4521 4522 4532 4542 4543 4544 4546 4547 4549 4557 4558 4559 4561 4565 4566 4568 4569 4570 4574 4575 4576
56 165 576 579 818 2940 2941 2953 3090 3091 3092 3107 3872 3881 3882 3883 3884 3888 3889 3890 3894 3895 3898 3900 3904 3906 4032 4035 4036 4040 4042 4048 4049 4050 4051 4052 4053 4054 4055 4056 4061 4064 4068 4071 4072 4075 4118 4119 4120 4122 4123 4124 4125 4126 4129 4130 4131
49 178 338 340 3123 3124 3126 3127 3129 3134 3136 3138 3140 3147 3150 3151 3152 3154 3155 3156 3159 3870 4204 4210 4212 4214 4215 4218 4219 4220 4222 4223 4225 4260 4261 4265 4269 4339 4584 4617 4621 4623 4624 4637 4638 4639 4640 4641 4642 4644
54 179 393 394 420 424 515 516 3118 3119 3120 4923 4934 4936 4945 4946 4953 4954 4977 5126 5127 5130 5131 5135 5137 5138 5139 5142 5145 5146 5147 5148 5149 5150 5152 5155 5157 5158 5160 5161 5170 5173 5183 5184 5185 5186 5187 5188 5194 5199 5200 5203 5205 5209 5211
54 198 373 375 376 377 382 387 388 517 875 878 880 885 891 2519 2520 2522 2524 2525 2528 8818 8824 8825 8828 8830 8846 8852 8853 8855 8856 8857 8860 8862 8864 8866 8867 8870 8871 8872 8875 8876 8883 8884 8885 8886 8887 9607 9638 9639 9643 9821 9822 9823 9827
7 201 583 584 587 2495 2496 2497
26 202 5010 5011 5016 5024 5028 5029 5067 5068 5070 5071 5072 5075 5076 5077 5078 5080 5081 5083 5084 5085 5097 5099 5102 5103 5107
6 206 797 815 816 817 819
5 207 208 209 211 582
6 212 4814 4817 4818 4819 4821
21 215 237 349 952 953 5278 5279 5282 5283 5289 5290 5293 5295 5298 5300 5312 5313 5314 5318 5319 5320
106 217 846 847 849 5322 5323 5324 5326 5327 5328 5333 5334 5335 5338 5360 5362 5363 5367 5368 5369 5370 5371 5372 5374 5387 5388 5389 5391 5394 5398 6108 6109 6160 6161 6167 6169 6178 6181 6185 6188 6190 6191 6192 6194 6196 6200 6201 6211 6213 6214 6215 6217 6223 6226 6229 6230 6232 6236 6237 6238 6241 6251 6253 6254 6261 6262 6263 6265 6266 6278 6279 6302 6306 6307 6310 6312 6314 6315 6316 6321 6322 6323 6324 6328 6330 6331 6332 6333 6338 6341 6342 6344 6345 6348 6349 6350 6356 6357 6359 6363 6366 6370 6395 6396 6397 6413
104 218 1333 1334 1371 1372 1398 1399 3754 3755 3756 3757 3758 4826 4829 4831 4832 4919 4924 4938 4939 4941 4948 4949 4950 4955 4956 5219 5226 5227 5400 5401 5402 5440 5441 5442 5446 5447 5448 5449 5481 5751 5752 5753 5759 5761 5763 5764 5767 5768 5769 5770 5771 5772 5775 5778 5785 5787 5812 5813 5814 5824 5832 5837 5838 5839 5840 5842 5846 5847 5848 5851 6101 6162 6166 6173 8704 8708 8709 8710 8711 8712 8720 8721 8723 8725 8726 8727 8729 8754 8755 8756 8757 8759 8763 8764 8765 8766 8767 8768 8904 8905 8907 8908 8909
21 224 6505 6506 6526 6528 6529 6544 6545 6547 6548 6550 6551 6552 6553 6554 6555 6557 6558 6560 6561 6588
9 226 627 629 630 632 963 1106 4900 4901
33 228 308 336 337 427 1430 1431 1437 1438 1446 3206 3229 3230 3259 3263 3310 3312 3313 3315 3316 3317 3318 3320 3324 3325 3327 3329 3330 3331 3332 3333 3334 6614
5 231 454 727 826 870
137 236 241 524 733 808 1110 1120 1121 1122 1123 1124 1129 1309 1310 1311 1312 1313 3540 6592 6593 6595 6596 7556 7558 7560 7564 7565 7568 7597 7598 7599 7605 7606 7607 7608 7612 7613 7614 7615 7616 7622 7623 7625 7626 7627 7628 7631 7643 7644 7650 7651 7653 7654 7672 7673 7674 7675 7676 7677 7681 7683 7704 7705 7719 7720 7721 7724 7726 7728 7730 7731 7751 7752 7753 7755 7759 7760 7761 7764 7800 7801 7806 7821 7822 7823 7824 7825 7827 7828 7829 7830 7835 7836 7839 7890 7891 7892 7905 7907 8033 8036 8037 8205 8206 8207 8208 8209 8210 8211 8212 8213 8214 8216 8266 8267 8268 8293 8295 8296 8297 8298 8314 8493 8494 8495 8496 8503 8504 8505 8506 8507 8509 8510 8512 8513 8514 8640
51 242 902 903 909 919 920 939 940 3537 3539 3548 3549 3552 3553 3554 6642 6644 6645 6650 6672 6674 6676 6678 6680 6685 6686 6687 6688 6689 6694 6706 6707 6708 6710 6711 6713 6718 6720 6721 6725 6729 6730 6866 6867 6874 6877 6881 6882 6883 6897 6898
11 246 812 825 7199 7200 7203 7204 7211 7212 7213 7215
26 250 251 1658 1660 1661 1664 1670 1671 1673 1674 1675 1676 1677 1678 6093 6094 6282 6283 6285 6286 6287 6291 6294 6295 6296 6301
3 254 493 496
29 255 623 626 628 635 649 832 833 834 838 839 841 843 3723 3727 3774 3776 3779 3784 3785 3786 3787 3788 3799 3803 3804 3805 3807 3808
11 262 3811 3812 3813 3815 3816 4023 4024 4047 4057 4058
17 265 6744 6745 6750 6751 6753 6754 6755 6936 6937 6938 6941 6943 6949 6950 6951 6952
19 266 280 284 883 884 892 2025 2044 2048 2049 2050 2053 2062 2063 2066 2068 2073 2106 2107
6 267 943 946 6800 6801 6804
6 268 876 1116 1155 1237 3818
30 269 1314 1318 1406 1407 1408 1409 1444 1447 1654 1656 1686 1713 1717 1718 2515 2539 2543 2593 2599 2600 2601 2607 2612 2617 2619 2717 2718 2785 2786
17 270 499 504 505 964 965 979 980 981 985 1009 1011 1014 1016 1017 1731 2149
45 271 278 513 520 1111 1112 1796 1807 1808 1809 1813 1814 1992 1994 1995 2114 2115 2168 2169 2171 2174 2176 2177 2192 2208 2223 2224 2250 2275 3823 3828 3829 5234 5236 5239 5241 5242 5245 5246 5249 5251 5252 5253 5254 5255
13 274 523 528 534 535 1073 1081 1082 1083 1084 1327 3911 3913
61 275 279 1087 1157 1231 1238 1239 1243 1245 1250 1252 1290 1300 1301 1304 1306 1307 1319 1338 1347 2795 2796 4139 4140 4141 4142 4149 4174 4176 4178 4180 4181 4182 4183 4184 7231 7236 7237 7243 7244 7246 7254 7261 7279 7280 7296 7297 7298 7300 7301 7303 7320 7321 7322 7338 7339 7348 7523 7528 7531 7534
22 294 302 1027 7538 7541 7544 7547 7551 7553 7664 7666 7711 7727 7732 7739 7741 7841 7875 7876 7877 7879 7885
79 295 297 593 594 602 603 608 1381 1403 1404 3844 3845 3846 3847 3848 3855 3856 3858 3859 3860 3861 3869 3871 3873 3874 3876 6918 6919 6922 6924 6926 6956 6959 6960 7156 7167 7169 7175 7176 7178 7329 7330 7334 7335 7336 7337 7340 7342 7350 7355 7356 7357 7360 7393 7394 7395 7396 7400 7406 7407 7408 7409 7410 7411 7412 7413 7449 7451 7455 7459 7460 9557 9559 9560 9562 9563 9574 9576 9577
13 301 356 363 396 3160 3161 4674 4696 4697 4699 5216 5516 5517
26 303 874 877 881 882 3880 3909 4018 4020 4187 4191 4193 4194 4196 4203 4341 4344 4346 4516 6431 6432 6436 6437 6438 6440 6441
83 311 357 364 1383 1384 1405 1450 1454 4713 4714 4910 4911 4957 4958 4959 4967 4968 4973 4979 5034 5040 5041 5042 5708 5709 5714 5715 5718 5720 5725 5793 5794 5795 5801 5802 5804 5805 5991 8959 8981 8982 8984 8985 8990 8991 8992 8994 8995 8996 8998 9001 9009 9012 9013 9014 9015 9033 9034 9048 9051 9052 9053 9054 9055 9058 9059 9060 9063 9064 9076 9077 9078 9079 9080 9086 9088 9090 9092 9093 9094 9136 9137 9138
115 316 2008 4766 4768 4769 4770 4779 4780 4781 4782 4784 4785 4787 4790 4798 4803 4804 4805 4806 4812 4813 4823 4825 4827 4889 4891 4892 4894 4896 4897 6414 6416 6417 6425 6426 6427 6428 6429 6430 6433 6451 6452 6454 6455 6473 6474 6475 6476 6484 6485 6488 6489 6490 6578 6579 6583 6613 6615 6617 6621 6623 6624 6629 6631 6634 6635 6636 6652 6653 6654 6655 6656 6681 6682 6701 6714 6716 6717 6735 6737 9456 9458 9459 9460 9461 9462 9463 9468 9470 9471 9473 9486 9488 9489 9490 9492 9493 9507 9508 9512 9518 9526 9527 9531 9532 9536 9541 9546 9547 9548 9549 9550 9551 9554 9556
22 318 612 615 618 1179 1180 1389 1391 1393 2819 2904 5271 5301 5302 5304 5305 5373 5377 5378 5382 5390 5392
6 320 327 339 445 448 6014
32 323 412 492 665 670 678 695 2395 2396 2398 2752 2753 2756 2757 2758 2759 2760 2761 2762 2763 2766 2767 2768 2769 2770 2772 2773 2794 2799 2800 2806 2810
13 324 1196 1197 1198 1200 1485 1486 4742 4745 4746 4871 9599 9600
18 326 1213 1267 1268 9423 9440 9441 9442 9444 9583 9584 9585 9586 9594 9595 9596 9603 9604
31 342 1365 1368 1370 1375 3167 3168 4597 4598 4600 6758 6760 6763 6764 6765 6767 6768 6771 6773 6774 6775 6776 6850 6851 6861 6862 6863 6894 6901 6973 6974
11 350 374 2116 2119 5233 5235 5240 9150 9151 9152 9154
20 351 2022 2023 2075 5527 6983 6984 6987 6995 6996 6997 6998 7006 7007 7011 7013 7014 7015 7020 7021
3 358 452 470
2 362 9982
75 379 706 708 2111 2125 2126 2127 2128 2161 2162 2319 2321 2322 2325 2326 2362 2386 7110 7112 7113 7116 7117 7118 7122 7123 7182 7185 7186 7187 7930 7939 7944 7945 7948 7949 7951 7958 7962 7966 8013 8014 8032 8065 8066 8069 8076 8078 8079 8083 8084 8202 8224 8225 9706 9708 9709 9710 9718 9719 9721 9722 9725 9726 9728 9729 9731 9736 9742 9743 9744 9746 9748 9829 9929 9932
29 381 1492 1493 1504 1518 4861 4862 4863 4864 4865 4866 7107 7137 7139 7143 7150 7152 7191 7192 7217 7219 7220 7222 7223 7249 7251 7252 7263 7272
14 384 476 478 1459 1464 6794 6795 6796 6797 6799 6811 6813 6818 6843
10 391 484 486 3400 3402 3404 7536 7545 7546 7555
33 392 487 488 1554 1555 1556 1557 1558 1559 7925 7926 8242 8243 8244 8271 8276 8277 8279 8286 8287 8291 8299 8300 8301 8303 8305 8316 8317 8525 8527 8533 8546 8548
48 395 397 415 5050 8490 8498 8502 8508 8516 8517 8518 8520 8554 8560 8569 8571 8589 8653 8654 8655 8657 8658 8703 8745 8747 8769 8776 8794 8795 8798 8801 8802 8841 8842 8845 8892 8893 8894 8895 8919 8921 8922 8924 8925 8926 8927 8928 8932
76 398 1488 1521 1523 1524 1541 1542 1544 1545 1547 1548 1572 1573 1574 1576 3598 3599 3600 3605 3612 3613 3655 3710 5115 5116 5117 5118 5119 5120 5180 5229 5230 5232 5260 5261 5406 5407 5408 5415 5468 5473 9182 9183 9186 9188 9370 9371 9372 9373 9377 9378 9379 9380 9381 9382 9383 9652 9668 9669 9670 9671 9672 9673 9680 9683 9685 9686 9687 9702 9703 9704 9707 9715 9764 9765 9782
36 408 455 3670 3673 3711 3712 4138 4652 4654 4665 4666 5493 5496 5497 5498 5499 5500 5501 5508 5509 5511 5514 5518 5522 5523 5524 5525 5526 6659 6664 6665 6666 6667 6847 6848 6906
23 409 472 489 490 1607 7077 7078 7079 7082 7083 7084 7085 7088 7091 7093 7102 7106 7197 7227 7228 7247 7248 7260
21 410 2314 2317 2391 2400 7478 8948 8949 8950 8951 8953 8966 8967 8969 8970 8971 8972 8974 8975 8978 9212
3 414 710 711
6 421 422 473 498 508 1627
9 423 2741 2750 2774 2776 7520 7575 7576 7577
20 429 432 438 1707 1708 1709 1728 5403 5404 5409 5411 5412 5421 5471 7124 7135 7136 7138 7140 7153
31 430 620 642 645 773 774 1639 1640 1688 1698 1700 1702 1794 1795 1798 7660 7661 7662 7665 7668 7669 7680 7682 7686 7691 7692 7694 7695 7696 7697 7820
5 440 961 962 966 9784
9 446 449 729 734 736 737 2957 9994 9995
48 450 458 2816 2821 2822 2823 2824 3139 3142 3146 3174 3190 3193 3198 3199 3200 3339 3342 3347 3348 3350 3352 4002 4004 4005 4009 4010 4021 4025 4028 4031 4038 4198 4355 4356 4357 4358 4359 4387 4389 4390 4392 4393 4395 4396 4401 4417 4418
13 451 7861 8320 8321 8334 8355 8356 8357 8378 8380 8382 8384 8385
19 460 461 1091 1137 1156 1815 4533 4535 4536 4563 4564 4571 5554 5563 5572 5623 5630 5631 5635
6 464 5661 5662 5664 5672 5674
12 466 510 646 1644 1645 1955 1956 1957 5699 5701 5702 5738
13 469 4849 4853 4856 4858 4859 4872 7771 7772 8481 8482 8484 8631
12 477 500 1912 2826 2828 7765 7766 7767 7768 7769 7773 7774
8 479 512 763 1983 1985 1986 1988 1990
22 501 7785 7788 9211 9213 9215 9216 9217 9218 9219 9220 9221 9231 9233 9234 9242 9243 9244 9250 9252 9254 9255
1 511
8 514 1002 1020 1044 1046 1170 1182 1185
9 518 9949 9950 9951 9952 9953 9956 9957 9958
16 521 522 660 661 7804 7852 9327 9328 9329 9331 9335 9337 9338 9340 9341 9346
16 538 1201 2312 2365 2366 2852 2853 2854 2855 2860 2867 2868 2869 2870 2871 2907
10 544 546 569 605 609 738 744 1730 1733 1993
1 547
5 549 2009 2011 2015 2016
12 557 789 790 791 809 5877 9979 9980 9981 9987 9989 9991
19 563 564 664 823 3097 3523 3574 3587 3590 3591 3656 3657 3689 3781 3782 3783 3789 3817 3826
9 580 888 889 7859 7864 7865 7866 7868 7886
31 581 7927 7928 7929 7931 7932 7934 9451 9454 9455 9466 9472 9579 9795 9796 9797 9798 9801 9805 9810 9813 9814 9815 9816 9817 9819 9832 9833 9835 9836 9837
9 585 938 1048 1053 1057 1163 1194 1195 1791
11 586 590 600 861 896 897 2963 2964 5746 5747 6491
1 592
9 596 601 610 643 1206 1216 2389 2390 2406
2 611 1289
23 613 1647 1649 2179 2188 2197 5875 5876 5878 5879 5880 5884 5887 5888 5914 5916 5917 5918 8232 8233 8238 8239 8240
11 614 5528 5529 5534 5539 5552 5553 5555 5557 5558 5707
4 617 8476 8477 8479
13 619 648 654 655 9356 9357 9363 9365 9366 9368 9369 9386 9388
5 625 631 2283 2284 3080
11 639 1364 1379 2311 8642 8643 8659 8661 8665 8669 8670
1 641
3 644 721 722
1 647
5 650 2408 2420 2439 2444
12 651 8901 8914 8915 8916 9020 9021 9022 9065 9072 9082 9100
23 652 5932 5937 8777 8790 8791 8793 8796 8803 8934 8935 8943 8944 8946 8947 8960 8963 8989 8997 9008 9011 9017 9018
7 653 659 663 674 700 1792 1793
13 658 2499 2500 2508 2509 2513 2516 9391 9394 9396 9400 9401 9403
9 662 701 703 712 3086 3093 3094 3100 3101
7 690 716 1943 7506 7511 7512 7521
1 694
9 702 715 767 3078 3084 3852 3865 3866 3868
21 709 768 769 9103 9104 9106 9107 9108 9115 9116 9118 9119 9122 9123 9124 9155 9156 9157 9158 9160 9161
7 718 766 770 3932 3938 6563 6564
5 719 720 735 4108 4461
4 723 3966 4062 4063
2 726 730
14 732 7742 7743 7744 7745 7748 7749 7782 7784 7789 9198 9202 9203 9204
2 742 2367
8 743 772 2206 2210 4667 4668 4676 4680
6 745 761 2546 2554 2555 2556
3 752 4614 4625
10 754 5853 5866 5894 5901 5902 5919 5920 5922 5948
20 755 2216 2588 4136 4137 4144 4147 4186 4192 4195 4197 9323 9324 9325 9336 9339 9342 9416 9417 9418
16 760 782 821 4800 4801 4802 4807 4808 4809 4810 4845 4846 4860 4873 4876 4881
13 762 1817 1818 1819 1847 1852 1859 6844 6845 6846 6849 6859 6865
3 771 780 788
5 775 1913 1914 1915 1928
9 777 827 2723 2728 2733 2778 7909 7910 7911
37 779 784 810 811 822 837 848 857 5984 5986 5994 5995 5998 6000 6001 6002 6964 6980 6982 6985 6988 9209 9227 9228 9237 9246 9247 9249 9256 9257 9259 9322 9333 9352 9353 9967 9968
8 781 860 9432 9445 9446 9447 9448 9481
26 785 799 901 906 907 947 1657 1668 1682 6037 6039 6041 8249 8250 8251 8252 8255 8256 8257 8258 8259 8260 8261 8262 8264 8265
9 786 2682 2688 2720 2724 2726 2788 2790 2791
19 793 887 1951 5788 5797 5798 5799 5816 5826 5827 5829 5830 5850 5852 5855 5856 5860 5868 5870
7 798 910 914 1901 2656 2657 2659
11 806 9619 9623 9628 9630 9634 9635 9636 9637 9775 9786
2 820 824
10 829 2644 2645 2669 5265 5266 5267 5270 5274 5284
17 830 1971 1972 1975 8598 8599 8601 8602 8603 8604 8607 8608 8614 8620 8621 8622 8694
2 831 951
4 840 2368 2369 2371
8 842 2024 2026 2199 4460 4462 4517 7194
2 850 852
10 853 2989 2991 6098 6099 6100 6110 6130 6131 6184
3 856 9614 9615
3 858 984 1288
14 862 865 1064 1070 1354 1362 3013 3014 7441 7443 7444 7447 7453 7470
13 871 890 3506 3507 3508 3509 3513 3519 3520 3521 6070 6076 9163
7 872 923 2274 2276 2280 2292 2623
7 873 879 893 935 3042 3043 3045
11 886 945 2834 9935 9938 9945 9955 9959 9960 9961 9962
18 894 7633 7634 7636 7637 7640 7646 7647 7798 7799 7807 9885 9887 9888 9889 9891 9892 9895
7 895 1344 1353 1474 7488 7490 8307
3 898 5716 5717
2 899 900
18 904 2032 2065 7072 7074 7193 7262 7267 7268 7273 7274 7282 7283 7284 7285 7286 7287 7492
15 905 2165 2205 2211 9902 9904 9963 9964 9974 9975 9977 9992 9993 9996 9999
8 908 921 3360 3372 3484 3485 3527 7850
5 924 1282 1297 6369 6371
3 926 948 6405
5 928 933 972 988 3810
2 934 937
19 941 957 967 2845 2872 2873 2874 2875 5483 5484 5564 5565 5619 5620 5645 5646 5654 5657 6498
3 942 7998 8011
3 944 4105 8392
6 949 956 970 971 975 990
3 955 2212 2213
2 958 2380
3 959 4488 4490
4 968 992 2913 2915
1 973
7 974 1074 1113 1114 2490 2912 2925
1 978
5 982 1996 1997 5726 5728
5 993 997 1152 1171 1397
3 1000 1109 1115
1 1001
3 1005 6208 6235
5 1006 4587 4588 4589 4590
1 1010
3 1012 1019 5007
3 1013 2536 2537
4 1018 6570 6571 6575
15 1021 1025 1035 1036 1038 1040 1045 1276 1291 2935 2937 2939 2954 2955 2956
1 1022
17 1029 1394 3017 4107 4110 4112 4113 4114 4115 4116 4132 4134 4151 4154 4498 4501 4502
18 1033 2557 2558 2559 6603 6604 6608 6669 6670 6679 6743 6747 6749 6756 6757 6788 6802 6810
17 1034 1453 2381 2387 2424 2457 2460 3076 3079 3081 6599 6600 6601 6602 6827 6829 6830
12 1037 1062 1066 1072 4504 4509 4562 4577 4578 4583 4595 4605
4 1042 1075 3359 3467
3 1047 2265 2268
10 1065 3102 3122 3130 3131 3162 3221 4606 4608 7294
10 1069 1401 1480 2993 2995 2996 2997 3276 4701 4702
2 1076 1079
7 1077 5005 5006 5009 7421 7423 7424
10 1080 1085 1487 1489 1491 1494 1606 2563 2564 2783
13 1086 5737 5741 5744 5745 5750 5755 5756 5757 5758 5776 7473 7474
3 1094 1737 1738
7 1096 1117 2622 2624 2625 2787 5021
13 1097 1402 1619 3573 3577 7437 7465 7467 7469 7475 7476 7497 7518
7 1102 1746 1750 1788 1799 1828 2530
4 1104 1138 1147 1635
3 1107 5053 5054
10 1108 6566 6568 6569 8473 8475 8521 8540 8541 8542
8 1118 1151 1172 1456 2884 7591 7603 7604
11 1119 9102 9125 9146 9147 9149 9159 9162 9166 9167 9404
19 1125 1148 1166 1867 1952 1998 2005 2006 2672 2673 2676 3831 3832 3833 3834 3835 3836 3837 3842
9 1128 1982 6255 6256 6257 6258 6259 6267 6269
11 1142 2019 2109 6832 9408 9409 9413 9414 9419 9421 9422
1 1154
12 1162 5965 5967 5968 5971 5973 5974 5976 5977 5979 6006 6008
4 1168 1192 1202 4841
9 1174 1191 1193 1325 1326 1462 1465 1466 1470
2 1178 1184
1 1181
1 1199
5 1203 1215 1510 6048 6052
3 1204 1205 1209
1 1211
8 1214 1475 7433 7436 7438 7500 7505 8270
6 1217 1230 3631 3639 3651 3652
2 1222 1235
4 1223 2251 2363 6496
5 1228 1509 9898 9899 9900
2 1229 1255
5 1232 6069 6072 6073 6074
4 1233 1516 1537 2565
9 1234 3967 4000 7418 7419 7420 7525 7526 7527
19 1236 1257 1260 1264 1274 4838 4844 4848 7794 7795 7802 7803 7808 7809 7812 7813 7847 7853 7856
34 1246 2927 9593 9601 9602 9610 9649 9658 9662 9663 9664 9667 9701 9732 9733 9734 9753 9755 9756 9757 9758 9771 9772 9776 9783 9789 9792 9794 9808 9809 9824 9839 9840 9924
4 1248 1603 1616 2585
1 1254
10 1259 1455 6078 6081 6095 6242 6243 6248 7954 7970
1 1263
16 1265 3228 3233 3238 3240 3241 3249 3250 3258 3264 3270 5706 5713 5722 6501 7972
1 1270
13 1273 3964 4039 7971 7982 7983 7984 7985 7987 7993 7994 7995 7996
2 1275 1295
3 1280 2076 2123
2 1281 8105
6 1286 3981 3982 3983 3995 6916
5 1299 1328 6911 8217 8218
2 1308 2487
1 1315
1 1316
3 1317 1337 8219
3 1324 5959 5960
6 1329 1710 3281 3284 3288 3289
10 1330 1331 7619 8246 8247 9095 9096 9097 9098 9099
8 1332 5013 5038 5049 5051 5052 5061 6017
2 1336 3474
1 1345
4 1346 2693 2694 8393
2 1349 1473
1 1350
11 1356 6406 6409 6412 6418 6459 6460 6461 6462 6463 6465
3 1357 8917 8918
9 1358 2228 2230 2246 3481 3511 3512 3546 3547
4 1359 1392 2690 3555
1 1361
14 1376 3916 4043 4060 4065 4066 4067 4076 4081 4100 4200 4201 4211 4256
3 1380 1400 3998
8 1382 2592 3602 3694 3695 3699 8269 8311
6 1386 1390 1429 1433 1552 2620
8 1412 1448 1451 2252 2253 2262 2294 8596
13 1415 1435 1641 1642 1832 2701 2702 4650 4651 8198 8199 8203 9101
8 1434 1436 1831 1833 1835 1836 1848 2911
2 1439 2670
1 1445
1 1449
2 1452 2345
2 1457 2719
9 1458 2792 3004 3740 3750 6054 6058 6063 6065
6 1461 2492 4468 8939 8942 8955
15 1472 1476 4493 4496 4497 4500 4503 4510 8936 8938 8954 8957 8958 8961 8962
2 1479 8784
5 1481 7621 7632 7648 7649
10 1482 2225 2882 3751 4689 4691 4692 4693 4706 4707
2 1483 2031
1 1484
6 1490 2035 4741 9068 9070 9113
3 1502 4296 8753
9 1505 1517 3009 3012 4795 4796 4797 4799 4811
1 1508
6 1513 6087 6150 6151 6152 6153
11 1515 1519 1621 2350 2351 2356 6640 6641 6825 8807 8810
3 1520 1531 1538
3 1532 1850 6929
3 1536 2998 2999
9 1549 1683 1740 1771 2364 3396 3397 9044 9045
1 1550
1 1551
13 1553 2375 2378 2379 3850 3864 7308 7309 7310 7314 7327 7331 7332
3 1564 1892 3008
10 1565 4491 4885 4886 4887 4888 4898 4899 4975 4978
9 1566 1567 3295 3297 3309 6913 7889 7898 7900
5 1568 1570 8149 8159 8164
4 1569 4909 4912 7162
5 1571 3429 3442 3443 3444
1 1583
3 1584 3726 7659
7 1586 8023 8025 8026 8027 8028 8030
4 1592 1612 1613 4682
2 1595 1596
4 1602 1646 8175 8197
6 1609 1681 1687 7383 7384 7386
2 1618 1958
3 1620 1803 5215
8 1623 3878 3879 3902 3903 3907 3908 3918
1 1626
1 1628
9 1633 9066 9126 9127 9128 9129 9131 9133 9134
1 1634
