27 0 4 5 6 17 19 21 24 25 34 35 36 37 38 40 41 44 45 46 49 50 57 58 59 60 62 63
52 1 7 29 43 48 52 64 67 69 70 71 72 75 415 425 427 431 433 436 437 439 488 491 499 501 504 506 507 509 527 528 529 536 537 644 645 648 650 652 672 678 679 680 682 684 686 687 688 690 691 693 694
133 2 8 28 33 42 47 81 82 83 84 86 89 90 91 92 93 94 95 96 97 100 102 103 132 133 135 136 138 139 143 144 145 146 152 153 157 159 160 170 172 177 178 179 180 181 182 183 184 185 186 193 197 205 210 213 214 215 216 217 220 221 222 223 224 248 251 259 260 263 264 268 269 276 277 358 359 360 361 362 556 579 582 2459 2461 2464 2465 2466 2468 2470 2472 2473 2474 2476 2477 2478 2489 2490 2495 2498 2500 2501 2502 2504 2814 2816 2819 2821 2823 2824 2827 2832 2834 2839 2842 2843 2844 2847 2848 2850 2859 2860 2861 2866 2872 2875 2882 2885 2887 2889 2890 2891 2893 2894
54 3 9 10 76 80 88 107 109 110 111 112 113 121 225 226 229 231 235 290 291 292 294 295 296 303 305 306 307 310 311 313 314 315 320 321 329 332 336 337 339 342 343 344 351 356 357 363 364 367 368 371 378 591 592
3 11 202 697
59 12 395 396 454 464 473 478 487 489 490 497 699 700 701 702 703 704 705 706 707 708 714 716 717 740 741 744 745 746 747 748 750 751 754 764 786 788 823 826 835 836 845 3412 3413 3414 3417 3419 3424 3427 3428 3431 3433 3434 3437 3438 3439 3440 3441 3444
51 13 14 15 16 18 347 516 778 780 781 783 784 785 787 798 801 806 846 847 848 850 851 853 855 856 887 888 890 891 915 916 918 920 921 924 927 928 929 930 932 933 934 935 939 941 942 946 970 971 972 973
7 20 956 957 958 963 965 969
78 22 26 27 30 104 209 212 993 994 995 996 998 1000 1003 1004 1005 1008 1009 1010 1014 1016 1017 1024 1025 1026 1031 1047 1049 1050 1051 1052 1054 1056 1058 1059 1060 1061 1076 1078 1086 1089 1090 1093 1094 1096 1097 1098 1099 1109 1110 1112 1113 1114 1115 1117 1119 1123 1124 1126 1127 1128 1130 1131 1132 1133 1134 1135 1137 1138 1139 1140 1141 1142 1145 1148 1149 1150 1154
13 23 31 603 604 608 610 614 635 636 637 1175 1176 1177
58 32 54 56 105 538 540 541 543 546 547 1184 1201 1209 1227 1228 1229 1230 1235 1254 1261 1265 1267 1268 1547 1549 1552 1554 1555 1556 1557 1560 1561 1565 1571 1573 1575 1576 1581 1586 1588 1589 1593 1594 1601 1605 1608 1611 1615 1618 1619 1632 1633 1638 1643 1644 1645 1647 1648
26 39 74 106 114 322 323 324 325 326 331 346 369 372 394 397 398 399 448 1335 1343 1346 1349 1350 1357 1358 1363
53 51 115 116 117 119 1484 1490 1492 1494 1496 1497 1501 1503 1516 1518 1521 1522 1675 1676 1677 1678 1681 1683 1686 1701 1706 1708 1710 1714 1731 1734 1736 1738 1746 1748 1750 1751 1752 1753 1754 1755 1758 1759 1760 1761 1763 1765 1769 1770 1771 1774 1775 1778
55 53 55 122 242 247 255 257 265 1374 1379 1382 1384 1389 1390 1391 1392 1393 1397 1934 1935 1938 1939 1942 1943 1944 1946 2119 2121 2122 2123 2139 2140 2141 2142 2144 2145 2146 2147 2148 2149 5701 5703 5704 5708 5709 5715 5720 5722 5723 6044 6045 6047 6048 6050 6051
162 61 65 1354 1355 1366 1394 1395 1396 1402 1403 1405 1406 1409 1410 1411 1412 1414 1415 1416 1418 1425 1427 1429 1430 1431 1433 1434 1436 1437 1438 1442 1443 1446 1478 1481 1483 1486 1509 1540 1543 1640 1642 1649 1650 1654 1655 1660 1661 1663 1672 1715 1716 1717 1718 1739 1794 1795 1797 1801 1832 1833 1834 1840 1843 1844 1845 1849 1850 1852 1854 1856 1861 1862 1863 1864 1866 1867 1868 4189 4190 4191 4192 4193 4197 4203 4205 4207 4209 4210 4220 4222 4229 4230 4232 4234 4237 4243 4247 4248 4249 4251 4252 4255 4259 4260 4261 4263 4264 4265 4271 4279 4280 4286 4288 4289 4290 4291 4299 4303 4305 4309 4310 4312 4313 4315 4316 4317 4318 4319 4332 4333 4335 4340 4342 4348 4349 4351 4353 4405 4407 4412 4419 4508 4509 4510 4516 4520 4521 4522 4525 4526 4548 4559 4560 4561 4567 4568 4569 4573 4574 4575 4576
61 66 124 1893 1894 1895 1896 1897 1898 1899 1907 1909 1910 1919 1923 1924 1925 1926 1927 1931 1941 1951 1956 1958 1967 1999 2000 2001 2003 2004 2007 2031 2038 2039 2041 2053 2054 2056 2059 2061 2064 2067 2105 2110 2112 2117 2128 2129 2131 2135 2136 2138 2143 2207 2208 2210 2213 2260 2264 2273 2275 2288
89 68 77 522 539 548 549 550 551 552 553 554 555 560 561 1808 1809 1810 1811 1813 1814 1815 1838 1865 1869 1876 1878 1891 2014 2019 2023 2024 2025 2060 2068 2071 2072 2092 2093 2100 2101 2102 2153 2156 2157 2255 2256 2258 2259 2265 2266 2270 2271 2278 2283 2284 2303 2304 2305 2306 2317 2320 2322 2325 2326 2328 2332 2333 2339 2340 2346 2347 2349 3171 3172 3174 3177 3180 3183 3184 3189 3197 3206 3213 3214 3216 3217 3219 3223 3232
139 73 123 126 3160 3161 3248 3249 3250 3251 3252 3253 3255 3256 3257 3263 3264 3265 3266 3267 3271 3273 3275 3277 3278 3280 3281 3282 3283 3284 3286 3288 3289 3291 3292 3293 3296 3300 3301 3306 3307 3309 3311 3317 3318 3321 3322 3323 3324 3325 3327 3328 3349 3374 3385 3386 4874 4875 4948 4949 4950 4952 4955 4956 4997 4999 5010 5012 5015 5019 5023 5024 5025 5030 5031 5032 5036 5038 5039 5042 5058 5059 5060 5062 5063 5064 5066 5067 5068 5070 5072 5073 5074 5075 5076 5079 5080 5081 5085 5086 5087 5088 5091 5105 5106 5108 5109 5110 5120 5121 5123 5126 5127 5129 5130 5131 5134 5137 5138 5139 5141 5147 5148 5149 5150 5154 5156 5158 5160 5161 5162 5164 5165 5167 5168 5172 5175 5176 5177 5178
56 78 79 777 792 794 795 796 2412 2413 2417 2418 2419 2420 2427 2431 2574 2575 2576 2578 2579 2583 2584 2585 2588 2592 2595 2596 2598 2602 2605 2607 2608 2610 2611 2755 2756 2757 2759 2762 2763 2765 2766 2768 2769 2771 2772 2773 2784 2795 2796 2804 2807 2921 2922 2923 2925
1 85
15 87 127 2398 2408 2409 2410 2414 2415 2421 2434 2443 2446 2447 2450 2451
1 98
33 99 131 164 165 189 191 192 986 988 1013 1038 1039 1041 1066 1067 1068 1069 1072 1075 1116 1162 1163 1164 1165 1166 1169 1171 1172 1173 1178 1179 1180 1199
16 101 166 2526 2527 2528 3115 3117 3118 3120 3390 3391 3392 3394 3397 3398 3399
33 108 125 154 167 168 173 175 176 284 387 389 390 2568 2569 2570 2571 2586 2587 2645 2651 2653 2654 2655 2660 2661 3576 3578 3581 3582 3583 3591 3594 3595
96 118 287 2228 2229 2230 2231 2232 2233 2234 2235 2236 2237 2238 2239 2240 2245 2246 2247 2248 2250 2254 7068 7072 7073 7075 7078 7080 7081 7082 7085 7088 7095 7099 7100 7142 7146 7148 7149 7151 7152 7160 7161 7162 8080 8081 8082 8085 8086 8089 8091 8096 9042 9043 9044 9046 9048 9051 9053 9054 9055 9057 9058 9059 9061 9072 9076 9077 9079 9080 9082 9087 9089 9090 9092 9093 9095 9096 9098 9100 9101 9111 9112 9114 9115 9116 9117 9118 9124 9128 9129 9130 9131 9133 9136 9137 9138
17 120 2631 2635 2636 2637 2638 2640 2641 2663 2664 2665 2673 2674 2675 2676 2680 2681
39 128 129 400 403 405 406 407 408 410 453 1217 1218 1219 1220 1221 1224 1225 1226 1233 1236 1237 2685 2686 2688 2691 2693 2694 2708 2709 2715 2716 2743 2746 2749 2754 2778 2810 9859 9860
43 130 134 141 155 236 237 239 243 249 270 274 283 6840 6841 6842 6849 6850 6852 6853 6854 6855 6856 6858 6860 6861 6863 6864 6865 6875 6877 6878 6879 6880 6882 6884 6889 6890 6891 6892 6894 6896 6897 6898
132 137 472 479 482 483 510 511 3014 3025 3026 3027 3028 3029 3033 3035 3036 3038 3063 3066 3077 3079 3081 3086 3087 3091 3092 3112 3121 3122 3123 3124 3125 3127 3129 3135 3156 3157 3403 3672 3673 3675 3676 3679 3680 3681 3682 3683 3684 3685 3686 3687 3696 3697 3716 3717 3728 3730 3732 3733 3734 3737 3741 3742 3743 3744 3745 3747 3752 3753 3757 3759 3760 3770 3771 3772 3773 3775 3776 3782 3783 3785 3786 3787 3788 3800 3803 3806 3809 3814 3820 3822 3823 3826 4860 4861 4866 4871 5524 5525 5526 5536 5540 5542 5543 5548 5554 5558 5573 5576 5584 5586 5599 5600 5601 5606 5607 5608 5609 5646 5647 5649 5654 5655 5660 5663 5664 5665 5670 5671 5672 5673 5674
31 140 188 190 194 200 203 207 208 218 589 593 594 596 597 599 620 623 624 3634 3639 3640 3641 3642 4783 4786 4789 6567 6568 6569 6583 6588
61 142 515 517 640 641 2725 2727 2733 2734 2735 2737 2903 2906 2908 2909 2910 2914 2915 2938 2942 3553 3554 3635 3637 3644 3645 3843 3846 3848 3850 3851 3853 3854 3855 3856 3857 5291 5292 5293 5294 5301 5302 5305 5341 5342 5349 5350 5351 5352 5353 5354 5355 5356 5359 5360 5361 5507 5512 5513 5514 5517
19 147 149 566 1247 1248 1250 1251 1252 1269 1270 2947 2949 2958 2965 2966 2967 2969 3503 3504
17 148 414 416 417 418 420 422 423 573 2944 2945 2946 2950 2951 2971 2975 2980
82 150 158 162 567 570 571 575 1657 1658 1659 1664 1679 1687 1696 1719 1722 1726 1727 3054 3055 3056 3062 3627 3649 3666 3667 3668 3862 3863 3864 3867 3868 3869 3870 3872 3898 3900 3904 3905 3906 3916 3920 3923 3926 3929 3930 3937 3938 3949 3951 3952 8110 8130 8131 8132 8157 8159 8160 8163 8167 8228 8242 8243 8249 8250 8253 8257 8259 8260 8261 8262 8264 8266 8267 8268 8296 8297 8298 8302 8309 8310 8311
13 151 628 631 643 653 654 656 657 673 709 715 718 722
7 156 161 219 227 228 232 233
56 163 198 281 282 3568 3569 3571 3573 3575 3577 3587 3592 3593 3596 3598 3599 3600 3602 3604 3605 3606 3607 3615 3622 3624 3626 3657 3658 3660 3661 3664 3841 3858 3860 3861 3884 3887 3888 3892 3893 3894 3895 3897 3901 4487 4488 4489 4490 4492 4493 4496 4501 4502 9736 9740 9741
58 169 285 297 317 727 728 730 3959 3978 3979 3982 3984 3986 3987 3988 3990 4002 4003 4004 4005 4006 4007 4008 4011 4014 9800 9803 9804 9805 9810 9811 9812 9813 9820 9821 9822 9823 9825 9826 9827 9858 9861 9862 9864 9865 9867 9873 9888 9889 9890 9891 9892 9893 9894 9897 9899 9900 9941
87 171 199 238 241 348 352 353 354 365 366 471 580 583 584 585 588 602 605 611 616 3369 3371 3383 3384 3387 3388 3389 3396 3400 3407 3408 3409 3411 3418 3448 3449 3450 3454 3455 3456 3457 3483 3487 3488 3489 3490 3492 3493 3512 3513 3514 3516 3518 3519 3520 3521 3522 3555 4118 4119 4120 4121 4123 4125 4126 4127 4129 4134 4135 4154 4155 4163 4164 4165 4166 4167 4171 4872 4891 4892 4894 4899 4902 4904 4905 4914 4916
79 174 234 374 772 775 776 807 814 898 901 902 903 908 909 910 911 912 914 923 937 3910 3941 3943 3963 3965 3966 3967 3969 3970 4023 4025 4027 4030 4032 4033 4034 4035 4039 4050 4051 4052 4054 4059 4060 4061 4063 4117 4122 4124 4136 4138 4177 4178 4179 4181 4182 4183 4184 4595 4596 4597 4598 4601 4602 4607 4609 4610 4614 4616 4617 4620 4622 4626 4628 4629 4630 4631 4641 4644
4 187 195 868 870
35 196 1742 1782 1784 1785 1786 2355 2357 2509 2510 2545 2547 2548 2549 2554 2556 4505 4518 4530 4531 4584 4594 5809 5833 5834 5836 5853 5855 5857 5858 5859 5861 5864 5871 5885
8 201 377 379 386 391 404 409 411
51 204 250 267 757 761 763 765 833 834 841 843 1788 1789 1790 1803 1807 1812 1892 1914 1915 1929 1932 1936 1947 1991 5245 5246 5250 5258 5259 5261 5265 5267 5269 5940 5941 5942 5943 5950 6005 6006 6013 6029 6033 6036 6038 6063 6067 6070 6086 6090
42 206 876 945 949 950 4073 4074 4075 4091 4092 4096 4098 4104 4105 4116 4140 4141 4142 4150 4198 4199 4202 4225 4226 4240 4256 5187 5188 5189 5190 5192 5194 5199 5200 5201 5203 5205 5206 5207 5209 5210 5211
4 211 445 446 447
9 230 271 273 275 278 383 384 412 419
59 240 4360 4385 4388 4390 4391 4392 4393 4395 4396 4397 4398 4399 4410 4411 4418 6433 6436 6437 6438 6445 6446 6447 6453 6455 6465 6474 6475 6476 6481 6482 6483 6484 6485 6486 6488 6489 6492 6494 6495 6503 6518 6519 6520 6521 6525 6532 6540 6541 6542 6553 6554 6555 6558 6564 6593 6612 6613 6614
62 244 632 975 976 978 2198 2199 2201 2202 2203 2206 2211 2307 2308 2560 2562 2563 2564 2597 2617 2618 2752 2753 2758 2760 2775 2776 3565 3566 3586 3719 4066 4068 4069 4070 4078 4079 4080 4081 4082 4084 4085 4086 4108 4151 4152 4153 4156 4157 4162 4176 4185 4187 4277 4278 4281 4284 4292 4294 4297 4359 4361
64 245 458 953 5376 5377 5378 5380 5407 5408 5430 5435 5436 5440 5442 5446 5447 5449 5450 5455 5456 5457 5459 5461 5462 5463 5464 5465 5466 5467 5468 5475 5476 5477 5479 5480 5483 5484 5489 5695 5696 5697 5714 5716 5719 5734 5758 5759 5760 5762 5768 5769 5770 5772 5773 5775 5777 5778 5779 5902 5907 5916 5917 5918 5921
9 246 662 663 664 665 666 667 668 900
36 252 279 726 729 735 1211 4441 4443 4444 4445 4448 4451 4453 4458 4461 4463 4465 4468 4469 4470 4471 4472 4475 4476 4477 4480 4481 4482 4483 4484 4503 4504 4511 4515 4517 4659
3 253 2988 2994
38 254 462 463 816 817 820 821 1297 1470 3242 3243 3244 3246 3247 3254 3260 3261 3313 3315 3316 3319 3329 3333 3334 6180 6185 6187 6189 6191 6192 6197 6198 6199 6200 6201 6212 6215 6216
35 256 258 299 466 467 3564 3608 3610 3612 3614 3828 3829 4686 4693 4694 4697 4698 4715 4716 4717 4718 4719 4720 4721 4723 4724 4727 4728 4730 4731 4735 4743 4744 4745 4747
44 261 288 289 293 985 990 4674 4771 4850 4858 4859 4869 4870 4873 4878 4879 4881 6330 6331 6332 6333 6335 6339 6346 6347 6348 6349 6363 6364 6365 6367 6369 6370 6374 6376 6381 6382 6383 6385 6386 6387 6398 6403 6405
21 262 2811 2812 2846 2853 2854 2855 2856 2858 2863 2864 2865 2898 2916 2917 2918 2919 2920 2926 2935 2936
7 272 825 6617 6620 6621 6625 6787
46 280 286 298 1286 1287 3365 3463 3466 3467 4742 4750 4751 4752 4753 4754 4755 4757 4759 4761 4763 4774 4776 4778 4780 4793 6982 6983 6984 6988 6993 6994 6995 6996 6998 7001 7003 7006 7007 7008 7013 7015 7016 7017 7018 7019 7021
44 300 319 330 334 455 1474 2010 2012 2013 2015 2036 2037 2043 2044 2045 2048 2049 2050 2051 2052 2055 2058 2063 2372 2375 2377 2382 2384 2385 4798 4805 4806 4816 4818 4820 4827 4831 4832 6104 6107 6110 6114 6118 6121
2 301 341
96 302 725 874 877 883 884 885 943 944 1042 1043 1065 1207 1210 1214 1239 1240 1260 1262 1273 1280 1282 1283 1284 1308 1314 1320 1321 1322 1323 4841 4929 4931 4932 4943 4944 4945 4946 4958 4961 4972 4977 6934 6936 6937 6938 6943 6949 6950 6951 6953 6954 6956 6957 6958 6959 6960 7037 7038 7040 7043 7044 7046 7047 7048 7054 7055 7062 7064 7067 7104 7106 7136 7137 7140 7155 7157 7159 7164 7166 7192 7209 7210 7216 7217 7218 7220 7221 7233 7236 7237 7238 7240 7241 7259 7260
28 304 312 1471 1473 5185 5186 5212 5215 5221 5228 5229 5230 5231 5787 5842 5843 5846 5847 5848 5851 6280 6281 6284 6285 6290 6299 6300 6301
4 308 318 465 470
51 309 327 328 338 340 5047 5053 5056 5061 5094 5112 5113 5115 5116 5119 5124 5133 5143 5182 5183 5184 5286 5287 5290 5295 5296 5297 5300 5366 5367 5371 5372 5954 5955 5956 5958 5965 5966 5967 5968 5970 7353 7354 7358 7359 7361 7362 7399 7415 7416 7417
15 316 1353 1371 1375 2985 6167 6168 6170 6174 6175 6176 6177 6178 6182 6202
55 333 335 562 832 840 1189 1190 1328 1454 4989 4990 4991 4994 4995 5043 5045 5046 5048 5052 5057 5065 7588 7589 7591 7593 7753 7759 7760 7761 7762 7768 7769 7770 7771 7773 7775 8466 8467 8473 8479 8554 8577 8578 8580 8582 8583 8602 8603 8604 8605 8606 8607 8608 8612 8618
13 345 461 661 4435 4436 4437 6223 6224 6225 6226 6242 6245 6246
28 349 1531 1532 1533 6788 6792 6795 6796 6797 6813 6815 6817 6818 6832 6867 6914 6915 6916 7197 7205 7206 7227 7230 7231 7250 7266 7271 7272
49 350 355 808 1598 1599 1600 1602 1603 1606 1620 1621 1624 1732 1741 1791 6642 6644 6647 6649 6650 6663 6705 6707 6708 6710 6711 6712 6713 6716 6719 6720 6721 6722 6779 6780 6781 6782 6873 6885 6886 6900 6905 6917 6927 6928 6929 6968 6973 6974
9 370 756 815 824 5991 7513 7515 7521 7527
16 373 376 518 6264 6308 6318 6321 6322 6323 6324 6329 6334 6343 6360 6412 6413
7 375 385 393 421 424 1378 1993
27 380 441 1818 1820 5491 5972 5974 5975 5976 5977 5983 5984 5985 6000 6001 6002 6052 6060 6061 9334 9339 9340 9341 9342 9344 9345 9346
59 381 1450 1452 1459 1460 1461 1462 1463 1468 1472 1475 1881 5801 5802 5804 5810 5811 5812 5825 5826 5828 5830 5832 5835 5837 5838 5839 5840 5841 5869 5870 6097 6098 6099 6100 6102 6103 6123 6124 6128 6129 6130 6131 6133 7273 7274 7285 7287 7301 7302 7303 7304 7306 7310 7313 7314 7323 7324 7326
17 382 627 629 633 859 2396 2399 2400 5927 5930 7327 7329 7330 7332 7342 7363 7364
19 388 892 3108 3113 3139 3140 3162 3164 3165 3169 3170 3176 3185 3188 7569 7570 7575 7576 7577
22 392 442 3357 3359 3362 3363 3364 3368 3370 3426 3469 3474 6260 6262 6263 6267 6268 6269 6415 6417 6421 6422
15 401 1525 1528 1541 1542 1544 1546 1578 1579 1580 3004 3011 3016 3017 3024
52 402 432 438 1506 1827 1836 1837 1846 1847 1857 1872 1873 1880 1882 1883 1885 1888 1889 1949 1954 7453 7464 7465 7466 7467 7468 7469 7472 7473 7474 7477 7478 7490 7491 7495 7497 7498 7510 7522 7523 7524 7532 7535 7538 7541 7545 7546 7547 7548 7552 7553 7559
2 413 496
18 426 4679 4680 6628 6630 6631 6636 6641 6657 6658 6659 6675 6676 6677 6678 6680 7689 7690
37 428 639 829 1519 1520 1523 1693 1694 1697 6686 6687 6688 6693 6696 6697 6701 6702 6731 6732 7444 7445 7448 7449 7450 7451 7452 7462 7470 7805 7823 7837 7875 7876 7877 7881 7882 7885
14 429 440 1082 1085 1087 1502 1513 1973 1974 2484 2512 2513 2516 6148
22 430 638 6253 6254 6411 6414 6423 6424 6425 6426 6427 6428 6429 6431 6547 6548 6576 7992 7993 7994 7995 7996
11 434 451 7365 7369 7370 7371 7398 7400 7401 7403 7414
19 435 457 459 2438 2453 2457 2458 2481 7595 7627 7631 7638 7639 7640 7642 7643 7644 7648 7649
73 443 460 468 503 8699 8700 8701 8702 8704 8711 8712 8736 8738 8740 8741 8744 8822 8823 8825 8826 8827 8831 8832 8835 8836 8838 8840 8841 8842 8845 8849 8850 8851 8852 8855 8856 8857 8860 8861 8864 8866 8867 8869 8870 8871 8872 8873 8874 8875 8877 8878 8879 8953 8955 8959 9246 9247 9248 9249 9250 9254 9255 9678 9679 9685 9686 9687 9688 9689 9690 9691 9696 9697
6 444 1106 7905 7908 8441 8443
44 449 857 2532 7963 7964 7968 7975 7980 7981 7983 7985 7986 7987 7988 7989 7990 7991 8003 8004 8005 8006 8007 8008 8009 9854 9855 9857 9866 9963 9964 9967 9968 9975 9976 9979 9980 9981 9984 9985 9986 9988 9989 9990 9991
6 450 469 2535 2536 2537 6159
34 452 513 523 525 526 530 534 535 1515 1524 1529 2542 2544 7432 7435 7679 7680 7681 7682 7684 7686 7692 7693 7696 7698 7699 7700 7702 7704 7705 7715 7716 7722 8887
51 456 474 475 894 3476 3477 3478 3500 3501 3505 3506 3507 3510 3526 3539 3562 3563 3567 3570 8069 8070 8079 8103 8104 8107 8112 8117 8124 8127 8137 8139 8141 8142 8143 8144 8146 8147 8148 8149 8150 8152 8154 8155 8161 8170 8171 8175 8176 8177 8178 8180
58 476 477 484 486 3908 3911 3912 3914 3915 3933 3934 3936 4434 4438 4462 4539 8324 8325 8326 8328 8329 8330 8331 8335 8336 8339 8340 8342 8344 8353 8355 8356 8357 8361 8363 8421 8422 8424 8425 8426 8429 8431 8432 8433 8435 8437 8439 8440 8444 8450 8451 8456 8461 8462 8464 8468 8469 8470
11 480 7441 7446 7481 7482 7483 7484 7485 7486 7489 7492
7 481 1246 1259 1266 5523 5527 7820
4 485 2789 7930 7936
33 492 962 964 966 8039 8041 8042 8043 8045 8046 8047 8048 8051 8052 8053 8054 8072 8073 8074 8075 8078 8083 8088 8116 8120 8121 8122 8126 8184 8185 8186 8188 8194
11 493 494 984 1019 1977 1985 1986 1987 1989 2097 2103
16 495 1725 1728 4684 4685 7945 7948 7951 7957 7958 7959 7974 7976 7984 7997 9418
41 498 500 1388 1995 2800 2802 2806 2813 2815 2817 2825 2826 2828 6736 6744 6745 6771 6809 6811 6825 6845 6846 6851 6859 6866 6868 6869 6870 6947 8225 8649 8650 8652 8653 8654 8655 8656 8659 8661 8664 8670
11 502 508 1535 1567 1582 1729 2077 2078 2080 2082 2084
34 505 1161 1256 1258 1271 1272 1324 1870 1886 1952 1963 1976 1979 2159 2160 2836 2837 2838 2840 2845 2868 2869 2876 2877 2878 2886 2940 2941 2995 2996 2997 3003 3020 3021
32 512 1021 1022 7564 7567 7603 7604 7666 7677 7737 7738 7779 7784 7785 7787 7788 8221 8229 8231 8236 8274 8275 8282 8283 8285 8286 8287 8299 8300 8301 8312 8314
17 514 1036 1037 1040 1044 1045 1057 1101 1828 1831 1835 1841 3106 8624 8625 8626 8629
1 519
2 520 2107
4 521 544 557 647
27 524 1688 1689 1690 8885 8886 8889 8891 8899 8901 8902 8904 8906 8907 8908 8912 8913 8914 8915 8916 8925 8929 8936 8937 8938 8940 8945
1 531
18 532 618 1691 1692 1698 1700 1705 8494 8495 8497 8498 8499 8500 8501 8514 9014 9015 9163
11 533 676 677 5626 5628 5632 5633 8690 8691 8692 8694
110 542 3096 3098 4426 4558 4566 4570 4578 4580 5645 5648 5668 5669 5675 5676 5682 5683 5684 5690 9359 9360 9361 9362 9366 9367 9369 9377 9385 9386 9390 9394 9396 9398 9422 9428 9429 9430 9433 9444 9449 9460 9461 9464 9465 9476 9480 9484 9485 9486 9488 9489 9490 9494 9495 9497 9498 9500 9501 9502 9504 9505 9523 9528 9530 9531 9532 9533 9535 9536 9541 9542 9545 9549 9550 9563 9590 9591 9592 9593 9595 9596 9601 9602 9610 9611 9614 9617 9619 9620 9630 9631 9633 9642 9656 9657 9658 9660 9661 9663 9666 9668 9672 9673 9674 9675 9676 9681 9684 9698 9724
6 545 587 5694 5718 5735 5738
35 558 563 565 568 1466 1467 1479 3497 3511 3515 3523 3533 3535 3546 3551 3552 3556 3557 3558 3559 3962 8648 8671 8673 8675 8676 8680 8683 8801 8802 8808 8812 8813 8814 8816
9 559 1157 1822 1823 1990 9777 9779 9785 9786
16 564 659 669 1181 8685 8756 8757 8758 8761 8762 8764 8768 8821 8824 8846 8964
34 569 646 1498 1534 2166 2167 2168 2170 8969 8970 8972 8977 8978 8987 8993 8994 8998 8999 9000 9002 9003 9013 9017 9021 9022 9024 9025 9037 9038 9039 9040 9041 9142 9161
61 572 576 649 1802 1816 1821 1824 1825 1860 1871 1877 4822 4823 4829 4834 4835 4842 4844 4846 4848 4986 4996 4998 9287 9295 9298 9299 9309 9317 9318 9321 9322 9323 9328 9330 9761 9763 9764 9765 9771 9772 9775 9776 9787 9788 9789 9792 9793 9794 9795 9796 9807 9814 9816 9817 9818 9819 9828 9832 9833 9837
5 574 9197 9199 9202 9204
2 577 578
78 581 5752 5754 5757 5763 5764 5785 5818 5819 5887 5888 5889 5890 5891 5908 5909 5910 5911 5913 5915 9230 9232 9233 9238 9239 9258 9259 9261 9262 9264 9265 9270 9273 9274 9275 9276 9278 9280 9281 9282 9283 9286 9289 9290 9324 9325 9327 9338 9347 9350 9351 9352 9353 9512 9516 9526 9538 9539 9581 9582 9711 9717 9719 9720 9723 9728 9729 9732 9733 9744 9749 9755 9756 9757 9758 9760 9767 9895
16 586 590 612 615 658 1998 2005 2006 2047 2073 2182 2183 2185 2195 2196 2249
9 595 2108 2113 2118 2150 2151 2152 2154 2155
5 598 621 5395 5396 5398
6 600 723 2352 2353 2356 2367
24 601 607 3104 3105 3111 4415 4416 4632 4633 4637 4639 4640 4647 4648 4650 4651 4654 4658 4662 4663 4669 4673 4676 4678
17 606 626 630 642 698 712 3045 7924 7925 7926 9004 9009 9011 9016 9035 9063 9109
4 609 732 6054 6055
7 613 1333 6019 6058 6062 6064 6088
7 617 8026 8027 8028 8031 8036 8037
36 619 670 671 674 681 683 906 907 954 967 2205 2212 2214 4803 4804 4807 4808 4809 4810 4887 4889 4890 8485 8512 8513 8515 8519 8520 8521 8542 8591 8592 8593 8594 8595 8596
15 622 2221 2222 2227 2241 2242 2243 2251 2252 2253 2261 6250 6251 6535 6537
21 625 634 6092 6093 6094 8598 8599 8600 8621 8622 8638 8641 8643 8688 8689 8693 8695 8772 8780 8781 8782
11 651 7855 7856 8790 8791 8793 8794 8795 8797 8798 8799
1 655
3 660 675 696
10 685 719 720 734 736 737 4799 4802 4811 8819
11 689 739 749 7012 7023 7030 7031 7032 7034 7053 7066
2 692 5988
23 695 3726 3802 3807 3832 3833 3834 3835 3838 3945 3947 3974 3975 3981 3989 3991 3992 3993 9172 9173 9176 9191 9192
8 710 766 767 2430 2432 2433 2435 2436
1 711
15 713 774 2181 2197 6096 6101 6140 6141 7927 7931 7937 7938 9994 9996 9998
7 721 724 731 7375 7376 7391 7422
2 733 1635
9 738 743 752 4017 4018 4019 4021 4029 4364
8 742 2218 2219 2225 2286 2287 2289 2291
3 753 755 2215
5 758 1194 1195 1595 1596
18 759 2330 2331 2334 2335 2336 4365 4368 4371 4372 4374 4375 4376 4379 4380 8400 8401 8402
55 760 762 2088 7790 7792 7793 7794 7795 7798 7799 7804 9196 9200 9206 9213 9214 9217 9223 9225 9424 9427 9435 9436 9437 9439 9440 9441 9442 9443 9445 9446 9447 9448 9451 9453 9454 9455 9456 9457 9462 9463 9903 9925 9926 9929 9934 9942 9943 9945 9946 9953 9955 9956 9957 9958
5 768 770 3704 3705 3708
1 769
9 771 773 789 790 797 2401 2402 2404 2406
7 779 791 800 803 2124 2126 2134
11 782 827 2539 2540 2541 2546 2557 2558 2559 6156 6157
7 793 804 809 7425 7503 7504 7555
4 799 865 873 882
2 802 1027
17 805 895 982 1348 1351 2311 9162 9178 9179 9180 9181 9850 9851 9852 9876 9878 9962
12 810 812 2343 2344 2351 2358 2359 2360 6505 6509 6510 6511
12 811 813 822 831 983 5272 5309 5310 5311 5312 5314 5317
1 818
1 819
15 828 4010 4015 4016 4040 4041 4043 4047 4062 4065 4067 4072 4077 4083 4087
18 830 2295 2297 2298 2310 2312 2437 4795 4797 4800 4856 4857 4867 4868 4882 4883 4900 4901
5 837 838 1030 1033 2480
3 839 842 2507
8 844 1198 1200 2529 3068 3089 3215 3218
1 849
1 852
13 854 861 1035 1046 1401 1440 1441 1444 1453 1737 1745 1756 1762
8 858 863 1143 1144 1151 1156 2534 2565
4 860 8018 8373 8374
11 862 864 2614 2615 2621 3694 3695 3698 3699 4421 4422
6 866 1340 1342 1347 7634 7652
6 867 2704 2714 2718 7653 7654
1 869
11 871 886 893 905 2581 2600 2601 2603 2604 2613 2620
15 872 959 4362 4413 4414 4425 4430 4433 4439 4736 4737 4740 4765 4766 4767
9 875 2671 2679 2682 2692 2700 2742 2785 2786
37 878 904 2313 2315 2368 2369 2389 2390 2393 6963 6964 6967 6976 6978 6979 6980 6981 7120 7121 7560 7562 7610 7611 7612 7615 7617 7660 7662 7663 7664 7667 7669 7675 7676 7678 7683 7789
2 879 889
4 880 4920 4928 4940
14 881 1002 1006 3690 3691 5008 5009 7815 7816 7818 7844 7845 7846 7850
8 896 897 3883 3885 3902 3903 3907 3913
6 899 913 2794 2797 2799 2809
6 919 922 1168 1174 1182 1185
3 925 926 1001
18 931 938 1656 2703 8417 8418 8420 8472 8474 8488 8489 8490 8491 8492 8493 8508 8553 8555
1 936
1 940
4 947 2009 2011 2016
2 948 5365
1 951
9 952 961 968 979 1020 1023 1202 3067 3071
5 955 2656 2669 5232 6014
1 960
6 974 1028 1063 2096 2098 2099
1 977
11 980 1070 1305 8783 8785 8787 8788 8881 8920 8921 8932
4 981 2116 2162 5374
2 987 1071
15 989 1352 2220 2293 2316 2348 2506 2508 2720 2721 7863 7865 7867 7868 7886
13 991 1088 2171 2172 3484 3486 3494 3496 3498 5382 5383 5384 5386
7 992 3166 3167 3191 3192 3194 3196
17 997 1120 1147 1204 1205 1208 3839 3849 3865 3866 3871 3873 3874 4324 4545 4547 4552
5 999 2697 2702 3350 3351
3 1007 1104 1136
3 1011 1073 2779
10 1012 1092 1191 1192 1193 1196 1197 1203 1223 1369
1 1015
2 1018 5591
6 1029 1253 1275 1276 1278 1279
5 1032 1241 1243 1245 1255
5 1034 1291 3039 3040 3041
7 1048 1053 1083 1281 8207 8208 8216
16 1055 1102 1334 3208 8320 8321 8345 8346 8347 8350 8354 8366 8367 8372 8375 8376
3 1062 1074 1288
12 1064 1170 1380 1381 3961 3968 3971 3973 3997 4000 5693 5698
4 1077 4709 4713 4714
1 1079
7 1080 1111 1118 1292 1307 1312 1313
10 1081 1296 4912 5238 5239 5247 5248 5277 5278 5284
3 1084 4941 4947
5 1091 1303 1331 5390 5392
3 1095 1122 1793
14 1100 1129 6450 6452 6456 6461 6462 6466 6470 6471 6473 6477 6512 6513
5 1103 1386 1387 1398 1404
1 1105
20 1107 5399 5413 5414 5433 5434 5445 5460 5469 5492 5493 5497 5500 5501 5502 5505 5508 5510 5511 5515
6 1108 5749 5753 5931 5934 5936
10 1121 1317 1319 1332 4924 4939 5027 5096 5098 5101
6 1125 1146 1566 1568 1569 3468
16 1152 1159 4705 6018 6020 6024 6025 6031 6056 6057 6066 6146 6158 6248 8239 8240
7 1153 7890 7891 7894 7896 7897 8218
2 1155 5937
4 1158 1359 1360 1367
6 1160 1188 1417 1421 1424 1428
4 1167 1231 2782 2783
11 1183 6668 6669 6670 6672 6674 6679 6715 6723 6750 6751
7 1186 1206 1491 1495 2835 2897 2902
2 1187 1212
2 1213 3030
2 1215 1508
5 1216 3475 3671 3677 3688
14 1222 1244 1562 1570 6294 6295 6296 6298 6302 6306 6313 6314 6316 8880
5 1232 5620 5639 5641 5685
2 1234 3601
13 1238 1294 2074 6317 8576 8722 8723 8725 8726 8727 8728 8730 8731
2 1242 1295
7 1249 1720 3093 3650 3700 3711 3713
7 1257 1264 1285 1290 1500 6760 6762
1 1263
8 1274 4383 4401 4404 4464 4562 4563 5337
2 1277 7713
1 1289
2 1293 1298
5 1299 1310 1329 1504 2095
6 1300 1304 1330 1336 3099 3101
7 1301 1339 1344 1377 1383 2622 2623
2 1302 1445
3 1306 1448 1449
20 1309 1572 1577 1583 8714 8716 8853 8917 8919 8922 8950 8952 8954 8956 8958 8960 8961 8962 8980 8981
5 1311 7118 7119 9110 9113
1 1315
1 1316
3 1318 7853 7854
2 1325 1327
4 1326 1510 5952 5953
6 1337 8562 8564 8565 8566 8567
5 1338 3102 3150 3152 3154
4 1341 2979 2998 2999
1 1345
19 1356 6328 6336 6373 6406 6410 6418 6443 6449 6463 6464 6467 8220 8222 8227 8230 8237 8238 8244
1 1361
2 1362 5471
7 1364 1365 1368 1456 3000 4344 4354
5 1370 1499 1505 1507 2104
2 1372 8965
3 1373 1432 6838
2 1376 3202
1 1385
1 1399
3 1400 3222 3451
3 1407 1413 2952
11 1408 1419 1539 1545 1590 1591 5817 5821 5822 5829 5844
14 1420 1477 1592 1597 1604 1612 1613 3460 3461 3482 3495 3499 3528 3529
2 1422 1464
8 1423 1526 1614 1616 3032 6748 6749 6755
5 1426 3630 3631 3646 3655
2 1435 1626
13 1439 2163 2164 3199 3200 6095 6278 6283 6286 6288 6292 6297 6327
3 1447 9940 9947
6 1451 1733 3789 5989 5995 9841
18 1455 7180 7181 7182 7193 7198 7200 7201 7202 7203 7204 7295 7296 7297 7298 7300 7307 7315
5 1457 2179 2186 2188 2189
2 1458 2523
8 1465 1489 1667 2366 7336 7337 7338 7341
4 1469 2937 2954 2957
9 1476 4355 4357 4538 4554 4581 4582 4583 4586
2 1480 3956
2 1482 2046
2 1485 1629
8 1487 1512 1514 8560 8569 8570 8584 8585
3 1488 3718 4042
9 1493 1699 7380 7381 7382 7383 7384 7385 7386
5 1511 2632 3076 3078 3082
3 1517 3205 3207
1 1527
2 1530 3226
3 1536 3061 3072
4 1537 3234 3236 3237
1 1538
6 1548 1641 1646 7558 7563 7608
1 1550
1 1551
6 1553 1984 4621 4627 4634 4635
8 1558 1564 1712 1713 3233 3235 3238 3239
1 1559
11 1563 4114 4128 4146 4217 4218 4221 4223 4233 5474 5481
2 1574 1607
4 1584 3335 3337 4699
3 1585 2030 2075
4 1587 1609 1631 1634
6 1610 1636 2525 2531 2538 2561
4 1617 6015 6021 6022
5 1622 1723 1767 1772 1773
5 1623 3722 3723 3739 6091
2 1625 4707
1 1627
1 1628
6 1630 1777 1779 1780 3537 3542
1 1637
13 1639 1674 1709 1783 3310 3312 3314 3331 3336 3342 4306 4311 4320
1 1651
2 1652 4331
1 1653
12 1662 2216 4334 4336 8406 8407 8408 9935 9936 9937 9938 9972
1 1665
3 1666 1668 1766
9 1669 7622 7624 7632 7656 7673 7674 7685 7711
10 1670 1671 1787 1792 1887 3343 3764 3765 3766 3767
3 1673 3740 3958
4 1680 1988 2026 3769
1 1682
5 1684 4701 4703 4704 4708
2 1685 8979
