35 0 1 2 3 4 5 6 7 10 15 16 19 23 24 38 40 41 60 61 62 64 66 68 69 70 71 72 73 74 76 77 82 83 84 85
11 8 13 14 27 28 43 44 92 94 95 98
49 9 32 33 34 35 39 46 47 102 103 104 105 126 238 239 242 248 249 250 253 270 272 275 276 277 324 325 326 331 332 333 334 335 337 339 340 364 381 386 389 390 403 406 407 413 414 417 418 419
39 11 50 58 81 86 87 88 101 121 127 129 132 133 134 135 136 142 148 153 155 157 158 159 160 164 166 178 179 181 183 186 195 196 217 222 226 231 232 233
78 12 234 235 237 244 263 267 283 904 905 914 915 916 918 919 920 922 923 925 926 927 929 930 931 933 935 936 942 944 947 948 952 953 1030 1031 1032 1034 1036 1037 1038 1039 1040 1041 1048 1049 1051 1054 1055 1057 1059 1060 1062 1063 1067 1069 1070 1075 1077 1080 1081 1082 1084 1085 1086 1094 1096 1097 1098 1099 1160 1161 1163 1164 1173 1174 1175 1176 1177
50 17 48 52 89 90 91 96 100 124 2902 2910 2911 2942 3119 3120 3166 3167 3168 3170 3172 3173 3200 3202 3205 3206 3219 3222 3224 3244 3245 3247 3248 3259 3261 3266 3268 3269 3273 3274 3283 3284 3285 3380 3381 3387 3388 3390 3395 3397 3399
76 18 201 209 210 213 215 216 218 284 288 289 290 292 293 294 295 296 309 310 311 312 323 327 328 329 342 344 352 353 354 356 357 359 361 369 377 378 430 431 432 433 434 435 436 437 438 440 448 468 469 474 475 478 488 492 494 498 499 502 503 616 621 644 646 650 653 654 655 684 685 686 687 689 690 693 694
27 20 507 509 510 512 513 514 515 516 525 527 529 530 531 3945 3946 3950 3952 4253 4259 4260 4261 4263 4264 4265 4269 4275
31 21 26 31 547 602 603 604 605 606 607 611 612 613 620 623 627 629 630 631 632 660 661 672 674 675 676 677 710 712 721 722
106 22 42 45 49 51 56 123 146 200 202 890 900 3980 3983 3985 3999 4002 4003 4004 4008 4009 4010 4014 5217 5218 5220 5221 5224 5227 5238 5239 5243 5250 5256 5257 5274 5275 5286 5289 5290 5293 5294 5295 5297 5298 5299 5300 5303 5304 5306 5308 5310 5311 5315 5318 5319 5335 5336 5337 5355 5356 5357 5359 5362 5375 5380 5389 5391 5398 5563 5565 5566 5567 5570 5572 5573 5574 5575 5576 5581 5583 5584 5585 5586 5599 5607 5611 5613 5615 5625 5635 5654 5655 5656 5657 5658 5659 5661 5662 5664 5665 5668 5669 5670 5671 5674
11 25 398 420 423 429 441 456 457 458 505 519
70 29 297 298 305 306 307 313 316 534 535 543 554 555 557 558 559 560 561 568 569 576 578 995 996 997 1000 1001 1101 1107 1116 1117 1118 1120 1124 1126 1127 1128 1129 1136 1140 1141 1142 1144 1147 1148 1149 1151 1152 1153 1156 1165 1166 1167 1168 1171 1178 1179 1180 1181 1182 1184 1198 1199 6825 6827 6828 6831 6832 6834 6835
13 30 97 150 151 472 473 479 480 581 589 590 591 592
49 36 65 599 601 608 635 643 649 662 663 664 668 669 671 673 679 680 695 696 730 766 767 768 770 771 772 775 776 779 780 781 782 784 785 789 790 791 793 794 795 796 843 852 857 859 860 867 868 870
55 37 587 729 731 741 742 746 747 748 754 813 814 820 821 830 832 833 834 835 836 856 872 875 880 881 882 887 937 961 962 963 964 965 968 970 971 972 975 976 978 987 988 990 993 994 998 1002 1005 1011 1014 1015 1139 1143 1145 1154
69 53 54 106 108 110 111 122 177 180 192 839 840 842 848 850 851 855 862 863 864 939 941 943 949 950 1204 1205 1206 1207 1208 1212 2729 2742 2744 2745 2746 2747 2750 2753 2755 2756 2757 2758 2759 2760 2762 2763 2764 2765 2766 2767 2768 2770 2772 2773 2776 2803 2804 2807 2824 2828 2846 2847 2848 2866 2876 2877 2878 2879
158 55 130 131 152 154 198 199 203 204 205 1203 1210 1213 1219 1220 1221 1222 1223 1224 1229 1230 1231 1233 1235 1241 1242 1243 1244 1245 1247 1248 1249 1258 1259 1264 1265 1266 1270 1280 1281 1283 1284 1288 1292 1294 1299 1301 1305 1310 1312 1313 1314 1315 1319 1321 1322 1323 1324 1330 1331 1342 1343 1345 1373 1374 1377 1378 1387 1388 1391 1392 1393 1394 1400 1401 1402 1404 1414 1415 1416 1417 1418 1420 1422 1423 1424 1425 1426 1430 1432 1434 1435 1436 1440 1441 1443 1456 1460 1461 1462 1463 1464 1468 1469 1470 1484 1498 1500 1502 1505 1507 1512 1513 1514 1521 1522 1551 1597 1598 1603 1605 1607 1638 1704 1706 1711 1712 1713 1715 1716 1718 1720 1722 1724 1725 1726 1728 1734 1736 1737 1738 1747 1748 1751 1752 1753 1754 1755 1760 1762 1769 1770 1771 1772 1774 1775 1777 1778
24 57 171 172 1277 1290 1297 1317 1325 1326 1327 1353 1354 1355 1356 1361 1370 1372 1412 1427 1433 1437 1442 1444 1445
129 59 137 454 459 596 597 598 600 610 614 736 737 739 740 743 745 749 1021 1022 1528 1531 1532 1533 1929 1930 1940 1943 1952 1954 2003 2004 2005 2006 2007 2010 2012 2013 2015 2016 2245 2246 2250 2255 2256 2258 2259 2262 2264 2266 2267 2280 2281 2283 2286 2287 2290 2295 2296 3633 3635 3636 3637 3638 3640 3641 3643 3644 3645 3656 3657 3658 3660 3661 3664 3671 3672 3673 3675 3676 3688 3690 3694 3695 3697 3720 3721 3724 3725 3726 3727 3732 3734 3770 3771 3773 3775 3776 3779 3780 3781 3782 3783 3784 3786 3787 3794 3796 3825 3826 4206 4208 4209 4213 4216 4217 4218 4219 4220 4221 4223 4224 4225 4232 4233 4235 4247 4249 4250 4254
1 63
134 67 138 139 318 321 1497 1536 1537 1539 1540 1541 1543 1545 1547 1548 1550 1564 1565 1566 1567 1568 1569 1571 1577 1578 1589 1590 1591 1593 1596 4392 4393 4394 4395 4396 4397 4398 4399 4401 4402 4403 4405 4407 4414 4416 4419 4428 4429 4432 4433 4434 4435 4436 4437 4482 4490 4511 4513 4514 4515 4516 4517 4525 4530 4531 4532 4566 4567 4571 4581 4582 4583 4584 4586 4588 4590 4592 4599 4600 4603 4605 4704 4709 4711 4713 4714 4744 4751 4752 4754 4755 4756 4760 4761 4762 4823 4824 4825 4826 4830 4831 4832 4839 4846 4847 4849 4853 4858 4859 4862 4868 4871 4978 6110 6115 6116 6118 6119 6121 7861 7862 7867 7868 7870 7871 7872 7873 7876 7877 7878 7879 7883 7884 7885
21 75 5149 5150 5152 5153 5154 5155 5159 5162 5164 5165 5169 5170 5171 5173 5181 5182 5183 5184 5192 5193
37 78 80 113 838 844 846 847 954 958 979 980 982 983 1017 1018 1027 2072 2077 2078 2082 2085 2086 2087 2094 2111 2114 2115 2120 2121 2122 2125 2131 2132 2133 2134 2337 2338
18 79 1195 1196 1197 1200 1238 1239 1240 1268 3857 4049 4050 4051 4052 4053 4054 4055 4058
29 93 107 117 128 140 144 145 1681 1682 1695 1696 1697 1827 1832 1835 1836 1837 1838 1840 1842 1843 1852 1853 1854 1855 1856 1858 1867 1868
26 99 147 149 1194 1217 1225 1237 1678 1914 1916 1920 1922 1924 1925 1926 1927 1928 1984 1988 1990 2487 2488 2492 2493 2503 2504
83 109 170 173 174 175 176 349 1364 1365 1366 1380 1381 1467 1472 1473 1996 1999 2000 2001 2002 2009 2017 2021 2022 2026 2029 2030 2032 2034 2037 2038 2039 2040 2041 2052 2053 2056 2057 2058 2059 2060 2065 2067 2426 2428 2429 2430 2431 2449 2456 2463 2467 2514 2520 2522 2523 2554 2555 2557 2558 2559 2560 2562 2563 2564 2566 2576 2579 2580 2582 2644 2645 2647 2650 2651 2652 2653 2657 2658 2662 2670 2680 2681
19 112 208 212 2357 2363 2368 2369 2370 2371 2401 2402 2409 2412 2415 2416 2417 2418 2420 2423
32 114 1272 1273 1316 1491 1492 1493 1494 1516 1519 1520 1523 1554 1555 1557 1558 1560 1561 1613 1614 1616 1618 1619 1624 1635 5713 5714 5717 5731 5733 5734 5738
28 116 182 184 187 188 189 197 1347 1644 1645 1658 1659 1660 1661 1662 1663 1669 1671 1672 1739 2432 2437 2473 2474 2477 2478 2479 2480
108 118 584 586 588 593 594 595 634 1746 1749 1763 1768 1776 1779 1780 1784 1785 1786 1794 1795 1797 1802 1803 1804 1805 1806 1808 1809 1810 1811 1821 1822 1823 1824 1825 1831 1834 1884 1892 1895 1896 1897 1898 1899 1900 1905 1906 1907 1908 1909 1910 1913 1915 1917 1919 1923 1931 1934 1938 1939 1961 1962 1964 1965 1966 1969 1970 1973 1977 1978 2042 2043 2047 2049 2050 2066 2074 2096 2098 2099 2526 2527 2528 6539 6543 6544 6549 6550 6551 6552 6553 6556 6557 6559 6560 6564 6576 6823 6837 6838 6855 6859 6860 6862 6863 6865 6897 6898
61 119 2685 2688 2695 2705 2706 2712 2717 2719 3007 3009 3010 3014 3037 3038 3049 3050 3051 3052 3053 3056 3059 3309 3311 3317 3319 3321 3323 3324 3325 3327 3329 3331 3332 3333 3334 3405 3407 3409 3410 3411 3412 3415 3417 3418 3422 3560 3561 3564 3565 3566 3567 3568 3570 3629 3639 3649 3763 3765 3766 3767
24 120 2196 2197 2207 2209 2210 2213 2900 2901 3474 3524 3525 3528 3529 3589 3591 3597 3605 3606 3607 3806 3807 3809 3810
176 125 227 228 229 230 236 246 287 2278 2279 2282 2301 2303 2304 2305 2306 2530 2948 2952 3828 3829 3831 3832 3833 3834 3836 3837 3845 3847 3848 3850 3851 3854 3855 3856 3858 3859 3866 3867 3868 3889 3890 3892 3895 3899 3900 3909 3919 3920 3921 3922 3923 3925 3927 3928 3930 3940 3942 3943 3954 3955 3957 3965 3972 3973 3975 3979 3989 3990 4016 4030 4031 4032 4033 4034 4035 4036 4043 4046 4047 4048 4059 4061 4062 4063 4097 4122 4123 4124 4126 4128 4133 4134 4136 4137 4139 4140 4141 4142 4145 4146 4148 4149 4152 4153 4154 4155 4162 4164 4165 4166 4167 4168 4169 4170 4171 7072 7073 7098 7105 7107 7113 7131 7132 7133 7134 7210 7211 7215 8959 8960 8962 8971 8972 8974 8976 8977 8979 8987 8989 8990 8991 8992 8993 8995 8997 8998 9002 9004 9007 9008 9009 9015 9041 9052 9053 9054 9055 9056 9057 9058 9059 9060 9061 9066 9068 9070 9071 9096 9097 9098 9099 9100 9107 9108 9109
5 141 143 279 322 341
14 156 161 163 167 185 194 207 211 345 348 394 397 400 411
52 162 704 705 725 815 823 1490 1508 4102 4104 4106 4108 4109 4112 4113 4115 4116 4119 4120 4121 4176 4180 4181 4182 4183 4184 4637 4638 4639 4640 4643 4661 4662 4663 4667 4669 4672 4673 4675 4680 4819 4820 4838 4872 4879 4883 4884 4889 4890 4908 4911 4915
42 165 520 984 1006 1023 1024 1025 1026 1044 1046 1089 1090 1131 1132 1138 1155 1187 1188 1192 1193 1227 2188 2189 2218 2220 2221 2223 2224 2231 2233 2236 2238 2240 2268 2316 2322 2323 2326 2329 2501 2517 2518
13 168 219 258 259 265 4633 4634 4635 4655 4656 4657 4658 4659
16 169 280 281 285 424 504 511 4972 4975 4977 5813 5817 5818 5819 5822 5823
56 190 221 224 4934 4936 4940 4942 4943 4944 4945 4950 4951 4952 4953 4954 4965 5080 5082 5083 5084 5085 5086 5087 5095 5100 5101 5126 5127 5128 5129 5131 5135 5137 5138 5139 5156 5163 5167 5175 5179 5190 5201 5202 5205 5209 5210 5212 5214 5216 5402 5404 5405 5406 5407 5409 5410
22 191 206 1487 1499 1501 1673 1674 1675 1676 1679 1683 1684 1685 1702 1703 1719 1731 1945 1947 1957 2106 2107
44 193 343 346 1814 1902 1951 2170 2605 2614 2615 2621 2627 2630 5981 5982 5983 5984 5985 5990 5991 5996 6000 6001 6002 6005 6006 6007 6008 6012 6033 6035 6039 6042 6043 6046 6048 6052 6072 6073 6074 6143 6144 6147 6148
8 214 350 351 1692 1693 1694 1699 1993
13 220 225 278 365 366 1339 1340 1341 1344 1346 1351 1360 1363
3 223 260 697
66 240 2535 2536 2537 2584 2585 2637 2638 2640 2641 2642 2643 2646 2659 7439 7440 7443 7446 7459 7460 8431 8432 8433 8434 8436 8437 8438 8439 8440 8441 8442 8443 9260 9261 9264 9265 9266 9268 9269 9271 9275 9279 9280 9283 9286 9287 9289 9290 9291 9296 9310 9313 9315 9318 9319 9326 9327 9328 9329 9331 9332 9334 9340 9341 9342 9343
45 241 455 2184 2186 2187 2190 2194 2195 2200 2203 2331 2332 2333 2340 2344 2354 2358 2360 2379 2381 2382 2383 2385 2724 2726 2735 2736 2737 2964 2979 2981 2982 2983 2984 2986 2988 2989 2990 2991 3001 3003 3017 3019 3020 3021
27 243 261 264 392 416 421 422 425 426 2390 2398 2400 2935 2937 2940 2941 2943 2944 2945 2946 2947 2953 3094 3095 3097 3101 3116
2 245 470
21 247 481 579 2157 3454 3457 3487 3488 3489 3491 3492 3493 3494 3496 3497 3499 3500 3501 3502 3503 3504
13 251 2174 2179 2180 2183 2204 2212 2214 2311 2597 2682 2694 2786
17 252 266 271 274 461 699 2308 2498 3108 3118 3121 3125 3134 3135 3136 3137 3143
3 254 493 496
20 255 765 1642 1643 1647 1649 1690 3369 3376 3378 3384 3385 3386 8537 8541 8542 8545 8546 8547 8548
30 256 268 804 805 807 825 5785 5793 5794 5795 5824 5825 5830 5831 5832 5833 5834 5836 5890 5891 5897 5917 5918 5928 5940 5941 5942 5943 5946 5953
66 257 319 330 336 338 347 2499 2500 2505 2525 2529 2540 2541 2542 2543 2549 2550 2552 2567 3355 3404 3424 3428 3429 3430 3431 3432 3434 3435 3436 9390 9393 9395 9396 9397 9399 9404 9422 9443 9444 9447 9448 9451 9452 9729 9730 9731 9748 9813 9817 9819 9824 9828 9833 9834 9838 9880 9882 9885 9886 9894 9906 9908 9911 9926 9932
3 262 2808 2810
12 269 1744 1745 1756 1757 1788 1789 1792 1793 6198 6199 6202
34 273 282 4193 4194 4197 4295 4296 4298 4299 4310 4311 4312 4315 4316 4317 4319 4320 4341 4343 4346 4349 4350 4351 4353 5462 5463 5464 5467 5468 5470 5551 6161 6163 6164
82 286 291 301 363 371 4385 4386 4387 4388 4389 4390 4391 4404 4421 4424 4425 4427 4452 4454 4455 4457 4458 4459 4466 4467 4468 4493 4494 4495 4496 4523 4524 4533 4537 4546 4548 4611 4612 4614 4615 4631 4715 4716 4717 4719 4720 4721 4723 4726 4727 4735 4769 4770 4772 4778 4781 4789 6915 6916 6934 6935 6936 6937 6938 6948 6949 6950 6951 6953 6955 6989 6990 6991 6993 6994 6997 7003 7005 7006 7007 7008 7021
26 299 809 2590 2592 2601 2606 2611 6434 6435 6458 6461 6462 6463 6464 6465 6467 6472 6473 6474 6475 6476 6477 6487 6488 6489 6491
15 300 384 427 2794 2796 3537 3538 3571 3573 3574 3575 3576 3578 3579 3580
80 302 812 871 879 884 1008 1329 1336 1338 1390 1395 1399 5070 5071 5072 5075 5078 5112 5114 5115 5116 5117 5118 5121 5122 5123 5124 5141 5222 5228 5229 5230 5231 5438 5443 5445 5446 5447 5451 5452 5455 5456 5457 5459 5480 5482 5483 5484 5487 5489 5499 5500 5501 5502 5503 5504 5506 5507 5540 5543 5639 5640 5641 5643 5645 5646 5648 5649 5681 7477 7480 7482 7483 7485 7487 7489 7490 7500 7501 7502
43 303 1042 1043 1405 1406 1452 1453 1454 3508 3511 3512 3515 3516 3517 7345 7346 7347 7348 7379 7380 7381 7382 7383 7384 7385 7387 7388 7389 7392 7395 7396 7407 7408 7409 7411 7464 7466 7467 7469 7472 7474 7526 7527
19 304 315 2842 2844 2890 2891 2897 2912 2913 2914 2917 2918 2919 2920 2921 2922 2923 2924 2925
34 308 355 1455 1979 2109 2375 2376 2470 2471 2672 2673 2675 2677 2678 5929 5932 5938 5945 5947 5948 5960 6088 7167 7170 7173 7174 7178 7195 7199 7201 7202 7203 7206 7207
47 314 317 2372 2373 2374 2444 5763 5764 5777 5778 5781 5783 5787 5874 5875 5876 5877 5886 5887 5888 5889 5892 5898 5899 5901 5904 5905 5907 5912 5913 5924 5927 5934 5935 5936 5957 5961 5965 5966 5967 5969 5970 6401 6408 6411 6412 6413
64 320 367 566 3183 3184 3186 3187 3189 3192 3193 3198 3199 3201 3203 3209 3210 3211 3214 3298 3299 3300 3302 3304 3305 3877 3878 3879 3885 3887 3888 3905 3907 3910 3962 5699 5700 5702 5725 5751 5752 5756 5757 5758 5759 5760 5761 5762 5768 5769 5773 5780 5803 5804 5805 5864 5878 5879 5880 5882 5975 5977 5978 5980 5988
37 358 385 388 1110 2457 2459 2460 2461 2484 2515 2531 2532 6176 6177 6178 6179 7628 7634 7636 7637 7638 7639 7640 7644 7652 7696 7697 7710 7714 7715 7716 7717 7733 7734 7742 7743 7747
3 360 428 447
26 362 6319 6320 6498 6517 6520 6523 6526 6529 6533 6565 6568 6572 6573 6664 6665 6666 6667 6673 6790 6791 6792 6797 6799 6805 6810
16 368 4064 4065 4066 4067 4068 4069 4070 4073 4075 4078 4079 4081 4084 4086 4087
2 370 1289
41 372 2791 7273 7277 7278 7280 7286 7288 7290 7291 7293 7294 7324 7325 7333 7336 7337 7338 7339 7344 7349 7350 7352 7354 7360 7361 7362 7677 7763 7764 7770 7777 7779 7781 7782 7783 7784 7785 7786 7788 7796
30 373 443 445 446 449 583 1130 1133 1157 1475 2797 2798 2801 2802 2805 2806 2821 2823 2825 2827 2835 2837 2838 2839 2849 2850 6160 6165 6166 6172
17 374 2852 2853 2855 2856 2961 2966 2967 2969 6185 6187 6188 6189 6204 6205 6206 6207
12 375 376 467 3337 3342 3346 3347 3351 3437 3439 3443 3444
26 379 802 808 3000 3026 3029 3067 3068 3074 6257 6258 6259 6262 6263 6264 6268 6270 6272 6273 6275 6276 6278 6280 6281 6300 6301
12 380 450 451 4929 4930 4932 4933 4935 4937 4938 4939 4964
9 382 755 1482 1485 1504 1525 1527 3078 3080
13 383 452 453 3802 3803 3805 3812 3813 3814 3815 3816 6081 6090
66 387 464 3465 3466 3469 3471 3472 6693 6695 6707 6711 6712 6713 6715 6716 6718 6719 6720 6721 6725 6727 6729 6730 7945 7949 7951 7964 7970 7972 7984 7985 7986 7987 8000 8001 8002 8017 8018 8026 8027 8028 8030 8038 8041 8042 8043 8046 8048 8053 8054 8059 8060 8084 8110 8129 8131 8132 8139 8141 8142 8144 8145 8147 8149 8150 8151
4 391 460 463 1627
16 393 396 3872 6096 6098 6099 6100 6101 6109 6122 6125 6126 6128 6129 6134 6135
5 395 399 3076 3077 3082
14 401 2883 3654 3659 3663 6344 6345 6360 6384 6392 6393 6394 6397 6422
64 402 465 471 1630 1631 1634 3742 3743 3744 3745 3747 3749 3755 3756 3757 3758 6683 6684 6685 6686 6687 6688 6692 6706 6726 6733 6743 6744 6746 6747 6748 6750 6751 6757 6758 6760 6762 6765 6766 6767 6769 6770 6771 6772 6778 6779 6780 6781 6782 6818 6819 6820 6821 6909 6912 6913 6914 6917 6929 6961 6962 6963 6967 6974
19 404 408 482 483 2117 2679 2690 2709 3710 4100 4156 4157 4159 4174 4175 4177 4186 4187 4188
57 405 409 489 491 7035 7037 7041 7043 7044 7046 7048 7055 7056 7058 7059 7061 7062 7064 7067 7071 7074 7109 7111 7112 7114 7116 7117 7120 7121 7136 7137 7142 7143 7145 7150 7151 7152 7153 8228 8269 8275 8285 8286 8287 8289 8291 8292 8293 8294 8295 8296 8297 8298 8380 8390 8393 8395
42 410 2722 2727 2738 2739 2775 2777 2779 3819 3822 3824 3827 3830 3838 3988 4091 4092 4094 4095 4098 4099 4103 4192 4196 4358 4359 4360 4362 4365 4366 4368 4372 4376 4378 4380 4601 4602 4606 4610 4618 4620 4625
37 412 548 549 1691 1698 1707 1709 1710 1740 1742 1816 1818 1819 1846 1847 1865 1866 1869 3084 3169 3174 3175 3176 3177 3178 3181 3182 3190 3191 3195 3213 3217 3228 3229 3230 3276 3279
36 415 4382 4384 5401 5403 5412 5414 5419 5429 5431 5434 5436 5441 5450 5473 7811 7812 7813 7818 7826 7827 7829 7830 7833 7834 7835 7836 7837 7843 7847 7848 7852 7858 7893 7898 7899
34 439 6621 6622 6623 6624 6625 8621 8622 8626 8631 8822 8825 8834 8835 8837 8838 8854 8855 8856 8857 8858 8859 8860 8863 8864 8865 8867 8868 8869 8882 8883 8884 8885 8887
11 442 4239 4240 4242 4243 4246 4248 4251 4257 4818 4821
47 444 1626 3307 3308 4736 4737 4738 4739 4740 4741 4767 7938 8162 8163 8164 8175 8181 8182 8183 8184 8185 8187 8223 8225 8396 8401 8403 8404 8405 8410 8411 8415 8416 8446 8447 8448 8450 8451 8452 8453 8454 8455 8457 8460 8461 8463 8465
29 462 476 477 484 521 532 546 551 552 562 1872 1873 1880 1881 4893 4895 5376 5381 5385 5388 5390 5393 5394 5395 5397 5400 5413 5415 5418
41 466 533 609 633 1382 1389 1409 1459 1479 3288 3289 4807 4808 4809 4812 4814 4822 4827 5040 5042 7615 7626 7627 7651 7653 7654 7662 7663 7664 7666 7670 7671 7674 7675 7678 7679 7681 7682 7683 7689 7690
25 485 3315 3316 3320 3322 3328 5057 5059 5060 5065 9472 9474 9476 9490 9492 9493 9499 9501 9502 9505 9567 9571 9573 9574 9577
9 486 4563 4564 4565 4572 4627 4629 4630 4644
5 487 500 1656 1904 1911
20 490 1657 1666 1667 1668 1687 2315 2334 2335 2336 3156 3157 7916 7919 7920 7922 7923 8314 9211 9212
33 495 1944 1953 3159 8502 8503 8504 8505 8506 8508 8509 8512 8516 8543 8544 8549 8550 8552 8555 8557 8558 8559 8566 8567 8574 8598 8599 8603 8604 8605 8606 8617 8618
6 497 5053 5054 9695 9696 9697
56 501 5278 5280 8894 8895 8898 8933 8934 8935 8941 9155 9157 9159 9160 9162 9164 9165 9166 9167 9168 9169 9171 9178 9181 9186 9187 9188 9201 9208 9209 9210 9215 9216 9217 9222 9223 9224 9228 9229 9231 9232 9233 9235 9236 9237 9238 9239 9240 9241 9242 9243 9244 9251 9252 9253 9255
57 506 3287 3290 3292 3294 3297 3312 3313 3314 3335 3336 3339 3340 3343 3352 3353 3354 5537 5538 5556 5557 5558 5560 5598 5602 5628 5676 5742 5743 5799 5812 5993 6003 6010 6011 6031 6032 6034 6053 6095 6117 6120 6137 6139 6194 6217 6235 8653 8654 8655 8656 8659 8660 8665 8668 8669 8670
31 508 1971 1972 1974 3481 3482 3483 3484 3505 3506 3513 3518 3519 3520 3521 3522 6303 6304 6305 6341 6342 6365 6367 6368 6369 6370 6375 6376 6377 7323 7326
2 517 4793
5 518 8679 8680 8681 8682
56 522 726 727 2169 2171 2175 2176 2177 3608 3610 3611 3612 3613 3618 3620 3621 3622 3623 3627 3711 3714 3741 3752 5026 5027 5028 5029 7602 7608 8698 8699 8701 8702 8704 8707 8709 8710 8711 8713 8715 8801 8802 8814 8817 8844 8847 8850 8851 8852 8892 8893 8899 8900 8904 8905 8909
10 523 524 1980 1981 6442 8952 8953 8956 8958 8964
23 526 528 536 1960 1967 8378 8381 8382 8394 8397 8417 8418 8420 8421 8422 8423 8424 8425 8426 8427 8466 8467 8470
1 537
10 538 1480 1991 9949 9950 9954 9955 9956 9957 9958
8 539 756 1959 1963 1976 1982 3372 3375
95 540 542 4204 4205 4207 4236 4237 6232 6242 6243 6253 6254 6265 6266 8497 8498 8499 8500 8501 8635 8639 8642 8643 8645 8646 8648 8650 8651 8652 8657 8658 8688 8691 8695 8726 8727 8728 8729 8734 8736 8738 8739 8743 9523 9528 9530 9535 9581 9582 9609 9611 9612 9613 9623 9629 9630 9632 9633 9642 9649 9651 9652 9654 9658 9659 9661 9665 9666 9671 9672 9675 9677 9678 9679 9710 9711 9712 9714 9715 9717 9718 9719 9720 9721 9723 9856 9857 9859 9861 9862 9864 9865 9889 9893 9895
32 541 544 545 564 638 6617 6618 6619 6620 6626 9114 9115 9116 9117 9118 9121 9122 9123 9124 9141 9142 9144 9153 9170 9306 9352 9353 9372 9374 9415 9417 9418
2 550 582
22 553 563 565 615 636 640 4645 4646 5046 5047 5048 5062 5063 5066 5067 5089 5232 5266 5267 5268 5270 5273
6 556 6592 6602 6607 6613 6614
3 567 641 9982
7 570 571 573 7181 7182 7186 7187
16 572 577 580 810 811 817 818 7156 7239 7242 7245 7246 7804 7905 7910 7911
3 574 8477 8479
18 575 5282 5283 5301 5302 5305 5521 5524 5525 5526 7308 7309 7310 7313 7314 7316 7318 7319
24 585 827 2312 2314 2330 2341 2342 2343 2345 6313 6314 6321 6322 6324 6415 6580 6582 6584 6585 6590 6593 6615 6616 6627
12 617 6676 6677 6678 6689 6691 6734 6738 6739 6741 6754 6755
6 618 2075 7589 7590 7591 7593
23 619 637 8946 8948 8950 8951 9019 9020 9026 9029 9031 9032 9086 9088 9089 9090 9092 9093 9094 9110 9112 9357 9358
11 622 3033 3034 3035 3039 3040 3042 3043 3054 3055 3057
1 624
21 625 626 628 667 670 682 702 703 708 3963 3971 3986 3987 3991 3992 3993 6646 6648 6651 6653 6656
5 639 885 2625 2632 2634
20 642 709 717 6495 6891 6892 6894 6896 6900 6901 6907 6982 6983 6985 6986 7157 7158 7160 7161 7162
30 645 903 1115 6670 6672 6674 6681 6682 6735 6740 6756 6761 6873 6874 6876 6877 6878 6879 6880 6881 7296 7297 7299 7300 7303 7372 7376 7406 7412 7414
1 647
5 648 658 2152 2154 2155
5 651 7515 7516 7517 7537
22 652 5867 5870 9511 9521 9540 9541 9547 9548 9550 9580 9787 9788 9831 9832 9835 9840 9853 9854 9868 9869 9991
11 656 657 2178 2182 2192 2274 2276 2298 2300 2348 2349
14 659 665 666 678 681 683 889 7546 7547 7549 7551 7556 7558 7559
9 688 691 698 700 1544 1579 1580 6029 9784
15 692 4995 7232 7233 7235 7236 7247 7249 7250 7253 7254 7257 7258 7259 7260
23 701 713 797 2445 2454 6221 6222 6763 6764 6774 6839 6847 6848 6853 6869 6870 6888 6889 6890 6893 6899 6904 6906
11 706 720 732 7529 7530 7566 7567 7572 7573 7576 7577
3 707 2495 2497
1 711
22 714 7601 7700 7704 7705 7940 7952 7953 7955 7956 7959 7960 7962 7969 7971 7975 7977 8025 8034 8035 8045 8062
10 715 751 910 911 991 1007 1028 1065 2622 2623
15 716 1889 1893 1894 1994 1995 4381 7584 7585 7586 7588 7595 7720 7721 7722
16 718 752 4289 4290 4293 4297 8134 8135 8155 8158 8168 8171 8188 8189 8191 8194
9 719 723 3933 3934 3936 6512 6519 6525 6537
5 724 733 2146 2147 2149
11 728 3149 3150 3151 3153 3154 7209 7213 7214 8783 8784
8 734 750 753 758 1688 1689 1701 1727
6 735 4742 4743 4757 4763 4775
7 738 759 2711 2713 2714 2782 2789
6 744 2159 3087 3155 3158 3161
8 757 3361 3362 3365 3367 3368 3371 3403
8 760 774 2168 2173 2243 2244 2247 2249
13 761 2864 2865 4795 4796 4797 4798 7807 7853 7855 7856 7915 7921
22 763 2882 2929 2931 2932 3592 3594 3616 3652 8083 8085 8086 8091 8101 8104 8119 8120 8121 8122 8125 8126 8195
1 764
6 769 8256 8259 8262 8263 8265
5 773 777 1076 1078 4347
15 778 803 2167 2181 2364 2366 3938 7217 7221 7222 7223 8300 8303 8304 8307
28 783 4696 4701 4702 8492 8493 8494 8496 8518 8521 8525 8575 8576 8584 8585 8926 8929 8939 8940 9419 9432 9464 9466 9467 9468 9479 9509 9527
17 786 3759 3774 3777 3778 3789 3873 3874 3939 3944 3961 3994 4888 4891 4892 4896 4897
7 787 8248 8249 8250 8251 8252 8268
1 788
4 792 798 806 8619
7 799 895 1093 1095 1100 1102 1106
3 800 822 824
3 801 2441 8918
6 816 826 4925 4927 5006 5007
1 819
11 828 4648 4653 4679 4681 6504 6505 6508 6509 6510 6513
3 829 2992 2994
4 831 1112 5237 5240
3 837 841 849
1 845
19 853 3997 3998 7265 7266 7284 7304 7305 7306 7378 7390 7391 7403 7420 7432 7437 7450 7451 7492
6 854 858 897 4280 4283 4685
29 861 1232 4906 4910 4912 4979 5001 5009 6975 6977 6978 6979 6980 6981 7028 7029 9759 9760 9761 9762 9766 9769 9771 9772 9773 9774 9960 9961 9962
6 865 1074 1105 9984 9986 9987
10 866 1274 4276 4301 4332 4333 4549 4550 4551 4552
1 869
11 873 874 876 5012 5014 5015 5016 6911 6930 6931 6932
5 877 1253 1254 7659 7756
5 878 899 901 921 3092
3 883 891 8799
13 886 924 1191 1202 4578 4580 8334 8336 8337 8343 8372 8373 8376
4 888 967 2663 2667
6 892 8377 8383 8384 8386 8387
2 893 977
5 894 7840 7842 7844 7850
10 896 898 5345 5347 5349 5352 5353 5354 5358 5491
12 902 912 2506 2508 2509 2510 8205 8206 8208 8213 8214 8216
8 906 909 1267 1269 1276 1279 8235 8236
6 907 1285 1287 8594 8595 8596
11 908 913 3063 3064 3066 6231 6234 6236 6239 6331 6332
14 917 1600 1602 1608 1611 2421 5496 5497 5508 5509 5510 5511 5512 5513
9 928 934 938 2076 2093 8237 8238 8239 8240
7 932 5550 5553 5554 5705 5706 5707
1 940
4 945 3220 3221 4901
1 946
1 951
4 955 2424 2438 4594
7 956 957 959 5852 5854 5856 5859
1 960
1 966
1 969
1 973
5 974 1104 1108 6152 6153
7 985 2573 2577 2581 2588 5992 6028
13 986 1376 2971 2972 2974 3286 3291 3295 3296 5024 5030 5031 5032
4 989 1621 1628 7655
6 992 3359 3449 3460 3461 3467
21 999 2439 2442 2443 6156 6192 6193 6248 7657 7658 7686 7693 7694 7695 7699 7701 7706 7708 7709 7712 7718
2 1003 1385
5 1004 1013 2524 2533 8774
3 1009 1066 1071
1 1010
20 1012 1045 1189 1236 1251 5281 5288 5329 5331 5334 5339 5476 5477 5479 5490 5493 5520 5522 5523 5527
4 1016 1035 1047 1629
5 1019 5840 5842 5847 5849
4 1020 1087 2997 3106
6 1029 1457 1870 1876 2110 2388
9 1033 2589 2593 2861 3562 3569 4575 4577 4585
10 1050 2145 2150 2151 2160 7761 7766 7768 7771 7772
6 1052 2162 6449 6451 6455 6503
4 1053 1083 1162 5536
7 1056 1582 4015 4017 4018 4019 4026
12 1058 3670 3674 3677 3681 3683 3684 3685 3691 6445 6446 6447
4 1061 6629 6634 6637
5 1064 1119 8587 8588 8589
29 1068 2126 2127 4076 4077 4080 4163 4172 4173 6336 6337 6338 6373 6383 6400 6409 6410 6416 6417 6421 6424 6425 6426 6427 6428 6429 6436 6440 6441
3 1072 4837 4916
5 1073 3559 7797 7803 7805
1 1079
8 1088 2232 2241 2248 7924 7927 7929 7930
5 1091 1447 7891 7892 7903
5 1092 1172 1309 1328 6327
10 1103 2144 2156 2158 2163 2164 2872 2958 4357 4364
3 1109 1114 2273
4 1111 1113 1122 2261
2 1121 1185
21 1123 1134 1137 2165 2211 8796 8798 8800 8804 8807 8808 8809 8897 8901 8903 8908 8910 8911 8912 8913 8916
5 1125 1146 2270 2538 2544
14 1135 2352 2355 2356 6071 6267 6283 6284 6286 6288 6293 8788 9641 9645
1 1150
8 1158 1307 1308 2362 5258 5259 5277 5285
12 1159 5952 5954 5955 5956 5971 5973 5974 6013 9734 9736 9741
2 1169 2959
14 1170 1901 4267 7155 7172 7179 7180 7183 7184 7185 7188 7189 7193 7194
6 1183 7932 7933 8078 8080 8081
32 1186 1215 1465 1466 1471 3730 3731 3733 3735 3736 3860 3861 6659 8204 8209 8276 8281 8282 8283 8312 8315 8316 8318 8319 8323 8489 8490 8491 8579 8580 8581 8583
5 1190 3915 4271 9902 9912
5 1201 4918 4919 4920 6798
1 1209
1 1211
18 1214 1529 8591 8592 8593 8601 8607 8608 8611 8614 8615 8616 8620 8623 8625 8627 8628 8629
10 1216 4545 4547 4554 4624 8721 8722 8740 8741 8744
2 1218 1255
4 1226 1348 1349 1350
11 1228 1359 1362 6070 6813 6814 6816 6817 6824 6829 6833
8 1234 4478 4481 4483 4485 7032 7045 7050
2 1246 3218
10 1250 1252 4028 4029 7053 7054 7057 7078 7079 7089
2 1256 1367
14 1257 1260 1261 2377 6577 9935 9938 9943 9944 9951 9952 9959 9967 9968
7 1262 2027 2028 2036 2045 4042 8750
1 1263
6 1271 1275 1282 1291 4273 4274
2 1278 1295
3 1286 4340 4411
6 1293 1318 8748 8787 8789 9615
9 1296 6599 6600 6601 6603 6604 6642 7359 7364
1 1298
23 1300 1333 9725 9726 9728 9732 9733 9735 9737 9739 9742 9743 9744 9747 9749 9750 9752 9753 9754 9755 9756 9757 9767
2 1302 1369
17 1303 1586 7495 7496 7497 7507 7510 7512 9050 9074 9830 9846 9848 9850 9851 9852 9873
2 1304 1375
4 1306 1410 1411 1428
12 1311 7599 7605 7606 7607 7609 7610 7611 7612 7613 7614 7616
3 1320 1478 7907
12 1332 7025 7027 7075 7085 7224 8326 8330 8331 8333 8352 8353
16 1334 4473 4474 4475 4538 4555 4558 7522 7523 9248 9249 9254 9257 9258 9259 9293
3 1335 5020 5021
23 1337 9635 9636 9638 9690 9691 9806 9807 9811 9812 9815 9816 9820 9821 9822 9823 9875 9879 9888 9891 9896 9899 9900
3 1352 2408 2434
1 1357
7 1358 2227 3025 3027 3028 3047 3071
4 1368 1383 2472 2481
5 1371 1592 1606 3231 4339
4 1379 4441 4460 4461
2 1384 7533
2 1386 1396
1 1397
4 1398 1403 3234 3237
5 1407 1408 1413 2568 2626
2 1419 1449
3 1421 1429 1446
5 1438 5245 5246 5252 5255
3 1439 2404 2483
22 1448 1450 3242 3243 3249 3250 3253 4469 4470 4471 4487 4489 4491 4958 4968 6140 6244 6247 6252 6256 6261 6269
4 1451 2271 3602 3653
6 1458 2513 2546 2547 2548 2571
1 1474
6 1476 5036 5037 5102 5106 5107
2 1477 1509
12 1481 7857 8356 8357 8369 8388 8663 8664 8942 8980 8982 8986
15 1483 1620 1636 2631 2639 4693 4776 4777 4780 9360 9362 9363 9364 9376 9377
1 1486
10 1488 3916 4803 4805 4806 5951 5958 6044 6054 6055
2 1489 1815
2 1495 3083
3 1496 2660 3717
1 1503
3 1506 8791 8792
3 1510 7904 8810
2 1511 2668
5 1515 1530 2707 2715 2716
7 1517 3256 3257 9046 9076 9077 9080
1 1518
3 1524 1575 1576
2 1526 1637
5 1534 6307 6309 6310 6311
9 1535 2720 2728 2730 2741 2870 2871 8103 8105
1 1538
5 1542 1546 9583 9585 9586
3 1549 1553 1820
2 1552 2978
2 1556 1559
5 1562 1572 1573 1574 1583
3 1563 4997 4998
13 1570 9409 9412 9413 9416 9420 9421 9424 9426 9434 9435 9436 9438
13 1581 3937 3941 3966 6302 6312 6315 6328 6333 6788 6836 6840 9620
6 1584 3379 3396 3398 3419 3530
6 1585 1883 1885 2583 2586 2587
6 1587 1588 1612 1633 9640 9643
1 1594
2 1595 1601
14 1599 1609 1639 1640 5189 5194 5535 5539 5578 5580 5587 5589 9682 9768
2 1604 1648
4 1610 1650 1654 5033
1 1615
12 1617 8638 8649 8661 8674 8676 8697 8703 8755 8756 8757 8771
4 1622 1723 1764 1765
