65 0 2 3 4 5 6 18 19 20 41 67 69 70 71 72 75 1605 1615 1666 1667 1671 1672 1688 1689 1690 1716 1729 1732 1735 1736 1737 1738 1764 1765 1766 3043 3044 3045 3055 3058 3059 3069 3071 3072 3083 3085 3087 3089 3092 3095 3097 3098 3104 3105 3106 3123 3124 3125 3126 3128 3131 3136 3137 3138 3143
41 1 8 23 24 102 103 111 112 114 116 120 149 153 154 162 166 201 202 244 246 247 250 251 279 280 281 282 315 316 320 321 323 325 327 328 329 333 334 335 337 341
57 7 31 82 83 84 87 88 92 94 95 96 99 100 101 106 107 108 109 110 113 137 138 139 140 141 143 151 168 171 172 211 213 216 218 220 221 222 223 227 228 229 231 236 237 238 240 354 359 362 410 412 413 414 416 417 418 419
12 9 13 14 17 33 34 37 58 60 61 62 63
78 10 53 54 56 57 64 65 179 184 187 188 189 190 193 196 206 243 245 252 254 260 265 364 365 367 370 371 376 382 384 386 390 454 455 457 458 461 465 466 467 474 476 477 480 486 491 509 512 515 516 521 523 524 529 530 531 1106 1121 1122 1123 1124 1125 1126 1128 1131 1133 1134 1135 1136 1149 1150 1170 1171 1172 1174 1175 1176 1177
56 11 132 133 147 148 173 174 175 177 178 198 204 205 309 310 313 318 330 331 332 336 338 340 497 537 564 566 582 9093 9095 9096 9097 9098 9100 9114 9117 9119 9121 9122 9123 9124 9126 9127 9128 9130 9132 9135 9136 9137 9144 9145 9146 9147 9148 9153 9154
151 12 375 378 540 541 542 551 552 553 554 555 557 558 559 562 567 568 569 570 572 573 589 590 591 593 594 596 597 598 599 602 603 606 609 612 613 614 615 616 643 646 650 657 663 667 669 674 675 676 679 680 683 684 685 686 687 688 689 690 691 692 696 700 702 703 704 705 708 709 711 762 763 765 770 771 772 775 777 778 780 782 785 787 794 795 796 939 941 942 943 944 946 1003 1006 1009 1011 1012 1016 1017 1018 1022 1023 1024 1025 1026 1036 1037 1038 1039 1041 1042 1044 1046 1048 1050 1055 1056 1059 1060 1061 1072 1073 1074 1075 1077 1090 1093 1095 1097 1101 1102 1103 1104 1107 1112 1142 1143 1144 1147 1151 1152 1153 1161 1163 1164 1168 1169 1178 1179 1180 1185
39 15 16 21 27 28 45 46 50 268 272 287 724 725 732 733 736 737 744 751 752 754 757 759 768 769 834 835 836 851 852 884 887 889 932 933 936 963 968 969
56 22 29 298 307 342 344 405 407 427 441 444 450 452 453 485 493 494 495 508 518 1187 1189 1190 1193 1194 1195 1201 1212 1485 1487 1488 1489 1490 1491 1492 1493 1494 1495 1497 1499 1500 1502 1507 1509 1515 1516 1517 1518 1522 1589 1595 1596 2476 2481 2506 2507
11 25 583 585 586 587 617 956 957 958 967 973
128 26 30 38 40 42 43 48 78 79 856 879 880 883 885 898 902 905 913 914 915 917 922 924 927 929 930 931 934 935 947 955 974 977 1361 1375 1376 1378 1382 1383 1387 1388 1391 1392 1397 1786 1801 1807 1808 1809 1810 1811 1817 1818 1819 1820 1831 1832 1833 1834 1846 1847 1852 1853 1854 1857 1859 1860 1863 1864 1882 1883 1884 1885 1886 1888 1889 1890 1891 1904 1905 1909 1910 1915 1917 1918 1921 3022 3027 3028 3029 3031 3032 3050 3051 3052 3065 3076 3077 3081 3099 3100 3102 3110 3112 3118 3119 3120 3147 3148 3153 3154 3170 3171 3172 3173 3186 3187 3188 3429 3430 3432 3434 3435 3437 3440 3441 3443 3444
3 32 81 85
25 35 52 121 1222 1223 1225 1226 1229 1230 1231 1232 1235 1262 1264 1265 1267 1268 2006 2007 2055 2058 2059 2073 2081 2084
4 36 59 77 697
5 39 90 91 93 98
87 44 483 488 543 588 619 621 994 995 996 998 1000 1001 1296 1310 1312 1313 1319 1324 1327 1400 1401 1404 1414 1415 1416 1417 1418 1421 1422 1423 1424 1426 1427 1428 1465 1466 1467 1469 1470 1478 1480 1482 1503 1784 1785 1787 1788 1789 1793 2763 2764 2780 2781 2806 2808 2811 2812 2814 2823 2824 2827 2832 2833 2835 2837 2839 2840 2841 2842 2843 2845 2846 2847 2848 2857 2859 2860 2861 2864 2865 2868 2872 2875 2877 2878 2879
38 47 1241 1243 1244 1245 1246 1251 1260 1261 1269 1270 1284 1286 1293 1294 1295 1315 1431 1432 1434 1435 1436 1438 1440 1441 1443 1452 1454 1572 1573 1574 1575 1576 1580 1616 1618 1619 1627
53 49 55 122 131 208 209 210 241 242 471 503 2138 2139 2140 2141 2143 2145 2146 2147 2148 2149 4463 4464 4465 4466 4467 4468 4469 4470 4471 4472 4473 4474 4476 4477 4478 4480 4481 4482 4483 4484 4488 4494 4495 4496 4497 4499 4500 4502 7854 7883 7884 7885
153 51 86 126 4037 4133 4140 4142 4143 4153 4155 4164 4173 4174 4175 4178 4179 4180 4181 4183 4184 4185 4186 4187 4188 4899 4901 6722 6723 6724 6726 6727 6729 6730 6747 6748 6749 6751 6768 6770 6771 6772 6775 6776 6798 6802 6804 7825 7826 7832 7833 7834 7837 7968 7978 7997 8083 8084 8089 8092 8112 8114 9256 9258 9259 9263 9264 9266 9269 9271 9275 9281 9283 9284 9285 9290 9291 9300 9303 9306 9309 9310 9313 9314 9317 9318 9321 9322 9325 9329 9330 9338 9339 9340 9341 9343 9653 9655 9656 9662 9663 9665 9666 9667 9672 9674 9684 9686 9701 9708 9712 9713 9717 9726 9729 9731 9742 9743 9745 9746 9754 9755 9756 9757 9758 9762 9763 9764 9765 9772 9773 9774 9791 9792 9793 9795 9796 9797 9798 9800 9801 9810 9814 9815 9816 9817 9818 9820 9821 9822 9823 9824 9826 9827
43 66 130 134 135 150 152 155 295 296 693 695 805 808 813 814 840 843 1280 1282 1283 1285 1288 1351 1353 1356 1357 1358 1359 1360 1362 1366 1381 1398 1399 1952 1954 1979 1980 1982 1983 1984 1987 1993
61 68 73 74 124 3872 3882 3883 3884 3895 3899 3900 3902 3903 3904 3907 3908 3909 3911 3912 3914 3915 3916 3917 3918 4019 4021 4023 4024 4032 4034 4035 4040 4042 4069 4070 4073 4079 4080 4081 4082 4083 4086 4093 4094 4095 4097 4101 4102 4105 4117 4118 4119 4120 4122 4123 4124 4125 4127 4128 4129 4131
34 76 128 129 642 652 1279 1338 1345 1995 1998 1999 2000 2001 2002 2009 2010 2011 2013 2014 2016 2251 2252 2254 5610 5611 5613 5614 5621 5658 5659 5660 5671 5673 5674
7 80 117 125 203 215 219 233
28 89 97 263 264 275 276 277 2101 2102 2112 2113 2120 2121 2123 2166 2167 2168 2169 2170 2183 2186 2187 2189 2208 2209 2210 2211 2217
9 104 469 1275 1276 1277 1430 1437 1444 1445
32 105 1456 1458 1462 1463 1477 1483 1506 1512 1513 1520 1523 1526 1527 1554 1555 1558 1559 2222 2223 2224 2225 2228 2229 2233 2237 2239 2241 2242 2245 2247 2249
26 115 259 262 1565 1571 1578 1579 1581 1585 1587 1588 1591 1602 1603 1604 1606 1614 1617 1628 1639 1640 1642 1644 1645 1646 1648
104 118 400 403 428 431 434 436 437 440 442 1561 1629 1705 1707 1708 1709 1712 1713 1717 1718 1756 1757 1758 1759 1760 1761 1769 1770 1771 1774 1775 1794 1795 1796 1800 1824 1825 1840 1841 1879 1894 1896 1897 1898 1901 1922 1923 1926 1927 1929 1931 1933 1935 1936 1940 1942 1943 1976 1977 2019 2020 2024 2025 2039 2040 2041 2093 2200 2205 2207 2214 2220 2221 2230 2231 2263 2264 2268 2280 2284 2294 2299 2302 2309 2313 2314 2316 2318 2319 2321 2323 2325 2326 2327 2328 2330 2331 2332 2333 2334 2335 2336 2337 2338
3 119 2450 2451
91 123 285 300 304 305 349 823 853 854 855 857 992 993 997 1002 1007 1008 1019 1156 1206 1207 1208 1214 1215 1221 1233 1236 1237 2407 2413 2416 2417 2418 2419 2421 2437 2438 2439 2440 2441 2464 2467 2519 2520 2525 2526 2527 2528 5101 5112 5113 5114 5117 5118 5119 5120 5126 5127 5128 5130 5131 5139 5142 5143 5145 5146 5147 5148 5149 5150 5153 5154 5157 5159 5162 5163 5164 5171 5173 5184 5191 5192 5194 5197 5198 5200 5201 5203 5206 5207 5208
80 127 2510 2533 2545 2548 2552 2554 2556 2571 2581 2582 2584 2585 2594 2612 2614 2616 2625 2626 2632 2635 2636 2637 2638 2640 2641 2645 2647 2650 2653 2655 2656 2657 2662 2664 2665 2666 2668 2743 2746 2747 2748 2749 2753 2754 2755 2756 2757 2759 2760 2761 2762 2765 2766 2768 2770 2772 2773 2788 2791 4667 4668 4669 4673 4674 4677 4678 6367 6369 6370 6372 6376 6377 6382 6383 6386 6387 6388 6390 6413
14 136 363 368 2508 2509 2511 2512 2513 2515 2516 2674 2676 2679 2681
30 142 622 634 1659 1661 1663 1678 2716 2728 2729 2742 2751 2752 2758 2767 2769 2771 2774 2775 2777 2778 2896 2898 2911 2913 2915 2922 2923 2924 2925
29 144 146 723 755 756 774 790 791 793 798 800 801 802 811 812 816 818 2060 2062 2063 2067 2929 2930 2931 2934 2942 3583 3593 3595
16 145 2711 2712 2713 2714 2717 2718 2796 2967 2971 2972 2974 2978 2986 2987 2994
81 156 157 350 351 877 878 881 890 988 989 1020 1021 1027 3003 3006 3016 3017 3030 3194 3196 3201 3202 3207 3216 3217 3219 3220 3222 3224 3225 3226 3257 3260 3261 3262 3265 3266 3267 3268 3270 3273 3274 3277 3280 3281 3282 3287 3288 3289 3291 3293 3294 3297 3298 3299 3301 3303 3304 3305 3315 3317 3318 3319 3322 3323 3325 3328 3331 3334 3462 3463 3464 3465 3466 3467 3490 3491 3492 3493 3503 3504
47 158 159 161 164 167 169 393 395 396 2672 2673 2677 2678 3507 3508 3510 3524 3526 3527 3537 3542 3543 3544 3545 3547 3555 3654 3656 3657 3659 3660 3661 3677 3681 3682 3683 3684 3686 3689 3696 3697 3700 3701 3702 3704 3705 3708
32 160 1703 1739 3717 3725 3728 3729 3732 3740 3742 3744 3745 3746 3747 3751 3753 3755 3756 3757 3758 3788 3793 3794 3797 3800 3811 3813 3814 3815 3816 3817 3818
25 163 180 460 462 463 631 741 746 748 1238 1239 1240 1253 1255 2684 2686 2687 2688 2694 2704 2710 2715 2720 2721 2894
39 165 848 860 2926 2958 2959 3379 3381 3856 3857 4378 4379 4380 4381 4386 4389 4391 4394 4395 4397 4398 4399 4401 4402 4403 4420 4421 4422 4446 4447 4448 4450 4451 4458 4459 4507 4508 4512 4576
40 170 182 183 459 1553 1560 1562 1563 1633 1698 1699 1740 1741 1742 1743 1744 1747 1748 1750 1751 1753 1754 1779 1780 1782 1812 2047 2048 2049 2050 2051 2054 2458 2472 2473 2488 2491 2503 2517 2518
132 176 862 863 867 983 1945 1947 2274 2277 2286 2289 2290 2292 2293 2295 2296 3869 3870 4267 4278 4279 4280 4284 4286 4287 4288 4290 4291 4305 4309 4310 4313 4314 4315 4316 4317 4318 4319 4326 4335 4337 4356 4357 4359 4362 4365 4375 4376 4377 4382 4383 4412 4521 4522 4523 4524 4525 4528 4531 4546 4547 4550 4552 4553 4554 4557 4558 4560 4561 4564 4566 4567 4568 4569 4571 4583 4584 4590 4597 4598 4599 4603 4604 4606 4607 4608 4612 4613 4621 4622 4623 4626 4627 4629 4630 4631 4645 4652 4653 4654 4657 4658 4660 4661 4662 4663 4682 4698 4699 4700 4711 4712 4756 4757 4758 4759 4760 4761 4765 4766 4767 4871 4941 4944 4945 4946 4953 4954 4957 4958 4959 4962
41 181 3369 3371 3383 3384 3385 3386 8517 8520 8524 8533 8534 8536 8537 8539 8579 8580 8582 8589 8594 8595 8596 8632 8653 8654 8655 8656 8661 8663 8664 8670 8764 8765 8767 8769 8770 8781 8782 8785 8795 8799
49 185 186 1273 1314 1317 1318 2130 2133 2152 2153 2156 2157 3861 3864 3873 3874 3877 3878 3879 3881 3885 3901 4907 4913 4925 4926 4928 4929 4930 4931 4932 4934 4935 4936 4937 4938 4940 4994 4995 5008 5009 5012 5013 5021 5091 5099 5175 5176 5178
22 191 192 2601 2602 2607 2608 2609 2610 2611 5233 5234 5242 5244 5245 5246 5247 5248 5249 5250 5253 5254 5255
8 194 195 2273 3392 3393 3395 3397 3399
68 197 2198 2199 2341 2350 2352 2353 2354 2358 2359 2360 2376 2391 2392 2445 2453 2463 2469 2470 2471 2493 3858 3859 3926 3930 3934 3937 3938 3943 3947 3948 3950 3951 3952 8071 8072 8073 8074 8075 8076 8079 8080 8082 8085 8087 8093 8095 8097 8098 8104 8105 8106 8110 8128 8129 8130 8131 8132 8135 8137 8140 8141 8142 8143 8144 8146 8149 8151
13 199 257 269 1726 1728 2621 2701 2702 2703 3210 3211 3215 3227
12 200 234 448 3559 3564 3566 3567 3568 3575 3576 3579 3580
16 207 212 5219 5222 5224 5226 5228 5229 5231 5259 5263 5265 5268 5270 5272 5273
110 214 472 482 484 490 576 577 578 5403 5405 5408 5413 5415 5419 5423 5424 5425 5426 5427 5429 5430 5446 5448 5449 5452 5472 5473 5510 5513 5521 5522 5523 5524 5525 5526 5530 5531 5534 5535 5536 5538 5542 5543 5566 5567 5568 5570 5571 5578 5579 5580 5581 5583 5584 5585 5586 5626 5629 5630 5635 5775 5778 5779 5808 5809 5817 5819 5827 5828 5830 5831 5832 5833 5835 5836 5839 5842 5844 5865 5866 5870 5874 5877 5878 5879 5880 5883 5884 5886 5887 5888 5893 5895 5896 5898 5899 5900 5901 5902 5905 5906 5907 5910 5911 5912 5913 5914 5915 5920 5921
4 217 1138 1148 1154
43 224 5336 5338 5340 5344 5352 5356 5358 5363 5373 5375 5492 5495 5496 5499 5502 5504 5506 5507 5509 5514 5515 5519 5520 5527 5681 6679 6689 6694 6702 6707 6708 6709 6711 6712 6713 6720 6721 6732 6734 6736 6737 7021
64 225 299 507 510 511 5303 5304 5310 5311 5313 5315 5319 5322 5323 5324 5325 5326 5327 5330 5331 5332 5335 5361 6452 6454 6455 6462 6465 6487 6489 6501 6502 6505 6506 6507 6508 6509 6510 6514 6516 6517 6522 6523 6524 6531 6534 6545 6548 6551 6552 6553 6555 6558 6562 6563 6564 6568 6569 6586 6589 6597 6598 6613 6614
78 226 716 730 3633 3990 3991 3992 3993 4006 4009 4010 4011 4012 4018 4020 4194 4195 4196 4197 4201 4204 4205 4206 4210 4212 4213 4215 4218 4220 4224 4227 4228 4236 4237 4244 4246 4247 4249 4250 4251 4252 4253 4262 4263 4264 4266 4268 4697 4701 4703 4704 4715 4716 4717 4718 4719 4723 4728 4729 4731 4746 4834 4836 4837 4839 4842 4845 4846 4848 4849 4851 4852 4853 4856 4859 4860 4875 5987
5 230 271 273 274 519
22 232 235 3456 3460 3461 3472 5948 5951 5954 5955 5957 5963 5967 5968 5969 5970 6359 6360 6395 6397 6401 6405
25 239 308 314 317 1813 1814 1815 2539 2541 2543 2557 2558 2559 2793 2794 2795 2798 2803 2804 3651 3658 3664 3711 3712 3769
125 248 662 673 698 699 2195 2196 2393 2997 2999 3612 3613 3622 3623 3624 3630 3631 3632 3635 3638 3639 3643 3644 3645 5999 6000 6004 6008 6056 6057 6058 6062 6063 6066 6073 6074 6105 6108 6111 6115 6117 6119 6122 6126 6133 6250 6251 6252 6255 6256 6257 6258 6259 6262 6263 6264 6271 7446 7448 7449 7450 7451 7453 7465 7466 7468 7471 7487 7488 7490 7491 7493 7495 7498 7500 7501 7504 7505 7506 7508 7513 7514 7515 7516 7517 7531 7532 7535 7536 7538 7539 7540 9017 9019 9021 9026 9031 9032 9035 9038 9039 9040 9044 9047 9050 9052 9053 9054 9055 9056 9057 9059 9061 9062 9068 9070 9078 9079 9080 9090 9092 9099 9108 9113 9163
41 249 381 847 1119 3007 3012 3036 3038 5784 5786 5792 5797 5798 5799 5813 5838 5843 5846 5847 5848 5851 6302 6304 6305 6315 6316 6326 6328 6330 6331 6332 6341 6342 6343 6349 6351 6353 6354 6355 6362 6371
12 253 3650 3663 5393 5394 5395 5397 5398 6435 6437 6438 6441
22 255 738 740 745 749 3151 3152 3155 3156 3158 3160 3161 3838 3841 3842 3848 3964 3965 3967 3968 3970 6422
42 256 258 278 513 520 1540 4892 4895 4966 4967 4968 4972 4974 4975 4976 4982 4984 5006 5007 6418 6419 6420 6425 6426 6428 6429 6430 6431 6599 6600 6601 6603 6604 6609 6610 6611 6617 6620 6621 6623 6624 6627
2 261 283
91 266 284 1681 1683 1684 1693 1694 1701 1706 1720 1803 1804 1805 1806 1822 1826 1827 1874 3359 3367 3370 3374 3391 3396 3398 3400 3402 3403 7011 7012 7017 7026 7027 7028 7029 7041 7043 7044 7045 7046 7047 7048 7051 7058 7059 7060 7062 7063 7091 7092 7097 7098 7099 7102 7103 7105 7108 7109 7110 7112 7114 7115 7116 7117 7119 7131 7132 7133 7134 8965 8970 8971 8972 8976 8977 8978 8983 8986 8992 8994 9000 9013 9014 9015 9171 9182 9185 9186 9188 9203 9204
22 267 1951 2617 2618 3168 3985 4343 4348 4349 4350 4353 6642 6656 6886 6889 6890 6892 6893 6895 6896 6897 6898
9 270 534 535 1066 1067 1068 1078 2100 2103
26 286 288 297 544 547 6930 6932 6933 6934 6939 6944 6945 6946 6948 6949 6950 6951 6952 7140 7142 7143 7145 7153 7548 7551 7559
19 289 302 581 4436 4437 7069 7071 7073 7083 7086 7088 7090 7137 7138 7139 7158 7159 7161 7162
24 290 319 326 1080 1081 1082 1085 1088 1092 1108 2816 2819 3175 3176 3177 3178 3180 3181 3182 3183 3184 3189 3230 3232
27 291 294 306 311 345 372 2591 2593 2596 2597 2912 2916 2917 2921 2927 3310 3311 3554 7184 7185 7186 7187 7196 7199 7204 7208 7215
9 292 449 635 639 641 5480 5484 5485 5486
7 293 2568 2577 2578 2579 2587 7326
20 301 357 358 360 399 3343 3346 3347 3348 3349 5376 5377 5378 5381 5383 5384 5385 5388 5389 5392
19 303 654 655 5643 5645 5646 5649 5677 5693 5694 5695 5700 5702 5712 5943 5947 5960 6206 6207
36 312 3414 3415 3416 3418 3421 5479 5487 5488 5491 5714 5715 5743 5752 5758 5760 5762 5763 5764 5769 5771 5772 5773 5780 5918 5936 5941 5942 5944 5945 5946 5982 5984 5985 5986 5988
3 322 468 470
5 324 715 718 720 722
25 339 501 4917 4918 4921 4922 4923 6228 6230 6231 6232 6240 7395 7397 7398 7404 7405 7406 7407 7408 7409 7410 7412 7413 7417
7 343 346 2957 7650 7651 7652 7688
34 347 3478 3501 3505 3506 3509 3515 3516 3517 8373 8377 8378 8379 8385 8845 8847 8848 8850 8851 8852 8855 8857 8859 8864 8865 8866 8868 8872 8873 8875 8876 8878 8880 8887
32 348 1111 1113 1114 1116 1137 1159 2038 2042 2044 2045 2064 2065 3586 3587 3590 3591 3602 3608 3609 3610 3611 3614 3709 3710 4588 4591 4593 4686 4687 4688 4747
12 352 353 408 415 3999 4005 4013 4052 4053 4054 4057 4058
4 355 1211 6010 6014
51 356 373 421 423 2963 2964 3777 3778 3782 3783 3784 3786 3801 3802 3804 3805 3824 3827 3828 3831 3832 3833 3834 3835 3836 3837 3846 3847 3851 3852 3860 3862 3945 3955 3957 6024 6025 6028 6034 6039 6046 6049 6050 6053 6077 6088 9898 9899 9900 9905 9914
40 361 981 1033 1272 1300 1301 1303 1304 1305 3998 4099 4100 4104 4106 4108 4112 4113 4114 4115 4116 4126 4130 4132 4138 4425 4427 4429 4439 4514 4515 4516 7195 7198 7217 7222 7223 7257 7258 7259 7260
14 366 2190 2883 4748 4749 4750 4752 4776 4777 4779 4781 4786 4787 4789
11 369 728 1446 5081 5082 5083 5089 5186 5187 5190 5211
9 374 2985 6282 6283 6284 6285 6292 6293 6301
14 377 379 776 2086 2088 4832 7307 7308 7309 7310 7311 7314 7340 7341
19 380 383 385 389 397 398 1347 4813 4815 4816 4829 4831 4833 4841 5053 5054 8263 8264 8265
48 387 429 430 532 539 600 629 632 3529 7377 7381 7382 7383 7385 7387 7388 7389 7394 7399 7583 7591 7600 7605 7606 7607 7610 7613 7614 7615 7616 7633 7634 7637 7638 7639 7640 7653 7654 7714 7732 7733 7736 7748 7749 7751 7752 7753 7756
96 388 1364 1365 1367 7783 7785 7787 7788 7889 7891 7892 7900 7980 7981 7982 7983 7984 7985 7987 7989 7990 7991 8015 8018 8024 8030 8039 8040 8041 8045 8047 8048 8053 8054 8058 8115 8118 8119 8123 8125 8126 8134 8136 8152 8154 8155 8156 8162 8163 8166 8167 8187 8205 8206 8207 8208 8212 8218 8219 8221 8222 8224 8226 8229 8231 8232 8233 8234 8235 8236 8239 8240 8253 8255 8257 8258 8259 8266 8267 8268 8279 8284 8285 8286 8287 8292 8293 8294 8295 8296 8297 8298 8302 8304 8306 8307
4 391 445 446 447
26 392 499 502 505 871 873 875 1411 1413 1472 1473 6841 6843 8924 8927 8928 9249 9250 9253 9289 9292 9294 9333 9334 9335 9346
10 394 527 550 565 575 5055 5056 5061 5064 5065
39 401 2965 2966 2970 2976 5069 5070 5071 5072 5075 5077 5078 5100 5102 5105 5106 5109 5110 5528 5529 5532 5533 5537 5539 5541 5545 5546 5548 6155 6156 6157 6958 6961 6962 6965 6966 6968 6973 6974
15 402 404 409 498 506 2993 2995 2996 2998 3001 3009 3011 3019 3020 3024
22 406 758 822 825 9385 9386 9393 9394 9395 9396 9397 9399 9401 9405 9409 9412 9413 9414 9415 9416 9417 9418
1 411
22 420 526 528 536 1339 1340 1341 1377 1380 1384 2215 8308 8319 8329 8331 8344 8345 8346 8347 8348 8349 8351
40 422 425 438 1474 5558 5565 5572 5590 5592 5594 5596 5598 5599 5605 5606 5618 8358 8359 8362 8366 8367 8370 8371 8372 8374 8411 8413 8414 8420 8421 8423 8425 8428 8430 8437 8438 8439 8441 8442 8443
42 424 1475 3122 3132 3140 3174 3198 3199 3204 3205 3206 3309 3352 3479 3481 3483 3488 3489 3495 3497 3522 6139 6143 6145 6146 6149 7762 7764 7780 7791 7807 7850 8449 8450 8451 8459 8463 8464 8467 8468 8469 8470
28 426 5863 5864 5931 5932 5939 5940 5958 5962 5973 5974 5977 5989 5992 6021 6022 6183 6186 6187 6188 6191 6192 6195 6200 6201 6212 6213 6216
49 432 433 1963 1964 1965 1966 3411 3412 3413 3423 3424 3671 3672 3674 3675 3676 3716 3718 3721 3722 3723 3730 3731 3734 6340 6344 6348 6350 6374 6375 6379 6380 6381 6394 6408 6469 6470 6471 6473 6474 6475 6476 6477 6492 6496 9574 9575 9576 9577
8 435 456 560 580 838 839 841 845
13 439 8610 8612 8617 8619 8625 8627 8628 8631 9547 9548 9550 9556
36 443 561 7000 7001 7003 7004 7172 7174 7303 7342 7345 7346 7347 7348 9629 9630 9632 9633 9635 9636 9637 9643 9887 9888 9889 9890 9891 9893 9896 9902 9904 9915 9916 9950 9956 9958
5 451 6633 7575 7576 7577
29 464 5280 8686 8687 8689 8690 8699 8700 8701 8702 8705 8706 8712 8718 8719 8723 8724 8725 8726 8727 8728 8729 8749 8750 8755 8756 8757 8761 8771
12 473 605 610 623 809 5552 5553 5554 5640 5642 5651 5666
2 475 870
29 478 1529 3773 3866 3867 3868 8251 8252 8271 8288 8305 8355 8356 8357 8398 8399 8401 8402 8496 8506 8507 8511 8512 8514 8675 8677 8680 8681 8682
5 479 481 1530 1531 1533
2 487 496
68 489 563 574 8621 8622 8672 8683 8772 8775 8776 8822 8823 8838 8889 8890 8891 8893 8901 8902 8903 8904 8905 8907 8908 8912 8914 8915 8917 8918 9349 9359 9360 9361 9362 9364 9365 9366 9367 9368 9369 9376 9377 9428 9429 9431 9471 9474 9476 9488 9489 9490 9491 9493 9507 9508 9515 9516 9517 9521 9525 9533 9536 9538 9539 9543 9545 9554 9555
11 492 907 912 1636 1647 1649 1657 1658 2378 2379 2388
26 500 1675 1676 1680 1685 3528 3532 3533 3534 3535 3551 3552 3560 3562 3569 3584 3592 3594 3600 3690 3699 3763 3764 3765 3766 3767
5 504 595 1986 1988 1990
5 514 938 1120 1162 3116
6 517 5925 5926 5930 9557 9558
2 522 819
28 525 627 628 897 3404 9464 9465 9466 9467 9469 9472 9518 9540 9541 9559 9562 9568 9569 9571 9572 9585 9586 9592 9593 9594 9595 9596 9600
12 533 978 6174 6175 6180 6181 6273 6274 6275 6276 6278 6279
30 538 1537 1539 1541 1543 6247 6300 6303 6874 6875 6876 6877 6883 6988 6998 7005 7007 7009 7019 7034 7038 7039 7040 7050 9830 9831 9832 9833 9834 9847
23 545 633 1250 1254 4810 4882 4885 4886 4887 4888 4891 4893 4897 9615 9959 9962 9981 9983 9984 9985 9986 9987 9995
18 546 636 644 653 658 2033 2034 2035 2098 2099 9848 9850 9853 9854 9855 9857 9858 9860
36 548 579 3451 6827 6832 6846 6849 6850 6851 6857 6859 6862 6863 6870 6871 6872 6878 6879 6880 6907 6910 6913 6982 6983 6984 6989 6992 6993 6995 6996 7022 7023 7033 7052 7065 7066
21 549 2109 3974 3975 3976 4016 4046 4048 4049 4050 4051 4060 4061 4160 4167 4191 4207 4211 4225 4232 4235
4 556 7543 7544 7568
13 571 601 604 1600 1608 1609 1613 2125 2158 2159 2172 2430 2431
13 584 729 1035 1040 1051 1052 1053 1054 1181 9237 9247 9254 9255
1 592
15 607 4340 4342 4540 9628 9634 9641 9642 9646 9647 9690 9692 9693 9699 9700
24 608 2270 2271 2272 2279 2281 2285 4572 4573 4574 4575 4577 4579 4580 6631 6662 6785 6786 6789 6792 6794 6795 6800 6806
23 611 1407 1408 1409 1410 1447 4898 4902 4904 4905 5724 5725 5860 5861 5862 5867 5871 5904 5909 5917 5919 5922 6055
9 618 1844 2303 2304 2305 2306 9619 9620 9645
5 620 645 1464 7363 7364
1 624
18 625 630 638 8571 8572 8573 8575 8576 8604 8605 8606 8607 8608 8620 8624 8630 8634 8636
6 626 640 5022 5023 5025 5050
4 637 9874 9876 9882
1 647
6 648 701 706 707 2219 2291
15 649 1870 1914 1932 1938 1939 6811 6812 6813 6814 6815 6816 6819 6820 6823
5 651 7189 7191 7192 7362
35 656 659 661 7476 7480 7483 7485 7486 7510 7511 7512 7569 7570 7578 7582 7588 7597 7604 7673 7674 7675 7676 7680 7681 7683 7696 7699 7700 7703 7704 7705 7925 7927 7930 7965
10 660 666 670 727 2340 4636 4637 4641 4642 4643
6 664 1034 1069 1070 1198 1199
32 665 671 672 2432 2433 2442 2443 5444 5454 5455 5456 5458 5471 7959 7976 7977 8010 8020 8021 8022 8023 8034 8060 8198 8199 8202 8471 8472 8473 8476 8478 8479
29 668 3963 3972 3973 4028 4029 5232 5741 5742 5744 5749 5750 5751 5754 5765 5820 5854 5858 5892 5937 7438 7440 7442 7443 7444 7445 7464 7473 7474
11 677 7164 7274 7275 7277 7278 7279 7280 7432 7434 7435
2 678 694
8 681 682 710 827 2897 2908 2910 2936
17 712 4159 4243 4257 8189 8190 8191 8192 8197 8542 8557 8561 8562 8565 8566 8567 8731
10 713 1209 8947 8953 9166 9167 9189 9190 9191 9192
4 714 8806 8810 9607
13 717 6825 7068 7070 7076 7078 7079 7122 7124 7125 7176 7177 7178
15 719 721 734 750 760 761 2403 2404 2409 2410 2412 2422 6528 6535 6537
3 726 735 5284
5 731 7874 7878 7881 7886
8 739 804 807 2427 6166 6167 6169 9604
5 742 2365 2366 4790 5410
4 743 830 1866 1868
18 747 766 767 4066 4067 4071 4074 4109 4145 4147 4156 4157 4172 4176 5475 5476 5477 5517
7 753 831 1259 1263 8751 8752 8753
1 764
7 773 779 781 876 4996 4997 4998
7 783 5669 5670 5675 5676 5689 5690
15 784 797 2500 2501 7179 7180 7181 7188 7190 7197 7228 7229 7230 7231 7246
10 786 2563 2564 2580 2589 2595 2603 2604 2605 2623
1 788
3 789 815 1289
8 792 810 820 821 6079 6080 6539 6542
13 799 920 1292 1331 5215 9869 9935 9943 9944 9953 9964 9965 9968
18 803 1948 1949 3047 3090 3094 3109 3121 3141 6544 6559 6565 6566 6567 6570 6571 6572 6573
5 806 8779 8801 8802 8816
7 817 826 6081 6084 6087 6093 6094
1 824
4 828 5705 5706 5707
2 829 2494
11 832 899 901 909 954 1336 1957 6824 6826 6829 6833
3 833 846 849
15 837 844 1623 1959 1960 1969 1970 2110 2117 4543 4544 4555 4563 4694 4695
16 842 2096 2097 2104 6657 6658 6659 7267 7268 7269 7273 7281 7359 7360 7372 7414
3 850 861 1079
2 858 960
4 859 7421 7423 7424
6 864 2505 7692 7694 7695 7697
2 865 1071
16 866 1354 1371 1372 6101 6130 6131 6134 6136 7761 7766 7767 7768 7770 7773 7774
2 868 966
1 869
4 872 987 1004 1010
5 874 882 9442 9443 9444
3 886 925 953
13 888 971 972 1076 1086 5400 5401 5409 5417 5431 5462 5463 5549
6 891 9605 9609 9611 9612 9613
8 892 7776 7779 7781 7782 7784 7786 7805
6 893 1166 1210 1213 2174 6202
2 894 7908
5 895 1457 1568 1569 2530
2 896 900
9 903 2004 2018 2021 2027 2028 2029 2192 2537
18 904 2079 6072 6098 6099 6102 6103 7290 7292 7298 7299 7301 7354 7431 7441 7447 7482 7492
13 906 910 911 1247 1248 1290 1316 8185 8186 8188 8309 8310 8317
8 908 926 948 6222 8963 8967 8974 8979
7 916 1405 1461 1471 2425 2428 2444
29 918 1524 1538 7706 7707 7708 7709 7710 7712 7715 7717 9194 9196 9197 9202 9205 9216 9217 9218 9223 9224 9225 9231 9233 9234 9276 9287 9288 9293
6 919 923 2339 2342 2362 2561
2 921 2783
2 928 940
1 937
3 945 2805 2807
4 949 952 959 5729
1 950
1 951
15 961 965 1842 1843 3477 3487 3496 3498 7810 8541 8544 8545 8546 8547 8548
5 962 964 986 1570 6159
11 970 991 1197 1200 2888 2941 2943 2944 2949 2954 2956
5 975 1013 2320 2322 2329
2 976 2497
6 979 1028 1062 1064 1100 1105
17 980 1109 1115 9435 9436 9437 9439 9440 9445 9446 9447 9448 9456 9460 9461 9462 9463
15 982 1950 2095 8492 8493 8494 8495 8554 8832 8833 8834 8835 8836 8897 8898
2 984 1651
3 985 2502 2504
1 990
3 999 2383 7852
21 1005 6414 6416 6417 6421 6432 6444 6445 6446 6448 6451 6460 6461 6463 6464 6466 6468 6485 6486 6488 6490
2 1014 1015
2 1029 1637
4 1030 1031 5000 5002
9 1032 1342 1343 3523 3922 3923 3925 3929 3931
12 1043 2562 2566 6209 7624 7626 7656 7657 7724 7725 7727 7730
2 1045 1350
2 1047 2094
5 1049 1087 2560 2622 2630
2 1057 2105
9 1058 2682 2691 9775 9787 9789 9871 9872 9873
3 1063 2197 7934
13 1065 2724 2726 2815 2817 2821 2826 2830 2831 5721 5722 6160 6161
8 1083 1130 1139 1140 1145 1620 1624 3962
7 1084 5296 5297 5298 5299 5302 5320
3 1089 1155 6308
9 1091 1374 7914 7915 7916 7918 7919 7920 7938
3 1094 1664 1665
11 1098 1165 1167 1183 7944 7945 7952 7953 7954 8014 8180
1 1099
7 1110 6312 6313 6314 6318 6319 6320
6 1117 2546 2547 2569 2570 2572
3 1118 1202 5667
2 1127 1184
9 1129 8936 8937 8938 8939 8940 8957 8958 8959
4 1132 1205 1216 2980
14 1141 1146 1858 2644 2648 2649 2651 2660 2669 8407 8408 8748 8783 8784
25 1157 2852 2855 2856 8825 8837 8839 8884 8885 8886 8896 8899 8900 8946 8948 8950 8951 8960 8989 8990 8991 8995 8996 8999 9001
13 1158 1335 3247 3248 3254 3259 3264 3272 3275 3276 3933 4363 4364
11 1160 1186 1191 1192 1196 1203 1274 4534 4587 4589 4594
5 1173 2203 9603 9626 9698
10 1182 1510 6336 6398 6402 6403 6484 6493 6494 6498
2 1188 1638
10 1204 1217 1218 1299 1326 1348 1352 2278 2389 2400
5 1219 1328 6714 6717 9978
8 1220 1224 2695 2699 2722 2723 2792 2850
1 1227
9 1228 1468 1476 3144 3145 3146 3149 3150 3159
3 1234 3337 3355
2 1242 1393
5 1249 1687 5739 5740 5747
5 1252 3025 3026 3040 3041
3 1256 1505 1508
2 1257 1266
2 1258 1298
12 1271 1278 1302 1498 1792 1836 1845 3163 9149 9150 9151 9152
1 1281
1 1287
14 1291 3228 3231 3244 3330 3338 6674 6675 6684 6687 6688 9994 9996 9998
2 1297 9101
16 1306 1547 1549 1564 1566 1567 2457 2459 2460 3619 3620 3625 3626 7361 7366 7371
3 1307 1583 9161
2 1308 1946
3 1309 1630 1634
12 1311 7860 7863 7865 7866 7867 7868 9165 9169 9174 9175 9176
12 1320 1674 1677 1691 1692 1704 1710 3042 3046 3295 3296 6761
3 1321 1745 1762
8 1322 1329 1631 1643 1650 1722 4819 4872
1 1323
3 1325 1330 1333
3 1332 5686 9358
2 1334 3752
3 1337 9420 9423
10 1344 1528 4795 4796 4797 4799 4800 4806 5295 5365
3 1346 2876 2881
4 1349 1652 3446 3450
9 1355 4304 4306 4322 4324 6767 6773 6774 9971
1 1363
7 1368 1453 2534 2535 2536 2542 2544
1 1369
3 1370 1514 8487
2 1373 1385
5 1379 3520 3521 9382 9383
3 1386 1389 1851
2 1390 1396
2 1394 3958
2 1395 1731
3 1402 1971 1974
3 1403 3340 3345
4 1406 2066 2070 3351
9 1412 1450 3500 3512 3596 3598 3599 3615 3713
7 1419 1673 2639 3738 5668 5672 5685
3 1420 1504 2423
14 1425 1429 1459 2131 3616 3618 3628 3629 3641 3698 3703 3707 3714 4271
9 1433 1721 2136 2171 2175 2176 2178 2181 2885
2 1439 2670
3 1442 1511 2779
17 1448 1481 7811 7812 7813 7822 7823 7824 7836 7842 7844 7846 7847 7849 7851 7853 7856
1 1449
26 1451 2297 2298 2307 3377 3401 3408 3425 3426 9160 9162 9206 9345 9370 9371 9372 9378 9379 9589 9590 9598 9601 9602 9738 9739 9741
4 1455 6904 6919 6920
2 1460 1958
1 1479
1 1484
1 1486
2 1496 2962
9 1501 6975 6976 6977 6981 7869 7872 7873 7887
5 1519 1702 5210 5212 5216
5 1521 1536 2979 3236 3237
11 1525 1767 1869 9102 9732 9733 9736 9737 9740 9744 9768
3 1532 1871 1877
5 1534 7175 7182 7254 7261
6 1535 3241 3242 3243 3245 4296
7 1542 1552 3357 7304 7305 7313 7315
3 1544 1953 7524
4 1545 1670 1679 1975
5 1546 9908 9909 9911 9912
8 1548 2071 2106 2111 3362 3364 3365 4354
1 1550
1 1551
7 1556 1557 2129 2132 2182 2184 2257
4 1577 1582 4462 9977
11 1584 3455 3458 3665 3666 4414 4424 4455 4456 4457 4485
5 1586 7737 7744 7745 7746
3 1592 1593 1594
5 1597 1598 3735 3736 4793
2 1599 1601
1 1607
5 1610 1772 1783 3420 3422
3 1611 3954 3959
5 1612 1654 4239 4241 4255
