28 0 2 3 4 5 7 9 14 16 17 20 29 32 33 34 35 37 41 42 43 44 46 47 56 59 61 62 63
13 1 22 23 24 78 79 86 89 90 91 95 96 98
49 6 27 30 31 69 70 72 73 74 75 290 291 292 293 294 295 296 318 322 323 324 330 331 332 333 334 338 339 340 342 346 351 368 373 374 379 381 385 386 387 388 391 394 395 396 399 406 409 411
9 8 38 40 45 48 49 50 82 85
34 10 104 105 109 110 113 117 118 126 471 475 477 478 479 480 495 499 500 501 502 503 565 566 574 582 1150 1164 1171 1172 1176 1179 1180 1183 1185
41 11 127 131 137 138 139 142 150 151 152 153 155 157 159 160 169 175 176 187 188 189 190 191 192 201 210 213 215 216 217 219 220 221 222 225 226 227 229 230 231 233
105 12 257 259 261 262 275 276 278 282 425 427 429 431 433 434 435 436 437 439 506 520 521 522 523 524 531 1229 1230 1232 1233 1234 1235 1243 1244 1247 1248 1249 1250 1251 1270 1277 1279 1280 1281 1285 1286 1290 1291 1292 1294 1295 1303 1307 1308 1311 1314 1316 1317 1322 1323 1342 1343 1349 1352 1353 1354 1355 1360 1361 1365 1368 1369 1375 1383 1387 1388 1392 1396 1403 1405 1406 1407 1408 1409 1411 1412 1413 1414 1415 1416 1417 1418 1419 1422 1423 1424 1425 1426 1434 1435 1437 1438 1443 1444 1445
5 13 18 245 251 419
37 19 55 57 66 81 99 103 537 651 657 658 659 660 661 662 663 664 665 666 667 669 671 672 673 677 696 699 701 702 703 704 705 708 712 715 716 722
16 21 26 36 53 54 58 107 108 111 116 121 586 587 589 591 592
59 25 420 421 422 428 440 441 442 447 3947 3949 3950 3951 3952 4133 4136 4137 4138 4141 4142 4147 4148 4150 4160 4162 4164 4165 4166 4167 4168 4169 4170 4172 4173 4176 4183 4185 4186 4187 4188 5269 5363 5367 5368 5369 5370 5371 5372 5400 5402 5417 5418 6068 6072 6073 6074 6083 6086 6090
109 28 168 177 178 181 541 542 544 545 546 547 747 748 754 760 762 763 764 765 772 776 788 792 793 794 795 796 829 830 832 836 841 844 845 1480 1485 1486 1502 1503 1507 1511 1514 1518 1539 1540 1582 1585 1586 1587 1588 1589 1590 1591 1593 1594 1596 3556 3557 3558 3559 3573 3574 3576 3577 3584 3585 3586 3591 3597 3604 3605 3606 3607 3611 3612 3614 3626 3628 3629 3630 3631 3633 3643 3644 3645 3683 3684 3685 3686 3687 3713 3733 3734 3739 3741 3744 3745 3746 3747 3748 4118 4119 4120 4121 4123 4126 4129 4130 4131
41 39 80 100 123 124 2375 2376 2377 2381 2382 2383 2385 2390 2391 2392 2400 2413 2416 2417 2418 2419 2422 2432 2433 2435 2438 2440 2441 2469 2470 2472 2473 2474 2475 2476 2478 2485 2486 2487 2496 2497
38 51 101 182 183 184 185 186 200 206 287 593 594 595 598 600 601 602 603 604 608 609 610 611 612 613 621 625 626 627 628 629 630 631 632 635 638 646 647
42 52 195 371 800 801 803 805 806 855 857 863 864 869 883 884 886 888 889 907 908 909 910 911 912 913 921 923 924 925 928 929 930 934 935 940 944 948 954 956 958 968 969
116 60 68 87 102 106 128 129 397 400 402 403 404 408 412 414 417 418 443 444 446 448 723 729 730 1034 1037 1038 1039 1040 1041 1043 1044 1049 1051 1052 1054 1058 1064 1065 1071 1112 1118 1122 1123 1124 1125 1126 1127 1128 1130 1132 1133 1134 1135 1136 1456 1458 1459 1461 1462 1463 1468 1469 1471 1472 1473 1477 1479 1488 1489 1490 1491 1492 1493 1496 1497 1530 1531 1532 1533 1674 1675 1676 1677 1678 1735 1736 1739 1750 1751 1752 1753 1754 1756 1758 1759 1760 1762 1768 1769 1770 1771 1774 1775 1781 1783 1784 1785 1786 1799 1800 1801 1845 1849 1850 1851
90 64 198 199 208 209 212 1089 1090 1094 1096 1097 1100 1101 1102 1105 1106 1597 1598 1599 1600 1601 1602 1603 1606 1608 1609 1610 1611 1614 1616 1618 1622 1624 1629 1670 1671 1672 1681 1684 1690 1862 1864 1888 1889 1890 1891 1904 1905 1908 1910 1914 1915 1916 1917 1918 1919 1923 1924 1925 1926 1928 1931 1940 1950 1951 1960 1961 1964 1966 1971 1973 1974 1978 1981 2002 2004 2005 2006 2009 2011 2012 2013 2014 2016 2076 2077 2078 2079 2082 2084
24 65 455 461 463 469 486 504 505 511 2094 2101 2102 2105 2116 2119 2121 2122 2123 2146 2147 2148 2149 9160 9163
110 67 134 136 255 256 258 264 268 299 306 307 314 315 534 535 543 561 986 989 990 1087 1107 1111 1113 1114 1137 1145 1149 1152 1153 1159 1161 1163 1165 1166 1182 1184 1828 1830 1831 1832 1834 1852 1853 1855 1856 1857 1860 1861 1865 1866 1868 6616 6617 6618 6619 6637 6649 6655 6656 6757 6760 6761 6771 6772 6775 6776 6791 6792 6794 6795 6796 6797 6810 7075 7076 7078 7079 7082 7086 7087 7088 7094 7099 7102 7103 7115 7116 7117 7118 7121 7123 7145 7148 7149 7150 7152 7158 7160 7167 7168 7175 7176 7177 7178 7224 7228 7232 7233 7234
22 71 146 460 462 464 580 581 738 743 744 746 749 789 791 797 798 802 808 810 811 812 819
83 76 193 218 650 682 683 689 690 691 692 822 824 2029 2030 2031 2036 2037 2039 2040 2042 2045 2047 2053 2054 2099 2151 2154 2155 3433 3439 3440 3441 3445 3446 3447 3450 3464 3466 3467 3473 3474 3488 3490 3491 3492 3493 3519 3520 3521 3523 3535 3537 3538 3544 3545 3546 3547 3649 3650 3653 3662 3663 3750 3755 3756 3757 3758 3785 3786 3787 3788 3789 3791 3792 3794 3795 3798 3799 3800 3804 3805 3807 3808
49 77 847 854 858 861 865 866 874 875 876 879 880 895 896 897 900 6589 6594 6598 6894 6896 6900 6902 6903 6910 6911 6912 6913 6914 6915 6917 6918 6919 6921 6930 6931 6932 6943 6949 6953 6954 6955 6992 6993 6995 6997 6998 7007 7010
166 83 143 196 981 983 994 995 996 998 1001 2163 2164 2166 2168 2169 2170 2200 2203 2207 2208 2209 2211 2226 2227 2231 2233 2236 2237 2238 2240 2255 2256 2259 2274 2275 2297 2298 2300 2302 2303 2304 2305 2306 2312 2318 2319 2328 2329 2346 2347 2348 2349 8282 8283 8284 8285 8286 8287 8295 8300 8312 8313 8318 8319 8326 8337 8340 8342 8345 8347 8350 8352 8355 8356 8357 8358 8359 8360 8385 8485 8487 8490 8491 8492 8493 8494 8497 8499 8500 8501 8510 8513 8514 8520 8524 8526 8527 8550 8551 8552 8553 8555 8559 8567 8569 8570 8572 8573 8578 8579 8581 8583 8593 8595 8596 8635 8641 8642 8643 8644 8646 8647 8666 8669 8670 9233 9234 9235 9236 9237 9240 9241 9243 9244 9250 9253 9259 9263 9264 9265 9272 9274 9275 9278 9279 9282 9283 9286 9287 9290 9291 9299 9300 9305 9306 9309 9311 9315 9317 9318 9341 9345 9350 9353 9355 9358
69 84 161 180 244 317 577 578 3836 3838 3839 3840 3866 3867 3868 3873 3874 3876 3982 3985 3990 3991 3992 3993 3996 4003 4005 4006 4007 4009 4010 4012 4013 4014 9564 9567 9572 9582 9590 9591 9592 9593 9594 9595 9598 9605 9607 9608 9613 9622 9623 9625 9626 9627 9629 9630 9633 9669 9671 9675 9676 9682 9683 9685 9686 9687 9694 9695 9696 9697
66 88 588 622 639 643 645 648 649 654 655 2370 2373 2378 2379 2394 2395 2396 2397 2398 2403 2404 2409 2410 2411 2431 2602 2610 2616 2628 2637 2638 2640 2641 2642 2643 2646 2650 2651 2653 2657 2658 2661 9426 9427 9428 9429 9430 9432 9433 9434 9435 9436 9440 9441 9443 9444 9458 9459 9460 9461 9465 9467 9468 9471 9476 9478
21 92 223 234 240 1930 1992 1997 2021 2022 2023 2024 2026 2028 2033 2035 2057 2058 2059 2363 2479 2480
67 93 130 132 133 238 239 265 2740 2742 2744 2745 2746 2747 2748 2750 2751 2752 2753 2754 2755 2756 2757 2758 2759 2762 2763 2765 2767 2768 2769 2770 2772 2773 2774 2775 2777 2778 2779 2784 2791 3312 3313 3316 3317 3318 3319 3320 3321 3323 3324 3325 3330 3333 3334 3408 3411 3413 3420 3421 3771 3772 3773 3775 3776 3779 3809 3810
34 94 97 348 365 366 492 512 513 515 516 1827 1835 1836 1837 1840 1842 1843 1876 1877 1880 1881 2190 2192 2205 2206 2218 2219 2225 2242 2245 2251 2252 2253 2254
45 112 269 584 585 634 972 982 991 1000 1004 1005 1007 1009 1010 2353 2354 2356 2359 2361 2366 2488 2490 2493 2589 2591 2592 2593 2597 2599 2604 2605 2617 2619 2623 2898 2901 2953 2959 2960 2962 2973 2974 2976 2987 2994
68 114 698 700 724 725 736 737 1013 1015 1474 1561 1571 1575 1576 1595 1604 1605 1630 1631 1632 1633 1651 5176 5180 5188 5189 5190 5206 5208 6154 6155 6156 6159 7847 7849 7850 7924 7925 7927 7928 7929 7930 7933 7939 7941 7945 7950 7951 7955 7957 7958 7959 7963 7968 7976 7977 7980 7981 7983 7984 7985 7986 7988 7989 7991 7994 7995 7996
82 115 284 846 848 850 851 852 2794 2795 2796 2799 2800 2804 2816 2819 2826 2827 2828 2832 2834 2839 2842 2843 2844 2851 2852 2853 2854 2855 2856 2860 2861 2863 2864 2865 2868 2869 2870 2871 2877 2878 2882 2886 2887 2888 2891 2892 2896 2897 2902 2942 3219 3226 3240 3241 3242 3243 3244 3250 3251 3253 3254 3255 3257 3261 3262 3263 3265 3266 3267 3268 3269 3271 3277 3278 3279 4626 4629 4631 4640 4642 4644
3 119 3106 3116
22 120 2527 2528 5995 6001 6002 6021 6022 6028 6031 6032 6033 6034 6036 6037 6039 6040 6044 6045 6048 6050 6051
17 122 375 376 378 2575 2580 2581 2587 3003 3004 3007 3009 3011 3012 3014 3020 3021
5 125 298 970 971 973
44 135 167 194 236 241 355 382 383 390 2692 2694 2697 2699 2702 2703 2705 2706 2725 2727 2728 2729 2739 2781 3035 3036 3037 3041 3042 3043 3044 3045 3048 3897 3900 3907 3908 3909 3911 3912 3913 7334 7338 7339 7341
87 140 301 304 305 316 1006 1021 1023 1027 4081 4082 4083 4084 4086 4088 4089 4090 4093 4094 4097 4223 4224 4239 4240 4245 4249 4250 4251 4253 4261 4262 4263 4264 4265 4268 4363 4365 4366 4368 4369 4370 4371 4374 4377 4378 4380 4382 4383 4388 4389 4391 4392 4394 4395 4399 4410 4411 4413 4416 4418 4794 4795 4797 4799 4800 4804 4805 4806 4813 4814 4815 4818 4819 4822 4823 4825 4826 4827 4852 4853 4859 4873 4874 4875 4898 4900 4901
113 141 148 551 553 555 556 3026 3028 3031 3032 3033 3034 3047 3049 3051 3052 3054 3055 3056 3058 3059 3150 3151 3153 3154 3158 3159 3199 3201 3202 3209 3210 3213 3214 3218 3281 3282 3289 3291 3292 3293 3302 3305 3308 3311 3336 3339 3340 3342 3344 3347 3348 3350 3351 3355 3374 3377 3378 3379 3380 3381 3893 3894 3896 3901 5150 5152 5155 5157 5158 5169 5170 5172 5174 5181 5183 5184 5216 5256 5262 5263 5264 5274 5275 5277 5279 5280 5567 5571 5579 5580 5582 5593 5600 5601 5602 5604 5605 5611 5612 5613 5614 5622 5633 5653 5654 5655 5656 5659 5660 5705 5706 5707
25 144 145 3134 3135 3137 3140 3142 3146 3147 3162 3163 3171 3172 3173 3189 3190 3191 3192 3193 3195 3196 3368 3369 3398 3399
10 147 149 1072 1075 1077 1081 1084 1190 1198 1199
41 154 449 452 456 459 1204 1205 1206 1207 1208 1211 3961 3962 4020 4022 4024 4030 4031 4032 4033 4034 4035 4038 4039 4042 4046 4049 4050 4051 4063 4222 4290 4291 4297 4305 4308 4321 4322 4323 4324 4331
49 156 158 164 207 214 328 329 518 4445 4447 4448 4449 4452 4453 4455 4456 4457 4458 4459 4460 4464 4465 4466 4467 4468 4477 4478 4480 4481 4482 4486 4487 4488 4489 4491 4495 4496 4499 4501 4503 4504 4508 4517 4543 4544 4547 4548 4555 4556
35 162 1020 1028 1029 1033 1085 1088 1093 1104 1108 1217 1218 1220 1221 1224 1225 1255 3124 3125 3126 3127 3130 3131 3136 3138 3403 4590 4593 4602 4606 4612 4615 4623 4624 4625
72 163 174 246 564 569 570 571 572 573 4205 4207 4212 4216 4219 4221 4228 4271 4298 4299 4309 4310 4320 4421 4425 4427 4428 4429 4432 4433 4434 4438 4439 4444 4446 4450 4526 4587 4588 4591 4592 4648 4650 4651 4671 4672 4674 4682 4710 4711 4714 4772 4777 4778 4784 4785 4786 4790 4829 4831 4834 4835 4838 4840 4841 4893 4894 4903 4906 4907 4909 4911 4915
54 165 734 750 751 756 759 771 773 774 779 780 781 782 786 1212 8691 8692 8697 8698 8699 8700 8702 8703 8704 8707 8714 8715 8742 8746 8747 8760 8761 8762 8766 8767 8775 8776 8778 8779 8783 8786 8787 8791 8793 8794 8795 8798 8800 8801 8802 8806 8815 8816 8964
92 166 3673 3674 3675 3678 3681 3682 3688 3697 3825 3827 3828 3830 3832 3833 3834 3835 3841 3846 3848 3881 3885 3889 3892 3899 3902 3903 3904 3906 4945 4947 4952 4953 4954 4957 4959 4969 4971 4973 4980 4981 4982 4983 4984 4987 4994 4995 5011 5012 5013 5018 5019 5028 5030 5031 5032 5039 5047 5048 5052 5053 5054 5888 5889 5890 5893 5895 5896 5897 5915 5934 5935 5936 5956 5959 5960 5978 5981 5989 5992 5999 6003 6004 6009 6011 6063 6064 6071 6088 6161 6163 6164
30 170 197 1326 1327 4931 4933 4934 4936 4942 4949 4950 4955 4956 5135 5136 5137 5140 5142 5143 5146 5149 5153 5154 5160 5162 5164 5168 5187 5191 5193
32 171 202 5321 5322 5323 5324 5325 5326 5327 5330 5332 5333 5334 5335 5336 5337 5353 5354 5355 5356 5357 5359 5377 5378 5382 5383 5384 5385 5387 5388 5390 5392
8 172 5065 7511 7512 7517 7523 7526 7527
132 173 248 468 472 474 481 484 488 821 1328 1370 1372 1448 1450 1466 1467 1470 1693 1694 1695 1697 5306 5308 5309 5310 5311 5313 5314 5315 5316 5319 5395 5396 5397 5403 5404 5406 5409 5420 5422 5423 5424 5425 5428 5433 5437 5443 5444 5449 5461 5462 5464 5467 5468 5469 5472 5473 5481 5543 5547 5548 5551 5727 5728 5750 5753 5758 5762 5764 5765 5768 5769 5772 5773 5774 5801 5802 5803 5805 5828 5833 5834 5837 5838 5839 5840 5841 5846 5847 5848 5852 5854 5855 5856 5857 5859 5863 5867 5869 5871 5872 5901 5902 5908 5910 5911 5912 5913 5914 5916 5917 5918 5963 5964 5970 6306 6307 6309 6310 6311 6317 6319 6320 6321 6322 6323 6324 6326 6327 6332 6408 6422
45 179 733 820 823 1475 1536 1541 1542 1543 1673 1680 1698 1702 1703 1709 1711 1712 1714 6114 6116 6119 6123 6124 6125 6126 6129 6130 6131 6137 6138 6140 6144 6153 6182 6185 6186 6187 6189 6195 6197 6198 6199 6200 6201 6202
86 203 250 260 837 838 839 840 878 881 882 1812 1821 1823 1824 1825 1858 1873 1883 1884 1893 1894 1895 1896 1897 1898 1899 1900 1984 1987 1989 1991 6482 6483 6484 6485 6486 6487 6489 6490 6494 6495 6539 6541 6543 6544 6547 6549 6551 6552 6553 6554 6555 6559 6560 6565 6567 6568 6569 6571 6573 7014 7015 7016 7017 7022 7023 7025 7026 7029 7048 7050 7275 7276 7277 7278 7281 7283 7287 7304 7305 7306 7310 7311 7317 7318 7319
10 204 266 267 1259 1261 1262 1268 7361 7362 7417
41 205 1806 1807 1808 1809 1810 1811 2115 2182 2183 2184 2185 2186 2187 2189 3065 3066 3094 3099 3100 3101 6111 6113 6115 6117 6118 6133 6266 6268 6269 6281 6282 6283 6284 6285 6290 6291 6292 6293 6300 6301
30 211 491 6211 6212 6215 6219 6223 6225 6227 6228 6230 6232 6238 6239 6240 6423 6424 6425 6426 6428 6429 6431 6433 6434 6436 6437 6438 6439 6440 6441
7 224 7541 7542 7546 7548 7551 7559
61 228 321 2546 2547 2548 2550 2551 2554 2555 2556 6264 6446 6447 7449 7450 7451 7457 7465 7468 7469 7471 7647 7657 7668 7669 7673 7674 7675 7676 7680 7683 7691 7692 7696 7698 7699 7700 7701 7703 7704 7705 7706 7707 7708 7709 7710 7711 7712 7714 7716 7720 7721 7722 7845 7846 7851 7852 7876 7877 7879 7885
54 232 272 893 898 1275 1276 1283 1284 1362 1399 5530 5532 5533 5534 5535 5536 5560 5586 5716 5720 5722 5723 8003 8004 8007 8008 8010 8017 8018 8019 8020 8021 8037 8199 8207 8208 8216 8252 8255 8256 8258 8259 8269 8276 8277 8278 8280 8291 8302 8362 8369 8371 8374 8387
6 235 2339 2340 2501 2506 2507
48 237 344 2307 2309 2333 2335 2336 2512 2513 2514 2567 3942 3943 3974 3975 3976 3978 3979 4015 4016 4019 4025 4026 4113 4114 4115 4116 4132 4135 6110 6151 6152 6160 6165 6170 6171 6175 6180 6190 6191 6194 6203 6208 6220 6237 6241 6245 6246
17 242 1546 1547 1548 1550 4194 4196 4676 4677 4678 9850 9851 9852 9853 9854 9855 9860
5 243 273 280 281 283
5 247 777 809 2517 2518
19 249 372 1577 1578 1650 1655 5085 5090 5092 5487 5488 5492 5493 5495 5498 5501 5507 6574 6575
18 252 300 325 678 681 684 693 713 719 720 721 726 727 1156 1216 1506 1664 1665
7 253 2797 2798 2805 2806 2808 2810
14 254 517 2519 2520 2524 2525 2529 2557 2558 2560 2561 9939 9940 9941
39 263 533 558 559 563 567 575 2662 2666 2667 2937 2938 3174 3175 3176 3177 3178 3184 3187 3188 7829 7832 7833 7834 7835 7836 7837 7893 7895 7901 7902 7919 7920 7923 8061 8096 9550 9553 9556
20 270 769 4686 4688 4689 4690 7568 7631 7730 7739 7740 7742 7743 7744 7745 7746 7749 7752 7755 7756
35 271 286 289 302 903 946 7762 7763 7764 7766 7767 7769 7770 7782 7783 7791 7795 7797 7801 7821 7824 7825 7826 7839 8984 8987 8997 8998 9003 9004 9010 9011 9012 9013 9018
27 274 758 899 904 967 1297 1802 1805 1813 1814 1952 1953 1999 2000 2001 2003 2007 8446 8447 8449 8462 8463 8466 8467 8468 8469 8470
25 277 8480 8483 8484 8518 8523 8525 8531 8562 8563 8588 8590 8591 8592 8594 8597 8598 8599 8600 8603 8604 8606 8608 8614 8618
74 279 1155 1741 1742 1744 1748 1749 1794 1795 1796 1797 1815 2281 2282 2515 2541 2543 2627 2683 2684 2686 2687 2688 2691 2911 6248 6260 6304 6305 6443 6444 6448 6449 6451 6452 6454 6455 6463 6464 6465 6468 6469 6476 6496 9037 9038 9039 9040 9041 9047 9048 9050 9053 9054 9055 9057 9058 9059 9060 9063 9067 9069 9074 9093 9094 9100 9124 9126 9127 9128 9129 9131 9132 9138
19 285 1194 1195 1238 1239 1240 1301 1302 1304 1312 1313 5095 5096 5098 5100 5101 5102 5103 5107
25 288 308 312 2790 2812 2922 2923 2924 2927 2955 2956 9380 9381 9382 9383 9393 9395 9396 9397 9399 9402 9406 9407 9408 9410
19 297 1069 1076 1078 2066 2067 6603 6605 6606 6608 6609 6611 6615 6620 6621 6622 6623 6624 6627
27 303 1191 1193 1197 1200 1661 1666 1667 1668 1689 1700 1705 5522 5523 5526 5785 5786 5787 6583 6635 6636 6671 6673 9523 9525 9527 9724
41 309 311 327 335 1203 1209 5070 5071 5072 5077 5078 5079 5080 5082 5083 5084 5087 5088 5094 5109 5110 5124 5125 5126 5127 5128 5129 5130 5131 5195 5196 5286 5295 5298 5299 5300 5475 5477 5480 5485 5486
16 310 352 353 357 359 370 1287 3107 9767 9775 9776 9777 9778 9781 9783 9784
44 313 345 350 354 1344 1345 6679 6684 6685 6686 6688 6689 6691 6692 6694 6695 6701 6703 6704 6707 6708 6709 6711 6713 6726 6728 6730 9743 9744 9746 9751 9752 9753 9754 9755 9756 9757 9758 9760 9761 9762 9763 9768 9786
67 319 363 364 1708 1722 2069 2070 2090 2091 2092 2095 3113 3118 3119 3121 3122 3123 3128 3129 3141 3352 3354 4922 4923 6849 6850 6851 6852 6858 6860 6862 6863 6870 6872 6874 6875 6882 6883 6886 6889 6890 6891 6892 6893 6895 6901 6942 7403 7406 7408 7409 7410 7413 7418 7419 7420 7425 7433 7434 7442 7443 7446 7448 7452 7459 7460 9932
8 320 367 813 814 3367 3371 3373 3375
3 326 1427 1428
2 336 341
9 337 450 451 6109 6249 6250 6251 6513 8629
10 343 377 380 393 415 3823 3870 8175 8179 8180
27 347 3401 3405 3406 6985 6988 7058 7061 7062 7063 8950 8952 8953 8963 8965 8970 8971 8973 8976 8977 8979 9019 9020 9045 9148 9152 9154
4 349 3384 3385 3386
42 356 465 483 2097 2098 2100 2104 2939 2941 2944 2946 2948 2949 2958 2982 2992 2993 2995 2996 2997 3016 3017 3067 3070 3469 3480 3481 3484 3485 3494 3496 3498 3501 3502 3507 3508 3511 3513 3515 3518 3522 5517
25 358 507 1257 1260 1264 1266 3916 3918 7480 7484 7486 7488 7489 7491 7494 7495 7496 7497 7499 7505 7518 7528 7529 7530 7534
20 360 509 3981 3986 3987 3988 4562 4565 4566 4568 4569 4575 4577 4578 4580 4731 4735 6971 6973 6974
63 361 1347 3710 5038 5046 5049 5050 8679 8680 8685 8687 8688 8705 8721 8723 8724 8725 8726 8727 8728 8730 8731 8817 8820 8821 8824 8825 8831 8833 8834 8835 8836 8850 8851 8852 8859 8860 8862 8864 8865 8866 8867 8870 8871 8874 8875 8876 8877 8878 8880 8910 8911 8912 8914 8915 8917 8918 8922 8940 8942 8943 8944 8945
1 362
77 369 1063 1336 1476 1733 2111 2113 2125 2129 2131 2133 2140 2141 2142 2144 2145 2150 2152 2153 2157 9166 9167 9168 9169 9172 9173 9174 9176 9182 9184 9185 9188 9207 9208 9214 9215 9216 9218 9220 9221 9230 9231 9232 9239 9247 9248 9249 9252 9254 9266 9294 9298 9323 9324 9325 9326 9328 9330 9414 9415 9416 9417 9419 9420 9421 9422 9530 9531 9532 9533 9534 9536 9537 9540 9541 9543 9544
8 384 528 530 568 1504 1519 1521 1522
7 389 392 605 606 607 2278 2288
19 398 1535 1552 1557 1558 1559 9813 9814 9815 9816 9817 9818 9819 9822 9823 9824 9825 9826 9827
3 401 2295 2296
14 405 410 2172 2343 2345 5241 5242 5244 5245 5246 5250 5282 5283 5285
21 407 1570 2820 2821 2823 2824 3640 3641 3659 3661 3915 3924 3927 3929 3930 3932 3933 3934 3936 4704 4708
26 413 615 619 620 633 1381 2730 2732 4102 4103 4112 4139 4144 4145 4152 4154 4156 4157 4174 4177 4178 4179 4180 4181 4182 4184
10 416 423 2848 5776 5784 5788 5812 5821 5822 5823
27 424 1706 1740 1743 1818 1819 1871 1874 5057 5058 5060 5063 5064 5066 5068 5073 5089 5121 5133 5134 5138 5139 5201 5202 5209 5210 5211
44 426 5825 5860 5861 5862 5873 5920 5930 9832 9833 9834 9842 9843 9849 9863 9870 9871 9875 9876 9878 9880 9881 9886 9887 9888 9889 9890 9891 9892 9894 9896 9897 9898 9900 9929 9930 9931 9933 9934 9945 9967 9968 9981 9982
2 430 697
10 432 438 2061 2062 2071 2075 7344 7346 7347 7348
7 445 453 5713 5714 5715 5775 5789
5 454 1903 1913 1922 2367
22 457 458 2846 2847 2849 2850 8946 8947 8948 8949 8954 8955 9120 9121 9122 9123 9125 9140 9143 9200 9203 9204
17 466 498 510 670 710 718 766 767 2858 2859 2866 4739 4741 4763 4765 4766 4767
21 467 6841 6842 7378 7380 7381 7382 7383 7384 7385 7387 7389 7395 7396 7472 7473 7475 7477 7538 7539 7540
1 470
6 473 653 656 676 688 694
19 476 482 485 3820 3844 3845 3847 3851 3853 3864 3938 4201 4202 4229 4230 4232 4233 4234 4256
23 487 490 1625 2368 2369 2389 2393 4538 4550 4554 4596 4598 4599 4601 4607 4608 4621 4622 4627 4628 4633 4634 4635
8 489 493 494 1404 5527 7598 7601 7608
1 496
18 497 6970 6972 6983 6984 7012 7019 7067 7069 7071 7072 7073 7125 7189 7195 7198 7212 7215
22 508 1660 1662 1727 7892 7915 7916 7931 7932 7934 8388 8396 8397 8398 8399 8401 8404 8405 8412 8678 8681 8682
2 514 1363
1 519
12 525 526 527 835 843 7220 7250 7251 7252 7256 7257 7260
24 529 853 2577 2588 2829 7270 9703 9704 9707 9708 9709 9711 9713 9727 9729 9730 9735 9736 9738 9739 9742 9745 9747 9748
17 532 785 787 5230 5231 9810 9811 9812 9820 9821 9828 9906 9908 9909 9911 9915 9916
16 536 1447 3235 3236 3237 5546 5556 5558 5583 5584 5587 5588 5589 5599 5636 5644
2 538 1638
25 539 890 2679 2682 2690 2696 2717 2718 4639 4645 4652 4653 4675 4683 7566 7567 7579 7580 7581 7582 7587 7588 7590 7591 7593
31 540 548 550 616 8078 8079 8080 8081 8084 8088 8090 8091 8092 8119 8123 8124 8127 8131 8133 8135 8138 8139 8143 8144 8148 8149 8153 8155 8157 8164 8225
13 549 1996 1998 2019 2055 2060 2080 2086 2087 2162 2867 2876 2879
38 552 560 826 3087 3170 3179 3180 3181 3182 3183 3185 3186 3194 3198 3203 3204 3208 4636 4637 4654 4667 4681 4685 9562 9569 9621 9632 9634 9635 9637 9693 9790 9791 9792 9796 9797 9798 9799
34 554 562 2290 2341 2364 2439 2442 2443 3689 3817 3819 3821 3822 3869 3875 3877 3878 3880 3910 3941 3944 3945 3954 3955 3957 8097 8098 8099 8100 8101 8102 8107 8108 8110
5 557 950 8433 8441 8443
4 576 640 4420 4437
3 579 2921 2925
45 583 1816 1817 1820 7360 7372 7373 7375 7376 7521 8919 8920 8921 8966 8967 8968 8969 8974 8975 8986 9362 9363 9364 9365 9366 9367 9368 9370 9374 9492 9493 9502 9506 9507 9508 9518 9520 9521 9559 9560 9574 9583 9584 9585 9586
10 590 617 7596 7597 7602 7803 7804 8231 8233 8236
25 596 599 1959 1962 1969 1970 1985 1986 2020 2027 2046 4768 4769 4770 4809 4810 4844 4846 4849 4851 4861 4864 4867 4869 4871
4 597 807 2477 2481
15 614 4879 4883 4889 4891 4892 4895 8675 8677 8686 8712 8736 8739 8889 8891
9 618 2137 2138 2159 2482 2483 4720 4721 5002
7 623 984 1014 1016 1018 3553 3554
1 624
7 636 860 6847 6848 6938 6946 6952
1 637
1 641
8 642 892 5542 5544 5577 5592 5594 5635
18 644 915 916 947 1067 1068 1110 3224 5668 5669 5670 5671 5672 5679 5680 5682 5684 5685
12 652 6102 6103 6255 6256 6257 6259 6294 6295 6296 6302 6303
9 668 3259 3260 3264 3274 6531 6532 6745 6755
8 674 706 707 2510 7267 7269 7271 7272
5 675 717 7324 7325 7326
3 679 752 3422
8 680 1189 1201 2511 2522 2534 2537 8895
3 685 755 2504
5 686 920 1202 2906 2907
5 687 695 5686 5725 5729
6 709 949 959 3625 3632 3634
1 711
1 714
19 728 2934 3965 4189 4190 4198 4260 4266 4269 4292 4293 4294 4295 4313 4314 4315 4316 4328 4329
11 731 8001 8002 8074 8075 8077 8095 8111 8113 8190 8194
9 732 7543 7544 7974 7979 7982 7987 8000 8009
15 735 4362 4537 4701 4703 4709 4756 4757 4758 4759 4760 4761 4773 4774 4775
7 739 938 1446 8905 8908 8927 8928
9 740 757 3353 3356 3361 3362 3363 3364 3366
2 741 960
2 742 2620
14 745 768 775 1529 5818 5819 5937 8418 8419 8427 8476 8477 8478 8479
6 753 815 1382 1431 1440 1454
7 761 2636 2639 2663 2664 2665 2678
2 770 4962
11 783 5009 6536 6570 6572 6577 8251 8253 8261 8262 8265
10 784 790 961 963 5304 5305 6764 6767 6769 6823
32 799 1066 1073 2609 2612 5438 5439 5440 5441 5445 5652 5664 5665 6313 6314 6330 6331 6334 6344 6345 6349 6350 6351 6354 6357 6358 9986 9988 9989 9993 9994 9995
3 804 816 818
2 817 825
31 827 3423 3424 6467 6515 6517 6525 6534 9106 9107 9108 9111 9112 9801 9803 9804 9805 9864 9865 9903 9923 9928 9935 9942 9943 9944 9963 9965 9996 9998 9999
7 828 5704 5708 5737 5742 5743 5813
4 831 1116 2813 2814
11 833 885 3400 3414 3415 3427 3428 3430 3434 3435 3436
2 834 1954
9 842 2272 2457 2459 2460 2815 2817 2890 2895
1 849
1 856
11 859 6585 6586 6590 6591 6593 6631 7842 7853 7855 7856
3 862 867 3071
10 868 987 1011 1012 1019 3449 3452 3453 3455 3457
1 870
12 871 999 1566 1567 1643 1649 2673 2674 2675 2693 2695 2712
14 872 1030 1031 5815 5816 5824 5942 5943 5945 5946 6658 6659 6661 6732
9 873 887 2177 6098 6100 6104 6136 8634 8636
21 877 1214 1242 1245 1246 2463 2489 2491 7342 7522 7524 7565 7609 7610 7613 7614 7615 7617 9199 9211 9212
1 891
6 894 9392 9394 9401 9413 9418
18 901 1032 1186 1187 1188 1271 1272 1523 2909 2913 2916 2917 2918 2919 2930 2932 3463 3468
2 902 936
12 905 2607 2608 2614 2615 2633 2635 2644 2648 2649 2655 4367
15 906 917 1324 3476 3477 3479 3482 3483 6372 6376 6382 6383 6386 6389 6390
5 914 1572 1574 1579 1580
8 918 1296 3619 3620 3621 3624 6412 6413
7 919 926 964 965 1734 1737 1738
7 922 1364 1371 1379 2966 2967 2969
3 927 976 2668
19 931 941 980 1008 2978 7635 7638 7639 7640 7644 8044 8045 8046 8047 8048 8054 8059 8067 8068
9 932 6419 6421 6427 6430 6432 6458 6497 6498
9 933 1129 8379 8380 8382 8383 8384 8390 8395
1 937
7 939 1024 1026 3081 7041 7047 7049
1 942
6 943 1141 1142 1902 5318 5320
16 945 3578 8620 8623 8626 8633 8902 9009 9021 9028 9075 9076 9077 9078 9079 9080
1 951
3 952 955 1937
1 953
14 957 962 975 1035 1036 1042 1053 1057 1945 3638 3696 3698 3699 7652
1 966
9 974 1158 1215 1253 1254 9157 9158 9159 9161
1 977
1 978
3 979 1109 1115
2 985 3080
2 988 3589
15 992 3310 3326 3327 3343 3376 3394 3532 3533 3534 3536 3539 3592 3593 4518
11 993 997 1228 1273 3111 9084 9085 9089 9092 9098 9099
8 1002 1146 1513 5538 9689 9690 9691 9829
2 1003 1288
3 1017 7728 7731
1 1022
7 1025 1060 1062 1070 1398 1400 3092
2 1045 1298
3 1046 2310 2311
5 1047 1948 1979 5949 5950
16 1048 1050 2161 2171 2175 2176 2178 2180 3587 3590 3594 3608 3616 3636 3637 3642
2 1055 1079
3 1056 1394 3168
13 1059 1082 1147 1391 2327 2334 2337 2351 2352 2355 2358 2362 3958
2 1061 6821
10 1074 1335 3721 3723 3725 4279 4280 4281 4283 6633
4 1080 1083 1175 1181
2 1086 6639
14 1091 1455 5688 5745 5884 5900 5904 5905 5923 5941 5944 5947 5952 5953
5 1092 1267 1269 1299 1305
6 1095 1117 2509 2549 2570 2571
3 1098 1256 1464
1 1099
3 1103 1537 2505
1 1119
16 1120 1465 1481 6664 6665 6669 6670 6690 6693 6702 6748 6749 6779 6780 6781 6782
4 1121 1495 2325 2388
4 1131 1139 1148 1154
3 1138 1169 2670
7 1140 1157 3704 3705 3709 3711 3712
4 1143 1160 1226 1484
4 1144 1498 1636 2088
2 1151 1237
2 1162 6415
2 1167 1289
7 1168 1510 6643 6644 6645 6714 6717
2 1170 1627
4 1173 2201 2212 2214
12 1174 1329 1515 1516 1525 1526 1549 1555 1564 1569 3726 6830
1 1177
5 1178 1293 1337 7773 7774
5 1192 1196 1210 1213 3083
4 1219 1373 1374 7156
20 1222 1357 8488 8498 8502 8503 8504 8505 8507 8511 8512 8515 9445 9446 9447 9448 9453 9454 9455 9474
2 1223 1728
1 1227
3 1231 3238 3239
15 1236 1300 1348 1356 7031 7032 7034 7039 7040 7043 7045 7046 7051 7057 7066
7 1241 1320 1642 1869 7157 7163 7164
4 1252 3283 3284 3285
4 1258 1377 1380 1385
1 1263
12 1265 3397 7307 7308 7309 7312 7321 7330 7333 7357 7370 7371
5 1274 3783 3784 3790 3931
5 1278 1306 1433 1584 3062
8 1282 1410 1420 1430 1451 1878 8239 8240
3 1309 1592 1607
3 1310 1499 1508
1 1315
6 1318 9509 9514 9649 9651 9652
6 1319 1725 1726 2193 2260 2267
5 1321 1882 1887 2289 2291
5 1325 1331 7127 7141 7165
3 1330 1332 4963
1 1333
6 1334 3754 3764 3765 3766 3767
20 1338 3073 3086 3091 3096 3167 3205 3206 5111 5118 5156 5159 5165 5259 5267 5303 5307 5328 5512 5515
14 1339 1346 3064 3068 3500 3503 3505 3506 3525 3548 3550 3560 3561 5987
13 1340 1386 1389 1787 1788 1789 3256 3258 3275 3276 3963 3966 4287
11 1341 3297 3298 3307 7274 7297 7298 7299 7301 7487 7492
1 1350
2 1351 3572
8 1358 1929 2051 2052 2085 2096 2106 2107
2 1359 1378
6 1366 3768 7993 8012 8013 8014
1 1367
2 1376 3729
2 1384 6838
2 1390 1393
13 1395 1617 5020 5023 5024 5025 7097 7101 8248 8249 8250 8264 8268
1 1397
4 1402 2110 3225 3227
7 1421 1436 1659 1669 8414 8415 8416
3 1429 1453 2308
2 1432 7738
3 1439 2136 2160
6 1441 1483 2114 2127 4236 4237
7 1442 1482 2181 3672 3701 3702 3706
1 1449
3 1452 2128 3816
2 1457 2269
7 1460 1983 1988 2050 2124 2126 2134
8 1478 8853 8991 8992 8993 8996 9033 9034
9 1487 1517 3023 9044 9052 9056 9066 9102 9164
9 1494 2196 7814 7869 7870 7871 7873 7882 7886
5 1500 9189 9190 9191 9192
14 1501 7247 7249 7255 8475 8486 8508 8735 9333 9482 9483 9484 9485 9486
5 1505 1512 1520 1524 1731
1 1509
1 1527
3 1528 4273 4274
3 1534 7464 7470
1 1538
4 1544 2188 2195 2197
2 1545 1551
2 1553 2215
6 1554 1556 1560 1565 4041 8805
4 1562 1581 3716 3717
9 1563 4065 4066 4067 4068 4069 4073 4330 4336
2 1568 1583
5 1573 1612 1619 4288 4337
3 1613 4338 4339
1 1615
3 1620 1652 4360
3 1621 2216 4381
18 1623 3780 3781 3782 3793 8841 8842 8843 8847 8848 8849 8854 8855 8857 8868 8884 8886 8887
1 1626
1 1628
1 1634
1 1635
1 1637
10 1639 1707 1729 7759 7760 7761 7765 7768 7771 7772
13 1640 4469 4470 4472 4473 4474 4475 4493 4519 4524 4528 4697 4698
4 1641 1644 1645 4585
18 1646 8989 8990 8999 9002 9007 9008 9014 9016 9035 9073 9081 9083 9194 9195 9228 9284 9285
2 1647 1875
1 1648
1 1653
