23 0 1 2 3 4 5 6 12 14 17 25 34 35 36 39 40 41 52 54 60 61 62 63
15 7 13 15 18 64 65 67 69 70 71 76 78 79 96 98
8 8 11 32 43 44 81 82 85
71 9 21 23 24 118 120 123 126 501 503 517 527 528 529 530 531 1037 1038 1039 1040 1041 1060 1061 1062 1063 1064 1065 1067 1068 1069 1070 1072 1077 1080 1081 1082 1083 1084 1086 1095 1097 1099 1100 1101 1104 1106 1128 1129 1131 1133 1134 1135 1140 1141 1142 1143 1144 1145 1146 1147 1152 1153 1158 1160 1161 1166 1168 1173 1175 1176 1177
79 10 128 129 133 134 135 139 140 141 144 145 154 157 159 161 163 164 166 195 196 203 204 205 218 223 225 226 227 228 229 230 231 236 237 238 240 249 250 251 254 257 266 267 280 281 282 314 315 318 321 361 364 374 377 378 404 405 406 407 410 413 415 417 418 420 423 427 429 430 434 435 436 437 439 449 452 453 468 470
59 16 19 30 31 150 151 152 153 167 168 169 170 171 172 446 448 478 483 486 502 505 509 511 543 545 550 552 553 554 555 556 561 562 565 570 571 572 573 579 582 7609 7610 7611 7613 7614 7616 7617 7618 7627 7631 7632 7633 7634 7635 7636 7638 7639 7640 7641
72 20 294 295 296 308 309 310 311 312 313 316 326 329 332 335 336 337 342 344 401 428 441 460 462 463 472 473 474 475 476 479 480 585 588 589 590 591 598 599 603 605 606 608 612 613 616 639 641 649 651 655 659 660 661 665 666 667 668 673 675 677 680 683 684 685 686 687 688 689 690 692 694
175 22 26 27 28 51 66 91 92 101 111 112 119 794 795 796 831 832 834 836 850 851 853 860 863 866 869 927 928 929 930 931 932 935 939 940 941 942 945 949 950 956 957 958 962 963 970 972 974 977 1212 2653 2654 2655 2657 2661 3199 3202 3204 3205 3207 3221 3223 3233 3234 3237 3243 3244 3250 3251 3252 3257 3258 3259 3260 3261 3262 3263 3266 3267 3268 3269 3273 3274 3281 3282 3293 3295 3296 3301 3302 3303 3304 3305 3319 3321 3322 3323 3324 3326 3327 3328 3351 3357 3367 3368 3379 3380 3381 3386 4900 4906 4907 4911 4912 4918 4920 4928 4932 4941 4942 4944 4945 4946 4952 4955 4956 4968 4971 4972 4977 5095 5096 5097 5098 5101 5108 5109 5111 5114 5116 5118 5120 5124 5126 5127 5128 5129 5130 5131 5137 5138 5139 5140 5143 5148 5149 5150 5151 5152 5153 5155 5160 5161 5169 5170 5171 5172 5181 5183 5184 5204 5231 5268 5272 5273
135 29 148 173 174 176 197 211 213 221 224 765 767 772 773 774 778 779 780 781 782 783 784 785 786 792 793 798 799 800 801 808 809 815 818 876 881 882 884 885 887 888 889 890 892 916 917 926 933 936 1000 1001 1007 1009 1010 1015 1021 1023 1024 1026 1027 1310 1312 1313 1342 1343 1348 1349 1350 1362 1365 1366 1372 1391 1395 1397 2201 2202 2203 2224 2225 2228 2229 2232 2233 2234 2235 2237 2240 2245 2246 2248 2260 2261 2281 2282 2284 2300 2301 2304 2305 2306 2329 2348 2355 2356 2357 2373 2375 2376 2394 2395 2396 2397 2399 2400 2408 2409 2411 2415 2416 2417 2418 2419 2421 2430 2431 2468 2469 2470 2472 2473 2474 2476 2477 2480
15 33 38 45 46 130 131 147 149 244 247 253 699 707 710 711
84 37 355 372 385 386 387 388 389 390 720 721 724 725 732 740 741 745 746 747 749 750 751 753 755 759 760 761 819 6714 6715 6716 6720 6721 6724 6725 6729 6730 6734 6738 6739 6740 6741 6743 6746 6747 6748 6749 6751 6759 6763 6764 6765 6767 6769 6771 6776 6779 6780 6781 6782 6784 6808 6810 7934 7945 7951 7952 7953 7957 7959 7964 7966 7972 7974 7975 7976 7977 7983 7984 7985 7987 7991 7995 7996
26 42 47 994 996 997 998 1003 1013 1019 1028 1030 1031 1107 1110 1111 1112 1186 1187 1188 1189 1191 1192 1193 1195 1196 1199
7 48 50 346 400 402 409 411
68 49 53 56 87 89 90 94 95 121 1200 1201 1202 1204 1205 1206 1209 1219 1221 1223 1224 1226 1227 1233 1235 1298 6598 6621 6625 6821 6824 6825 6841 6844 6846 6848 6851 6852 6853 6854 6855 6857 6858 6860 6861 6863 6864 6865 6913 6926 6927 6928 6929 6932 6941 6943 6946 6947 6991 6994 6995 6996 6999 7001 7005 7007 7008 7009 7010
164 55 99 183 198 199 200 202 1633 1656 1657 1658 1659 1660 1662 1664 1667 1672 1692 1695 1698 1699 1702 1705 1709 1710 1712 1713 1714 1715 1716 1727 1740 1741 1742 1744 1745 1746 1747 1749 1750 1751 1753 1754 1757 1762 1785 1786 1788 1789 1791 1821 1825 1827 1829 1830 1833 1834 1836 1837 1839 1840 1841 1865 1866 1867 1870 1871 1873 1874 1878 1886 1889 1890 1891 1892 1896 1897 1898 1899 1902 1904 1905 1906 1912 1913 1914 1917 1918 1920 1926 1927 1931 1936 1938 1939 1947 1956 1957 1971 1972 1973 1976 1977 1979 1987 1996 1997 2012 2013 2014 2015 2022 2024 2025 2026 2032 2033 2041 2052 2054 2071 2072 2074 2079 2082 2083 2085 2086 2087 2090 2091 2092 2093 2097 2098 2099 2151 2154 2157 2181 2184 2185 2187 2193 2197 2199 2211 2274 2275 2325 2327 2328 2341 2342 2343 2345 2441 2452 2453 2459 2460 2481 2506 2507
40 57 209 219 246 274 288 289 290 291 292 299 301 302 305 322 323 325 345 348 350 351 487 488 490 492 493 494 495 499 507 523 524 532 533 538 542 578 2670 2676 2681
26 58 248 376 381 391 392 396 845 9216 9218 9219 9220 9222 9224 9227 9228 9229 9231 9234 9243 9244 9252 9253 9255 9477 9478
9 59 68 72 454 574 1255 1278 1279 1289
76 73 75 3091 3092 3103 3106 3141 3144 3145 3146 3148 3170 3172 3173 3178 3181 3183 3184 3185 3187 3188 3481 3484 3485 3487 3488 3490 3491 3492 3493 3495 3496 3497 3498 3513 3516 3517 3598 3599 3607 3609 3610 3612 3613 3615 3620 3621 3622 3623 3624 3628 3629 3631 3632 3633 3637 3646 3649 3650 3651 3652 3662 3663 3679 3680 3682 3683 3684 3688 3689 3695 3696 3697 3705 3707 3708
43 74 77 663 664 679 682 691 693 695 714 1321 1328 1332 1333 1337 1340 1347 1398 1399 1403 1406 1407 1408 1409 1410 1411 1412 1413 1414 1418 1419 1421 1422 1425 1427 1429 1430 1432 1439 1440 1441 1443 1445
55 80 86 356 363 367 371 1456 1457 1460 1462 1463 1465 1466 1467 1469 1472 1473 1504 1506 1521 1522 2540 2541 2544 2549 2551 2556 2564 2565 2754 2757 2764 2767 2768 2769 2770 2771 2772 2773 2778 2780 2783 2917 2918 2919 2920 2921 2922 2923 2924 2927 2931 2932 2934 2936
4 83 97 416 419
47 84 102 103 1501 1503 1560 1561 1563 1566 1567 1569 1577 1578 1580 1594 1597 1598 1603 1604 1605 1606 1608 1609 1610 1612 1613 1614 1615 1629 1630 1631 1632 1642 1643 1645 1647 1652 1680 1683 1686 1730 1732 1739 2587 2804 2878 2879
57 88 638 2117 2120 2121 2124 2125 2126 2128 2132 2133 2139 2140 2141 2142 2143 2163 2164 2165 2166 2167 2169 2170 2508 2509 2510 2516 2523 2719 3014 3016 3017 3018 3021 8316 8317 8321 8333 8334 8337 8338 8339 8340 8341 8342 8352 8353 8362 8363 8373 8375 8377 8378 8380 8381 8382 8387
16 93 100 412 444 484 496 7239 7240 7242 7243 7245 7246 7255 7257 7258 7260
48 104 628 630 632 739 763 820 821 826 874 875 893 895 900 5328 5331 5335 5336 5337 5346 5347 5348 5349 5350 5352 5354 5355 5360 5362 5363 5366 5367 5370 5371 5372 5381 5390 5391 5393 5394 5395 5396 5397 5404 5406 5408 5409 5410
17 105 983 1257 1258 1259 1260 1262 1264 1265 1267 1268 4276 4277 4282 4283 4299 4300
8 106 122 624 5432 5482 5483 5484 5486
65 107 124 8589 8607 8608 8612 8614 8622 8627 8629 8859 8860 8865 8866 8867 8876 8877 8878 8879 8954 8955 8967 8968 8969 8971 8972 8973 8974 8976 8978 9016 9020 9021 9022 9031 9032 9033 9035 9040 9041 9049 9050 9054 9055 9056 9057 9058 9059 9060 9062 9065 9084 9086 9089 9090 9092 9093 9095 9096 9097 9098 9102 9104 9105 9109
135 108 109 132 136 627 629 634 1476 1479 1524 1525 1527 1531 1532 1533 2942 4479 4482 4489 4490 4526 4578 4579 4581 4582 4583 4584 4589 4590 4593 4595 4597 4599 4600 4605 5552 5553 5554 5555 5556 5559 5573 5581 5582 5609 5635 5657 5660 5667 5678 5680 5681 6374 6375 6376 6377 6393 6395 6396 6397 6404 6430 6431 6452 6453 6454 6458 6460 6461 6462 6463 6465 6477 6481 6483 6484 6485 6487 6495 6507 6508 6510 6511 7035 7038 7041 7045 7046 7047 7048 7056 7058 7062 7063 7110 7111 7112 7114 7116 7117 7120 7121 7124 7125 7137 7144 7146 7147 7148 7149 7150 7152 7159 7161 7162 9390 9391 9392 9393 9394 9395 9396 9397 9398 9407 9408 9409 9410 9538 9539 9540 9542 9550 9553 9556
51 110 125 191 192 1536 1538 1542 1543 1545 1546 1547 1550 1801 2537 2561 4190 4196 4201 4202 4204 4205 4206 4207 4209 4210 4211 4214 4215 4217 4218 4219 4221 4222 4227 4228 4247 4248 4250 4251 4252 4253 4259 4260 4261 4263 4264 4265 4266 4268 4272 4275
53 113 1253 1256 1270 2579 2581 2582 3572 3573 3574 3575 3576 3577 3583 3586 3596 3597 3634 3718 3722 3723 3726 3739 3741 3745 3746 3747 3748 5874 5875 5877 5887 5889 5891 5892 5904 5905 5907 5908 5909 5910 5911 5915 5918 5926 5927 5941 5942 5943 5945 5946 5952 5953
11 114 717 1558 1559 2886 2887 2889 2891 2892 2893 2895
75 115 286 287 2666 2667 2693 2694 2696 2701 2702 2703 2745 2746 2747 2748 2749 2788 2789 2801 2803 2805 2806 2808 2812 2818 2819 2839 2840 2841 2842 2844 2871 2884 2913 2915 2937 2938 2943 2945 2947 2948 2951 2953 2961 2963 2965 2966 2967 2968 2972 2986 2987 2990 2997 3002 3005 3006 3065 3067 3068 3072 3086 3087 3088 3097 3098 3101 3390 3392 3393 3395 3403 3765 3766 3767
9 116 252 256 259 279 581 1618 1619 1627
33 117 162 841 842 857 1277 1283 1284 1294 1297 1555 1556 1564 1565 1583 1772 1773 3034 3035 3039 3040 3041 3043 3048 4143 4148 4152 4153 4154 4155 4170 4171 6588
20 127 3030 3120 3840 3844 3845 3846 3848 3856 3857 4688 4690 4743 4745 4747 6260 6271 6299 6300 6301
15 137 910 911 915 918 919 920 938 944 981 987 989 990 3055 3057
8 138 142 1126 1127 1130 1132 1138 1154
11 143 303 609 619 620 622 637 3131 3136 3137 3143
90 146 1210 1211 3316 3317 3318 3330 3331 3332 3333 3335 3336 3338 3339 3340 3341 3342 3343 3345 3408 3409 3414 3417 3418 3421 3537 3539 3542 3554 3809 3815 3816 3867 3868 3873 3874 3877 3878 3879 3882 3883 3884 3885 3890 3892 3893 3894 3897 3898 3899 3900 3909 3925 3926 3929 3930 3940 3963 3966 3972 3973 3975 3976 3982 3983 3984 3985 3986 3987 3989 3990 3991 3992 3993 4003 4004 4005 4006 4007 4009 4011 4012 4017 4018 4019 4020 4032 4034 4035 4037
86 155 636 644 646 703 704 705 718 728 737 1781 1783 1794 1797 1798 2610 2611 4641 4643 4694 4696 4697 4699 4722 4723 4725 4727 4728 4729 4739 4740 4741 4753 4754 4756 4758 4759 4760 4761 4763 4764 4765 4769 4770 4779 4781 4786 4787 4788 4790 4795 4796 4797 4798 4799 4800 4802 4803 4804 4805 4806 4811 4840 4846 4848 4852 4853 4854 4855 4858 4859 4863 4865 4866 4872 4879 4888 4889 4891 4892 4893 4899 4958 4960 4961 4962
8 156 158 165 729 731 2147 2148 2149
31 160 1803 1804 1805 1806 1808 1809 1810 1812 1877 1944 1946 4178 4179 4180 4182 4184 5286 5287 5288 5291 5292 5293 5294 5311 5312 5314 5316 5318 5319 5320
28 175 177 179 823 1351 1352 1354 1357 2045 2063 2114 2116 2119 3407 3410 3411 3412 3413 3425 3426 3427 3428 3431 3432 3434 3438 3443 3444
35 178 317 1230 1232 1237 3520 3521 3533 3534 3535 3541 3546 3549 3551 3552 3564 3568 3578 3635 3636 3638 3653 3750 3752 3754 3756 3757 3758 4107 4108 4126 4127 4128 4130 4131
123 180 713 764 4093 4094 4097 4453 4455 4456 4457 4458 4459 4462 4463 4466 4467 4468 4476 4477 4478 4480 4481 4483 4484 4500 4501 4502 8088 8104 8108 8109 8110 8121 8122 8125 8126 8129 8130 8131 8133 8135 8136 8141 8142 8143 8144 8145 8148 8149 8150 8152 8153 8154 8155 8157 8158 8160 8161 8167 8173 8176 8177 8178 8179 8184 8185 8187 8195 8200 8201 8202 8208 8217 8219 8229 8230 8233 8237 8238 8241 8245 8246 8247 8250 8251 8252 8261 8262 8263 8264 8266 8267 8268 8283 8284 8286 8287 8290 8291 8297 8298 8312 8318 8320 8322 8323 8360 8437 8438 8439 8440 8441 8445 8446 8448 8450 8451 8453 8454 8455 8456 8459 8470
40 181 3871 3872 4136 4140 4141 4142 4156 4157 4162 4164 4165 4166 4167 4168 4169 4172 4173 4176 4185 4186 4187 4189 4192 4194 4197 4305 4310 4311 4312 4313 4314 4317 4318 4319 4321 4323 4325 4326 4329
8 182 184 189 304 306 319 338 341
29 185 187 188 190 207 208 234 450 451 4343 4344 4346 4350 4352 4359 4360 4363 4364 7303 7304 7309 7310 7311 7312 7314 7316 7317 7318 7319
27 186 1244 1246 1249 1252 1276 1280 1282 1286 1293 1299 1301 1302 1303 1304 1305 2307 2308 2491 2492 2494 7446 7447 7449 7450 7451 7456
19 193 457 458 1444 1450 1486 2645 2646 2648 2649 2650 2663 2664 2665 2668 5413 5416 5417 5418
9 194 269 1499 1500 1528 1529 1953 1958 2504
10 206 1155 1381 1535 1570 1586 1592 1593 1595 1596
49 210 455 2530 4431 4432 4433 4434 4435 4437 4679 4681 4685 5012 5015 5017 5021 5023 5024 5027 5028 5029 5053 5059 5060 5066 5068 5070 5072 5080 5082 5083 5084 5085 5087 5104 5133 5136 5141 5157 5158 5186 5188 5189 5190 5198 5199 5202 5205 5208
59 212 4377 4379 4380 4383 4385 4386 4387 4388 4390 4391 4393 4395 4396 4397 4398 4399 4404 4407 4452 4454 4460 4461 4528 4529 4530 4532 4553 4554 4558 4563 4564 4566 4567 4568 4569 4572 4573 4574 4575 4580 4608 4609 4612 4613 4622 4623 4624 4629 4630 4632 4633 4636 4637 4638 4639 4640 4642 4644
27 214 464 2574 2575 2586 2588 2589 2590 2591 2592 2597 2609 2613 2614 2616 4978 8491 8494 8495 8498 8501 8510 8520 8522 8546 8547 8548
46 215 241 790 803 811 814 2513 2514 3026 3027 3029 3062 5467 5468 5475 5476 5477 5480 5481 5504 5508 5510 5511 5513 5522 5524 5525 5526 5533 5534 5535 5536 5546 5547 5549 5563 5566 5567 5571 5572 5585 5586 5621 5705 5706 5707
12 216 242 1591 1726 1737 1738 5723 7741 7766 7768 7773 7774
80 217 1359 1360 1361 2855 2856 2865 2930 2933 2935 2941 2955 2958 2991 2996 2998 3001 3003 3007 3008 5435 5436 5437 5438 5441 5447 5454 5455 5456 5457 5458 5459 5488 5489 5500 5501 5505 5520 5521 5527 5731 5732 5736 5744 5745 5746 5748 5749 5750 5751 5752 5753 5762 5764 5768 5769 5770 5771 5772 5773 5780 5816 5818 5819 5834 5835 5836 5862 5864 5865 5866 5867 5868 5872 5880 5883 5886 5888 5917 5921
17 220 243 275 276 277 5957 5961 5964 5965 5966 5967 5968 5969 5970 6057 6058 6061
29 222 497 3164 3165 3166 3167 3175 3191 3195 3197 3465 3467 3470 3472 5990 5991 6044 6045 6048 6049 6052 6072 6073 6075 6077 6078 6087 6089 6090
83 232 263 541 549 824 5003 5006 5008 5009 5037 5040 5045 5046 5047 5048 5049 5050 6018 6019 6020 6021 6022 6028 6033 6034 6035 6038 6137 6138 6140 6141 6142 6165 6174 6175 6183 6186 6187 6188 6189 6191 6193 6196 6199 6203 6210 6211 6212 6213 6214 6215 6216 6514 6517 6529 6532 6539 6541 6543 6544 6546 6578 6579 6581 6582 6583 6597 6599 6600 6603 6604 6605 6615 6617 6618 6619 6620 6622 6628 6630 6631 6636 6639
1 233
7 235 3518 3519 3522 4678 9305 9307
18 239 343 347 2623 6815 6817 6818 6877 6879 6880 6890 6891 6892 6893 6895 6896 6897 6898
3 245 512 592
34 255 827 1498 1514 1863 1864 6331 6334 6335 6340 6341 6343 6346 6347 6348 6350 6351 6352 6353 6355 6358 6370 6381 6399 6400 6401 6406 6407 6408 6411 6412 6417 6421 6422
18 258 297 596 597 600 652 2691 2854 2857 2858 2859 2860 2861 2874 2875 3013 3023 3080
37 260 1044 1046 1051 1052 1053 1054 1056 1073 1076 1078 1814 1884 1965 1966 2212 2213 6224 6225 6228 6229 6230 6231 6232 6240 6701 6704 6799 6805 6807 6811 6812 6813 6820 6826 6829 6830
44 261 278 522 525 534 535 906 908 909 924 947 993 999 1042 1043 1121 1122 1157 1214 1218 1228 1238 1239 1240 1331 2070 2076 2078 2080 2095 2686 2687 2688 2690 2697 2698 2699 2700 2706 3129 3130 3134 3138 5211
5 262 3798 3801 3807 3808
2 264 697
70 265 6297 6302 6304 6306 6307 6314 6316 6327 6426 6429 6432 6442 6552 6554 6555 6556 6557 6558 6562 6563 6564 6569 6644 6645 6646 6648 6649 6651 6654 6665 6666 6667 6681 6682 6685 6688 6700 6705 6708 6710 6712 6713 6777 6778 6783 6953 6954 6955 6969 7012 7014 7015 7017 7020 7023 7028 7029 7030 7031 7032 7033 7034 7055 7065 7066 7228 7230 7231 7234
14 268 840 1088 1091 1092 1093 1094 1109 1113 1114 1116 1338 1358 1363
9 270 708 2218 2219 2220 2221 2222 2257 3826
3 271 273 283
27 272 1379 1388 2006 2007 7263 7269 7282 7284 7285 7290 7292 7293 7296 7297 7298 7299 7300 7301 7321 7323 7324 7325 7336 7338 7339 7341
10 284 2042 2043 2060 2061 2062 2067 7415 7416 7417
32 285 1287 3858 3859 3956 5225 5233 5234 5247 5248 5249 5251 5252 5253 5254 5256 5622 5623 5627 5629 5649 5650 5651 5653 5655 5659 5662 5669 5670 5671 5673 5674
2 293 2103
31 300 352 353 373 380 384 440 829 1628 2546 2548 2557 2558 2559 2722 2723 2733 2739 2741 2742 2791 8649 8650 8652 8654 8655 8663 8664 8668 8669 8670
14 307 1390 1393 3353 3354 4048 4050 4051 4052 4053 4054 4055 4056 4058
16 320 349 2846 2848 4047 4057 4060 4062 4064 4068 4069 4072 4073 4081 4085 4087
17 324 1318 2259 2283 2295 2297 2298 2299 2313 2315 2317 2336 2367 7553 7570 7576 7577
25 327 328 330 333 334 482 485 3113 3114 3115 3149 3151 3152 3155 3156 3157 6110 6111 6112 6114 6115 6117 6118 6120 6121
2 331 519
61 339 539 601 602 604 1364 1367 7355 7356 7357 7360 7372 7374 7375 7376 7377 7378 7380 7381 7383 7384 7385 7390 7391 7398 7404 7405 7406 7408 7409 7410 7411 7413 7420 7427 7428 7436 7437 7440 7460 8672 8681 8682 8850 8851 8852 8885 8886 8888 8890 8891 8893 8894 8895 8908 8912 8915 8920 8923 8930 8932
80 340 5699 5701 5703 5704 5708 5717 6097 6098 6101 6102 6103 6122 6123 6124 6127 6143 6144 6147 6152 6153 6252 6253 6254 6272 6273 6280 6281 6283 6284 6285 6287 6288 6289 6329 6330 6332 6977 6978 6979 6980 6981 6983 6984 6990 6998 7011 7013 7053 7067 7068 7069 7072 7073 7079 7081 7084 7085 7087 7088 7092 7093 7095 7099 7100 7108 7113 7122 7123 7197 7199 7200 7201 7202 7204 7206 7210 7211 7213 7215
27 354 1434 1435 1437 1438 1718 3389 3400 3415 3423 3424 3445 3460 3462 3463 3478 3711 3712 3779 4134 4135 7481 7482 7483 7485 7486 7492
33 357 358 370 1475 2361 2379 2381 2382 2383 2850 7578 7579 7580 7581 7582 7591 7592 7593 9327 9329 9330 9366 9367 9368 9369 9372 9377 9387 9388 9415 9416 9417 9418
29 359 560 576 577 580 768 771 777 789 791 802 848 849 7846 7847 7849 7850 7860 7861 7888 7889 7890 7891 7892 7894 7895 7896 7898 7899
3 360 445 447
61 362 8033 8034 8036 8037 8436 8452 8472 8473 8477 8479 8486 8488 8489 8493 8497 8504 8505 8508 8513 8514 8630 8631 8703 8706 8715 8717 8718 8720 8725 8726 8727 8728 8729 8733 8734 8736 8744 8759 8760 8761 8765 8766 8767 8769 8770 9143 9171 9172 9173 9174 9175 9176 9179 9180 9181 9187 9189 9190 9191 9192
25 365 379 855 862 864 1724 1760 1761 1765 3203 3208 3387 3388 3394 3439 3442 3446 3447 3479 3494 3500 3501 3502 3503 3504
60 366 2003 2004 2005 2008 4649 4654 4658 4661 4662 4663 4669 4670 4671 4672 4673 4674 5684 5686 5690 9267 9268 9270 9273 9274 9276 9278 9283 9284 9285 9291 9294 9295 9297 9299 9310 9311 9313 9314 9315 9316 9318 9326 9331 9359 9363 9364 9399 9400 9401 9414 9419 9420 9425 9426 9427 9433 9436 9437 9438
22 368 5850 5852 5855 5856 5857 5859 5995 6004 6007 6008 7646 7647 7650 7651 7652 9568 9569 9570 9571 9572 9577
22 369 872 883 898 2606 2618 3761 3763 3764 3768 3781 3782 3783 3784 3786 3787 3788 3792 3794 3795 3805 3818
49 375 393 394 583 1248 1271 1272 1274 1768 1769 1770 1771 1776 1777 1779 1780 1799 1802 1817 1818 1820 4705 4706 4710 4711 4720 4724 4731 4748 4750 4782 4785 4791 7216 7218 7220 7227 7229 7232 7233 7235 7236 7247 7256 7259 7261 7353 7363 7364
14 382 653 654 656 657 1970 1989 2792 2794 2798 2813 2814 7526 7527
50 383 399 3213 3215 3216 3217 3222 3240 3241 3242 3253 3275 3276 3280 3286 3287 3289 4367 4416 4423 4424 4425 4426 4448 4451 4465 4471 4472 4474 4475 4494 4495 4496 4498 4509 4510 4515 4517 4645 4647 4648 4652 4653 4683 6957 6964 6967 6968 6973 6974
18 395 397 422 431 443 456 459 3306 3307 3310 3312 3313 3346 3349 7665 7676 7686 7688
133 398 1487 1489 1490 1492 1494 1497 2433 2434 4022 4038 4226 4231 4233 4328 4330 4335 4336 4338 4339 7691 7693 7694 7695 7696 7698 7700 7701 7703 7705 7707 7708 7710 7716 7717 7720 7721 7722 9472 9473 9474 9497 9498 9499 9500 9501 9504 9505 9631 9636 9637 9648 9649 9650 9744 9752 9753 9755 9756 9757 9758 9759 9760 9761 9762 9763 9765 9766 9775 9776 9777 9778 9779 9788 9790 9792 9795 9796 9800 9803 9804 9805 9810 9812 9814 9815 9816 9817 9818 9819 9839 9840 9851 9852 9854 9855 9856 9857 9859 9862 9863 9871 9872 9873 9879 9880 9881 9891 9892 9893 9896 9901 9902 9904 9907 9908 9910 9911 9912 9930 9931 9934 9949 9951 9952 9953 9961 9962 9963 9967 9968 9990 9991
47 403 611 1203 1208 1998 2000 2001 2002 2113 2146 2150 2152 2158 2159 2179 2180 2198 2200 2209 2210 3821 3824 3832 3833 3834 3839 3841 3921 3923 3931 7725 7726 7795 7797 7801 7802 7803 7804 7805 7814 7815 7816 7817 7932 7933 7940 7997
43 408 438 1844 2112 2171 2173 2178 2182 2186 2189 7178 7807 7810 7813 7818 7828 7829 7836 7837 8560 8561 8562 8563 8568 8569 8570 8573 8576 8585 8591 8593 8595 8596 8689 8690 8698 8699 8700 8701 8704 8730 8731 8753
16 414 1433 1451 1452 1464 7466 7468 7470 9673 9676 9686 9687 9693 9695 9696 9697
15 421 425 471 1575 1576 4834 4835 4841 5266 5267 5276 5419 5421 5466 5551
16 424 1708 1711 1717 1719 1767 1774 1835 1838 1845 1855 1856 1861 1862 1869 3107
11 426 5955 5956 5972 5974 5975 5977 5979 5983 5986 5987
24 432 466 481 1625 2330 2331 2332 2333 2347 2534 2536 2538 2539 2560 2570 2571 5299 5304 5305 5374 7509 7512 7517 7540
2 433 2388
7 442 5001 5005 5007 8795 8800 8805
35 461 1530 1636 1638 8811 8813 8821 8822 8823 8828 8830 8838 8846 8897 8898 9439 9440 9441 9442 9444 9726 9728 9730 9735 9736 9738 9739 9742 9743 9745 9746 9769 9771 9772 9774
43 465 625 626 631 2392 3593 3608 3614 4382 4409 4543 4544 4546 4547 4548 7856 7869 7870 7872 7873 7876 7879 7881 7884 7902 7903 8027 8028 8045 8053 8054 8061 8600 8632 8637 8642 8643 8648 8673 8674 8685 8758 8771
8 467 7171 7172 7180 7182 7185 7186 7187
11 469 4362 4371 4372 4410 4411 7601 7605 7606 7607 7608
15 477 489 498 506 2622 2624 2625 2628 2709 5499 5502 5506 5514 5516 5517
1 491
5 500 1674 1676 1677 1678
13 504 516 7731 7733 7736 7751 7752 7753 7754 7790 7792 7800 7806
9 508 1879 1880 1887 1935 1940 2242 2247 2249
6 510 635 1290 1292 1307 1315
12 513 518 8780 8783 8785 8788 8791 8793 8794 8797 8798 8799
10 514 1485 1491 1495 1646 2442 2443 4046 4049 4063
4 515 521 594 647
14 520 2438 2487 7922 7923 8084 8085 8086 8100 8169 8171 8172 8174 8194
3 526 536 1653
1 537
6 540 544 546 669 1706 1875
1 547
26 548 551 558 559 1370 1371 1374 3667 3669 3670 3671 3672 3674 3676 3709 3710 5993 5994 5996 6424 6425 6427 6433 6445 6446 6447
25 557 766 770 2845 2849 2851 2852 2862 7560 7561 7562 7565 7622 7624 7644 7663 7670 7671 7672 7674 7675 7680 7687 7689 7690
12 563 564 670 672 2524 2525 2526 2527 2529 3010 3012 3024
2 566 7908
6 567 678 702 706 719 722
3 568 1949 2532
63 569 733 1951 4551 4555 4586 8429 8430 8482 8490 8517 8519 8523 8524 8538 8539 8952 8953 9133 9134 9136 9137 9139 9140 9141 9142 9166 9167 9169 9177 9182 9184 9185 9195 9202 9203 9205 9256 9259 9266 9286 9287 9288 9289 9290 9293 9484 9487 9491 9492 9493 9506 9507 9509 9511 9516 9520 9521 9522 9523 9525 9526 9527
3 575 7535 7537
4 584 805 822 825
11 586 587 7859 7863 7864 7865 7866 7867 7868 7910 7911
3 593 595 1990
6 607 3939 3943 4703 4704 4712
5 610 614 4844 4850 4963
5 615 752 3950 3951 3952
24 617 8025 8026 8029 8041 8048 8052 8055 8064 8072 8073 8074 8075 8191 8192 8398 8399 8400 8401 8404 8405 8407 8408 8409
5 618 1994 2009 2011 2016
3 621 5590 5591
43 623 982 1382 1482 1540 9588 9590 9591 9592 9593 9594 9595 9597 9609 9610 9612 9613 9617 9619 9621 9622 9623 9625 9626 9628 9630 9633 9662 9663 9691 9713 9718 9719 9720 9721 9722 9915 9919 9922 9935 9938 9959 9969
6 633 1955 2580 2598 2605 2716
6 640 5000 5004 5051 5052 5054
5 642 835 837 838 951
10 643 985 2319 2401 2402 2428 2446 2447 2449 3913
27 645 1948 1950 1981 8426 8427 8540 8541 8542 8551 8552 8553 8554 8835 8837 8843 8844 8848 8853 8892 8896 8899 8900 8902 8943 8944 8945
23 648 787 6661 6904 6907 6944 6945 6948 6958 7078 7080 7082 7083 7104 7105 7106 9475 9476 9480 9483 9494 9502 9510
8 650 2500 2505 7343 7344 7345 7347 7348
8 658 2533 5528 5530 5532 5537 5539 5543
3 662 726 730
4 671 674 735 3962
12 676 738 754 5217 5228 5230 5232 5258 5259 5263 5264 5285
2 681 696
3 698 700 2107
4 701 709 844 1954
6 712 3933 3953 3954 3955 3957
18 715 858 902 905 2161 2162 4098 4099 4100 4101 4112 4117 4118 4120 4121 4818 4819 4821
11 716 2174 4815 4816 4829 4831 4842 4860 4868 4869 4871
12 723 3995 4444 4446 4447 4449 5162 5164 5168 5173 5632 5633
27 727 2787 3099 3100 3102 3108 3109 3112 5497 5544 5595 5596 5597 5601 5602 5605 5608 5610 5613 5614 5631 5647 5648 5679 5682 5683 5685
3 734 757 3161
5 736 775 1984 2785 2786
9 742 2669 4986 4987 5086 5089 5209 5212 5227
2 743 806
3 744 2214 5849
3 748 3528 3529
16 756 2251 2256 2268 8424 8425 8428 8559 9117 9118 9119 9120 9121 9122 9123 9124
2 758 1991
12 762 2271 2359 2360 5815 5817 5820 5822 5824 5924 5947 5948
1 769
7 776 3507 3509 3585 3590 3591 3664
1 788
9 797 3277 3288 3290 3297 3298 3299 3300 3308
11 804 807 2683 2685 2689 2704 2708 2712 8021 8022 8024
4 810 816 828 4619
8 812 2465 2466 2511 2515 2825 2827 2828
3 813 833 870
3 817 839 843
11 830 2216 2629 2631 2635 2636 2637 2638 5741 5767 5774
3 846 854 856
18 847 3665 3666 3677 3691 4090 4123 4125 4144 4145 4149 4174 4175 4177 4200 4203 4348 4353
1 852
2 859 6029
5 861 961 964 965 1369
16 865 954 986 1018 5807 5826 5828 5829 5830 5831 5832 5833 5838 5840 5842 5845
8 867 2830 2831 4687 4689 4693 4733 6055
15 868 871 880 6000 6003 6005 6006 6009 6023 6062 6063 6064 6067 6093 6094
19 873 897 3820 3849 3852 3854 3855 3860 3861 5159 5165 5180 6251 6449 6450 6466 6467 6476 6479
6 877 967 2870 2872 2890 2894
2 878 937
8 879 913 2908 2910 2928 2929 2960 2969
6 886 921 3050 3051 3052 3159
1 891
2 894 7729
3 896 901 946
6 899 914 1376 2674 2677 2678
8 903 2130 2320 2323 2326 2369 2393 6499
4 904 2576 2577 2585
2 907 978
4 912 2715 2718 7534
10 922 1049 1050 2407 2822 2823 2824 6290 6497 6498
3 923 2903 2904
12 925 943 980 988 3715 3716 3717 7912 7918 7919 7920 7926
4 934 948 6572 6573
10 952 955 2642 2643 2644 2647 2651 2658 2732 7107
1 953
5 959 5719 6241 6270 6279
1 960
1 966
8 968 975 979 992 3209 3210 3211 3218
1 969
10 971 1014 1017 6910 6911 6939 6963 6965 6989 7002
1 973
9 976 3085 3198 3200 3920 3932 3934 3936 8416
13 984 1553 1571 2734 2735 2738 2740 2743 2765 2766 2774 2775 2776
9 991 1036 1047 1969 1974 7196 7226 7367 7368
7 995 1034 1102 1183 6788 6797 8964
7 1002 1182 1241 1242 1243 1250 1266
6 1004 1033 3049 3054 3058 3059
6 1005 6323 6324 8006 8007 8009
8 1006 3738 3869 3911 3912 3914 3915 3958
5 1008 4075 9132 9211 9212
3 1011 1117 2829
7 1012 1035 1048 1055 1059 1066 1079
5 1016 1029 1330 1334 3457
10 1020 1119 9458 9461 9462 9464 9466 9468 9537 9544
1 1022
5 1025 1089 1120 1178 1181
3 1032 1368 1375
7 1045 1275 1291 3701 3702 3703 3706
2 1057 1993
2 1058 4224
1 1071
3 1074 1322 1323
13 1075 4236 4238 4239 4240 4241 4243 4245 4607 4610 4627 4628 4631
12 1085 1384 5194 5197 5200 5201 5203 5236 5237 5238 5239 5240
9 1087 3524 3526 4873 4874 4876 4967 4969 4973
3 1090 4269 5698
2 1096 1184
17 1098 1164 5283 5341 6107 6145 6155 6156 6162 6163 6166 6171 6176 6195 6198 6200 6201
9 1103 1544 1552 1701 1888 1893 1894 1909 1911
1 1105
5 1108 7189 7190 7191 7192
1 1115
2 1118 1185
5 1123 1124 1125 1137 1601
1 1136
2 1139 1150
8 1148 1149 1169 2905 6474 6475 6478 7471
11 1151 1194 1213 3009 3019 3022 6638 6640 6641 6642 6660
19 1156 3775 3776 3777 3778 3791 3793 5783 5785 5788 5879 5893 5901 5902 6294 6295 6296 6298 6308
16 1159 5494 6363 6364 6365 6378 6384 6386 6387 6398 6423 6428 6434 6436 6440 6441
7 1162 6525 6548 7135 7138 7139 7414
5 1163 1324 5802 5803 5805
6 1165 1174 1320 1389 1468 1470
3 1167 1222 1327
3 1170 1478 7521
6 1171 1581 3361 3362 3372 4291
4 1172 1471 3863 3870
12 1179 1180 5411 5412 5422 5425 5429 5431 5492 5495 5574 5575
7 1190 4302 4304 4306 4309 4327 4331
5 1197 1207 1387 1394 4412
17 1198 1236 1296 6256 6257 6259 6470 6471 6472 6473 6488 6489 7543 7545 7547 7550 7559
7 1215 1519 1520 1537 2863 2864 2866
2 1216 4418
3 1217 1308 1635
7 1220 1225 3459 9042 9043 9044 9045
3 1229 1335 5787
10 1231 3618 3619 3626 7491 7498 7723 7727 7728 7730
9 1234 4525 4534 4537 7369 7370 7373 7395 7396
3 1245 1386 1396
7 1247 1254 9614 9634 9635 9638 9643
2 1251 6513
5 1261 2028 2029 3737 3979
1 1263
10 1269 1455 6567 6570 6571 6591 6592 7855 7857 7858
5 1273 4342 8005 8008 8011
3 1281 8980 8981
2 1285 1295
1 1288
12 1300 1339 1344 1459 1589 1639 1640 4413 4414 4415 4417 4422
9 1306 1496 2049 2050 2051 2055 2056 2058 2059
3 1309 1505 1508
10 1311 8111 8113 8181 8182 8183 8186 8207 8209 8225
4 1314 1679 1688 1690
1 1316
4 1317 1436 1510 6633
23 1319 1541 1554 1568 1572 1573 1574 1579 1582 4587 4591 4601 4606 5806 5861 5895 5896 5898 5899 5951 5980 6095 6656
4 1325 1346 3069 3074
7 1326 1511 2101 2102 7442 7444 8275
18 1329 1587 1588 1590 1599 1600 1616 2641 6699 6702 8276 8279 8288 8300 8301 8308 9068 9080
3 1336 3660 3668
5 1341 2899 3659 3673 6901
1 1345
6 1353 2110 3032 7784 7786 7788
7 1355 4794 4807 4808 4809 4812 4877
9 1356 6800 6801 8367 8369 8371 8383 8384 8385
3 1373 1377 1378
4 1380 1405 1663 6662
8 1383 2111 2412 2426 2429 2432 2900 2901
1 1385
2 1392 2952
2 1400 4984
7 1401 1832 2640 2656 2713 2714 3224
12 1402 1668 1669 8361 8419 8421 8422 8423 8431 8432 8433 8987
1 1404
7 1415 1420 1448 1458 2334 2335 2338
15 1416 3384 3385 3391 3396 3397 8584 8586 8590 8592 8594 8598 8601 8633 9452
9 1417 1431 1621 1932 1933 1952 1959 1960 1975
3 1423 1516 1634
6 1424 1442 1461 2144 2145 2160
3 1426 5338 5795
1 1428
1 1446
1 1447
1 1449
2 1453 3232
1 1454
1 1474
3 1480 4258 4287
6 1481 8686 8688 8691 8693 8694
2 1483 1978
1 1484
2 1488 4008
3 1493 1764 1766
8 1502 4357 4499 5377 5379 5384 5385 5386
3 1507 2262 2269
1 1509
3 1512 1513 8243
9 1515 1617 6758 6775 6785 6786 6803 6839 6867
13 1517 3730 3731 3732 5607 6888 6889 6894 6908 6912 6914 6919 6921
1 1518
7 1523 5718 5721 5722 8773 8786 8789
3 1526 1722 6755
8 1534 7195 7198 7401 7402 7403 7473 7474
2 1539 1551
5 1548 1666 1670 1671 1728
5 1549 1641 1644 1649 5728
2 1557 1790
3 1562 1624 7154
9 1584 4044 4074 4078 4079 4082 4084 4086 4995
7 1585 1980 1982 8906 8907 8926 8928
2 1602 1626
