22 0 1 6 17 20 26 27 28 29 31 36 37 38 42 43 44 56 57 59 60 61 63
21 2 3 4 5 7 15 18 35 39 50 68 69 70 71 76 78 79 94 95 97 98
119 8 23 24 101 105 112 113 120 123 125 126 234 236 237 238 239 240 250 251 268 269 276 277 286 287 294 295 296 300 301 302 304 305 306 307 315 319 320 321 327 328 329 330 331 332 333 334 337 339 340 347 361 362 429 430 435 436 437 438 448 454 456 457 458 459 466 467 469 471 473 476 477 478 479 480 490 493 494 495 499 500 501 514 515 517 531 1485 1486 1504 1505 1506 1510 1511 1512 1513 1523 1525 1526 1527 1530 1532 1533 1589 1590 1591 1593 1594 1603 1604 1605 1608 1610 1611 1613 1616 1618 1620 1622 1627
4 9 10 84 85
29 11 88 134 135 137 138 139 149 155 157 159 160 166 169 170 171 172 173 176 177 178 179 181 216 217 218 230 232 233
29 12 281 283 2013 2014 2018 2019 2022 2023 2024 2025 2026 2028 2029 2031 2037 2039 2041 2042 2043 2051 2052 2054 2073 2076 2077 2078 2079 2084
56 13 14 22 25 185 186 187 188 189 190 191 192 214 222 227 228 229 241 242 253 372 378 382 386 388 389 390 399 400 401 406 410 418 420 421 422 423 425 426 552 553 554 555 556 559 561 568 569 573 575 581 583 587 590 591 592
38 16 21 30 32 51 53 58 86 87 91 93 99 104 182 183 198 203 204 205 288 289 290 292 308 309 310 313 316 324 325 344 380 381 402 404 405 407 411
43 19 108 109 110 114 211 246 256 257 258 261 262 558 560 563 565 566 596 597 600 605 606 607 611 613 616 623 624 1140 1143 1145 1146 1147 1149 1150 1162 1168 1169 1171 1172 1174 1176 1177
47 33 34 41 620 621 628 629 630 631 634 635 638 641 670 673 674 675 677 683 685 687 688 689 690 692 693 696 704 705 708 710 711 3110 3111 3121 3122 3123 3124 3126 3127 3129 3130 3131 3133 3138 3141 3143
49 40 45 46 121 652 657 668 700 703 706 712 718 719 720 721 723 724 725 729 730 755 756 758 759 760 761 762 763 780 781 784 785 786 787 793 795 796 933 935 939 940 958 959 964 965 966 971 972 973
103 47 732 802 805 806 832 834 837 840 841 842 844 845 3026 3030 3043 3044 3045 3074 3148 3161 3166 3168 3173 3182 3183 3184 3185 3186 3188 3223 3226 3234 3235 3237 3257 3258 3259 3260 3261 3266 3267 3268 3270 3271 3273 3275 3276 3278 3279 4483 4484 4487 4490 4501 4502 4682 4684 4686 4688 4706 4715 4716 4717 4718 4719 4720 4723 4725 4727 4729 4737 4739 4740 4742 4744 4745 4746 4749 4750 4751 4752 4753 4754 4755 4758 4760 4761 4763 4764 4765 4767 4814 4816 4820 4830 4831 4832 4894 4895 4911 4914 4915
46 48 115 128 129 366 370 397 398 413 424 450 451 912 914 915 916 919 920 921 922 923 924 927 928 929 930 931 932 954 955 956 957 960 8217 8218 8249 8250 8252 8255 8256 8257 8261 8262 8263 8264 8265
80 49 52 146 462 465 472 481 487 488 502 503 1016 1017 1020 1021 1023 1025 1026 1033 1034 1037 1038 1039 1040 1041 1042 1043 1045 1046 1048 1049 1050 1051 1052 1054 1057 1058 1062 1064 1066 1068 1069 1070 1071 1072 1074 1075 1076 1077 1081 1082 1083 1084 1087 1089 1092 1093 1095 1096 1098 1100 1101 1108 1112 1116 1118 1119 1122 1123 1124 1125 1126 1127 1128 1130 1131 1134 1135 1136 1199
45 54 65 849 1207 1209 1218 1219 1220 1221 1223 1225 1226 1227 1229 1231 1234 1235 1267 1268 1385 1396 1406 1410 1411 1412 1413 1415 1416 1422 1423 1424 1425 1426 1427 1429 1431 1432 1433 1434 1435 1436 1439 1441 1444 1445
113 55 66 151 504 506 507 510 511 1319 1320 1321 1328 1330 1331 1336 1337 1340 1341 1343 1344 1345 1350 1383 1384 1387 1388 1389 1394 1398 1399 1464 1478 1480 1483 1490 1492 1493 1495 1499 1500 1535 1536 1538 1539 1540 1576 1631 1632 1633 1639 1640 1642 1643 1645 1647 1649 1651 4963 4976 4977 4999 5003 5006 5008 5009 5010 5013 5014 5015 5016 5022 5023 5025 5028 5030 5031 5032 5043 5044 5100 5101 5106 5108 5109 5110 5115 5116 5117 5118 5120 5123 5129 5130 5131 5134 5135 5136 5137 5138 5140 5149 5150 5153 5154 5155 5158 5164 5169 5173 5174 5176 5177 5178
6 62 72 322 323 338 341
58 64 164 167 168 180 270 279 285 346 532 533 536 537 1816 1818 1819 1821 1822 1824 1825 1826 1827 1828 1833 1834 1836 1837 1838 1842 1843 1844 1845 1855 1856 1857 1865 1866 1867 1868 2425 2426 2427 2440 2441 2453 2454 2462 2463 2466 2470 2471 2474 2476 2481 2493 2502 2506 2507
216 67 82 83 102 103 1279 1283 1284 1290 1292 1293 1294 1299 1300 1301 1302 1303 1305 1308 1311 1314 1315 1687 1688 1689 1691 1692 1693 1695 1697 1729 1732 1734 1736 1737 1738 1744 1745 1746 1747 1748 1749 1750 1751 1752 1753 1754 1755 1757 1760 1761 1762 1776 1777 1779 1780 1782 1786 1794 1795 1796 1797 1798 1804 1805 1809 1810 1811 1814 1835 1839 1840 1852 1858 1859 1870 1871 1872 1873 1879 1880 1882 1884 1890 1891 1908 1909 1910 1911 2945 2946 2947 2949 2950 2951 2953 2957 3022 3032 3046 3047 3048 3596 3599 3600 3601 3617 3624 3625 3626 3631 3632 3633 3639 3640 3641 3642 3813 3815 3816 3821 3822 3825 3827 3828 3829 3848 3853 3856 3857 3939 3945 3947 3955 3956 3961 3963 3965 3971 3975 3979 3981 3985 3990 3991 3992 3993 3994 4009 4010 4012 4013 4016 4018 4019 4021 4022 4024 4025 4028 4030 4031 4033 4034 4035 4036 4043 4045 4047 4048 4049 4050 4051 4053 4054 4061 4068 4069 4070 4072 4076 4078 4080 4086 4089 4090 4092 4093 4094 4096 4097 4203 4204 4209 4214 4215 4219 4220 4222 4223 4226 4229 4230 4232 4233 4241 4242 4243 4244 4247 4248 4249 4250 4251 4253 4254
26 73 75 3361 3362 3363 3364 3369 3372 3381 3391 3392 3393 3395 3396 3397 3400 3402 3403 3749 3753 3754 3759 3760 3765 3766 3767
32 74 100 349 539 541 543 545 546 547 1967 1983 1984 1985 1986 1988 1989 1992 1993 9663 9664 9667 9669 9670 9671 9675 9676 9677 9678 9680 9686 9694 9697
3 77 818 870
20 80 106 107 116 133 145 1652 1658 1659 1660 1661 1665 4541 4543 4544 4547 4548 4554 4555 4556
22 81 89 90 92 153 255 356 359 364 518 1930 1946 2308 2317 2322 2323 2324 2327 2329 2335 2337 2338
74 96 223 225 263 280 282 2010 2032 2036 2044 2058 2059 2087 2093 2094 2110 2115 2127 2133 2135 2136 2138 2139 2140 2141 2142 2143 2150 2151 2152 2154 2155 5252 5259 5261 5270 5271 5276 5279 5281 5282 5283 5287 5295 5297 5298 5299 5300 5305 5309 5310 5311 5312 5313 5314 5317 5363 5370 5371 5372 5399 5401 5402 5405 5407 5408 5409 5412 5413 5414 5437 5449 5450 5453
4 111 117 118 519
52 119 2160 2163 2164 2166 2167 2168 2169 2172 2173 2178 2180 2185 2186 2187 2188 2190 2196 2201 2202 2203 2212 2214 2215 2227 2230 2231 2232 2233 2234 2235 2236 2237 2240 2244 2245 2247 2248 2251 2255 2259 2263 2264 2272 2275 2278 2279 2281 2282 2283 2285 2288
23 122 367 373 376 377 379 439 2305 2306 2344 2345 2346 2347 2352 2354 2356 2359 2360 2373 2374 2381 2382 2388
12 124 8288 8292 8293 8294 8295 8299 8300 8303 8309 8310 8311
49 127 1354 1355 1368 1371 1373 1374 1381 1405 1417 1419 1420 1421 1428 5221 5233 5234 5236 5237 5238 5240 5248 5250 5268 5269 5481 5498 5500 5501 5502 5503 5504 5505 5506 5507 5511 5512 5514 5516 5517 8989 8990 8991 8992 8993 8994 9002 9003 9018
46 130 131 271 272 453 874 875 876 878 880 881 887 888 889 983 984 987 988 991 992 994 995 996 997 998 999 1000 1001 1913 1914 1917 1918 1919 1923 1924 1925 1926 1927 1932 1933 1934 1937 1950 1954 2517 2518
5 132 136 567 580 582
37 140 184 195 811 812 813 814 829 848 851 852 2531 2537 2546 2547 2549 2555 2556 2563 2564 2566 2569 2570 2571 2590 2593 2596 2598 2602 2612 2614 2615 2616 2618 2620 2631 2634
17 141 142 595 619 622 625 626 632 654 655 2000 2001 2002 2007 2665 2679 2681
61 143 207 208 209 212 2718 2736 2737 2742 2745 2746 2747 2748 2751 2758 2759 2760 2761 2762 2763 2765 2767 2768 2769 2770 2771 2772 2773 2776 2813 2816 2819 2822 2823 2824 2832 2833 2834 2835 2836 2837 2838 2841 2842 2844 2848 2852 2854 2855 2856 2861 2867 2868 2869 2872 2878 2880 2883 2891 2893 2894
96 144 150 152 154 653 656 659 660 662 665 666 667 671 672 735 739 740 742 744 746 747 750 751 757 788 1160 1161 1165 1167 1170 1178 1182 1183 1193 1195 1196 1197 1200 1214 1215 1216 1245 1246 1249 1250 1252 1254 1266 1278 1280 1281 1457 1458 1462 1463 1466 1467 1468 1469 1471 1476 1509 1566 1567 1570 1585 1587 1588 1592 1595 1596 6991 6993 6995 6996 6999 7002 7029 7030 7031 7032 7033 7035 7037 7038 7039 7040 7042 7043 7044 7047 7048 7061 7062 7063 7272
35 147 156 158 161 200 201 733 743 753 754 807 809 908 909 913 941 943 946 2942 3308 3310 3311 3319 3321 3323 3324 3326 3328 3350 3352 3353 3354 3384 3385 3386
24 148 791 792 797 817 819 7405 7408 7410 7413 7430 7432 7433 7438 7439 7440 7442 7443 7445 7446 7448 7449 7451 7456
26 162 862 864 866 868 871 872 873 879 882 1010 2085 2086 2088 2145 2146 2147 2148 2156 2157 2927 2941 2955 2956 3594 3595
10 163 175 193 352 353 355 644 646 682 694
37 165 891 1157 1190 1191 1192 1201 1210 1212 8179 8183 8184 8185 8188 8203 8205 8206 8207 8208 8214 8215 8216 8287 8317 8328 8329 8330 8331 8333 8337 8341 8342 8343 8345 8348 8349 8351
14 174 213 350 354 497 1668 1671 1672 2223 2224 2225 2242 2243 2249
43 194 215 220 244 816 821 979 980 981 993 1002 1003 1004 1005 1008 1015 2290 2293 2294 2304 2307 2311 2389 2390 2393 2398 2410 2411 2420 2424 2428 2430 2431 3191 3193 3198 3200 3211 3212 3217 3220 3222 3227
71 196 1666 1667 1675 1676 1677 1678 2635 2636 2637 2638 2642 2643 2646 2647 2649 2650 2651 2652 2653 2657 2658 2664 2666 2671 2673 2674 2675 2676 2684 2685 2686 2689 2691 2704 2708 2710 2711 2712 2917 2918 2919 2920 2922 2923 2924 2928 2929 2930 2931 2932 2934 2958 2960 2961 2962 2982 2987 2990 3051 3053 3058 3060 3061 3063 3069 3070 3077 3079 3081 3082
45 197 1151 1152 1153 1156 1187 1188 1203 1204 1205 1206 1217 1224 1241 1244 1253 1255 2509 2510 2523 3887 3888 3894 3900 3906 3929 3930 3932 3933 3937 3938 4114 4115 4116 4117 4118 4119 4120 4122 4123 4124 4125 4128 4129 4131
39 199 252 265 3473 3475 3476 3477 3484 3485 3488 3489 3491 3492 3493 3516 3517 5834 5835 5836 5850 5851 5896 5897 5945 5946 5947 5948 5962 5964 5966 5967 5969 5971 5976 5977 5979 5984 5985 5987
23 202 4356 4357 4359 4360 4364 6849 6851 6853 6854 6856 6858 6863 6864 6865 6990 6992 6994 6997 6998 7005 7009 7010
26 206 1257 1258 1259 1261 1264 1270 3090 3092 3286 3288 3289 3293 3297 3299 3300 3301 3302 3304 3305 3306 3307 3338 3342 3349 3444
42 210 365 369 428 444 526 527 528 529 544 548 549 903 904 907 938 953 4420 4421 4422 4438 4441 4442 4444 4446 4447 4448 4451 4461 4528 4529 4530 4531 4551 4558 4564 4565 4567 4568 4569 4570 4576
21 219 266 267 1272 1306 1309 1313 3456 3457 3546 3553 3556 3557 3558 3559 3564 3571 3572 3576 3579 3580
44 221 248 767 1318 1543 1716 1722 1723 1726 1739 3583 3644 3649 3656 3657 3658 3660 3661 3662 3664 3686 3687 3693 3694 3695 3696 3697 3713 3724 3725 3726 3730 3731 3732 3733 3735 3736 3738 3740 3746 3747 3761 3768 3769
98 224 4382 4385 4386 4387 4388 4389 4392 4394 4395 4396 4397 4399 4400 4401 4402 4403 4408 4409 4416 4429 4434 4453 4463 4474 4475 4476 4478 4480 4481 4485 4513 4514 4516 4609 4610 4611 4612 4615 4622 4623 4626 4631 4633 4634 4635 4850 4862 4867 4868 4869 4872 4880 4882 4883 4884 4889 4890 4918 4920 4925 4926 4927 4933 4934 4936 4943 4948 4950 4951 4952 4953 4954 4995 5052 5053 5055 5056 5059 5060 5064 5065 5586 5588 5589 5590 5592 5593 5600 5603 5604 5605 5606 5609 5659 5662 5663 5666
21 226 801 847 1115 1788 1789 1790 1799 1800 1898 1899 1900 1904 1929 1931 1938 1939 1958 1974 2102 2103
3 231 446 447
6 235 2492 2494 6335 6360 6371
29 243 273 274 455 2498 3862 3863 3864 3871 3873 3874 3875 3876 5746 5750 5754 5756 5757 5758 5759 5761 5762 5772 5774 5816 5819 5821 5822 5823
76 245 461 639 701 702 709 713 727 1334 1335 1347 1601 3153 3154 3165 3171 3172 3174 3176 3177 3178 3181 3187 3189 3207 3390 3404 4157 4158 4159 4162 4163 4165 4166 4167 4168 4169 4170 4171 6397 6398 6404 6435 6453 6454 6455 6461 6462 6464 6466 6468 6471 6472 6474 6475 6476 6477 6478 6480 6536 6547 6548 6552 6553 6554 6556 6557 6558 6560 6563 6564 6580 6582 6584 6585 6588
11 247 826 1565 1574 1575 1577 1578 1580 2489 2490 2497
11 249 485 1770 1772 1773 5245 5246 5247 5249 5251 5255
11 254 496 8804 8805 9463 9471 9472 9475 9476 9477 9478
19 259 408 409 412 486 2621 2624 2625 2626 2699 2701 2703 2800 2802 2803 2805 2806 2808 2810
3 260 967 969
58 264 513 522 557 594 602 603 617 3413 3420 3425 3426 3441 3445 3446 3447 3452 3453 3454 3455 3459 3460 3461 3464 3466 3470 3471 3472 4285 4286 4287 4292 4293 4295 4298 4301 4309 4310 4312 4315 4316 4318 4319 4321 4323 4324 4332 4333 4334 4335 4336 4338 4339 4655 4656 4657 4658 4659
23 275 278 648 650 1102 1103 1105 3537 3538 3592 3593 3614 3616 3618 3619 3621 3623 3627 3653 3666 3668 5207 5208
18 284 1351 1353 1356 1446 3783 3784 3785 3786 3791 3797 3801 3802 3804 3806 3809 3817 3818
14 291 293 1544 1547 1549 1553 1555 1559 5092 5187 5190 5196 5209 5211
56 297 738 741 764 4527 4532 4582 4583 4584 4586 4591 4592 4779 4780 4781 4785 4786 4787 4791 4836 4839 4843 4853 4856 4857 4859 4876 4877 4879 4885 4887 4888 4891 4892 4896 4897 5459 5508 5509 5518 5519 5521 5526 5529 5530 5533 5534 5535 5536 5552 5553 5554 5557 5558 5559 5561
13 298 1764 1765 3105 3108 3114 3115 3152 3157 5693 5695 5697 5698
19 299 770 1709 1710 1712 1713 1718 3281 3284 3285 6030 6031 6033 6034 6039 6042 6043 6050 6051
82 303 790 798 800 808 1774 1785 1787 1791 5724 5725 5726 5727 5730 5733 5734 5737 5740 5741 5743 5744 5745 5769 5770 5771 5773 5775 5776 5784 5785 5789 6239 6250 6251 6253 6254 6255 6256 6257 6258 6259 6263 6266 6276 6278 6279 6707 6709 6710 6712 6713 6717 6725 6726 6729 6730 6757 6764 6765 6766 6767 6770 6771 6773 6774 6785 6786 6788 6789 6790 6792 6794 6796 6797 6799 6819 6820 6822 6823 6832 6834 6835
51 311 312 1948 1951 1969 1970 1981 3842 4156 4160 4161 4172 4173 4191 4192 4193 4196 4267 4272 4274 5569 5720 5722 5781 5782 5792 5794 5795 5799 5804 5805 5868 5870 5876 5877 5910 5911 5912 5914 5915 5916 5918 5941 5942 5943 5944 5949 5950 6028 6029 6065
9 314 317 1869 2121 2124 2126 2128 2144 2149
19 318 771 772 896 897 1637 6317 6318 6321 6322 6323 6324 6331 6332 6484 6485 6486 6487 6491
17 326 1011 1013 1018 2219 2220 2250 2331 2332 2333 2334 2339 2340 2405 3018 3019 3021
167 335 827 1375 3520 3521 3522 5076 5082 5085 5087 5095 5096 5098 5114 5126 5127 5128 5132 5133 5141 5159 5160 5161 5570 5571 5573 5576 5579 5580 5581 5584 5585 5591 6192 6193 6194 6196 6200 6201 6212 6213 6215 6218 6219 6220 6221 6222 6228 6229 6230 6231 6234 6235 6687 6688 6689 6692 6694 6696 6699 6700 6701 6702 6724 6736 6737 6839 6846 6861 6866 6868 6871 6873 6874 6875 6880 6882 6883 6920 6947 6948 6951 6955 7068 7069 7070 7071 7072 7076 7080 7082 7083 7085 7087 7088 7089 7103 7104 7105 7106 7112 7114 7115 7116 7117 7119 7124 7127 7129 7131 7132 7133 7134 7644 7647 7655 7661 7662 7663 7664 7665 7673 7674 7675 7677 7687 7696 7697 7714 7726 7731 7750 7753 7754 7756 7811 7813 7814 7821 7824 7826 7830 7831 7832 7834 7838 7839 7845 7846 7849 7850 7856 7860 7865 7867 7868 7870 7871 7872 7875 7876 7877 7880 7882 7883 7884 7885
27 336 342 1114 1155 1940 1957 3528 3529 6133 7282 7284 7285 7289 7290 7291 7293 7299 7300 7301 7309 7310 7312 7313 7314 7316 7317 7319
43 343 360 383 384 427 3671 3673 3682 3683 3684 3688 3703 3704 3705 3707 3709 3710 4589 4590 5649 5651 5657 5679 5680 5681 7771 7773 7775 8550 8551 8552 8553 8555 8574 8590 8591 8592 8593 8594 8596 8614 8616 8618
22 345 508 976 1085 1086 1982 2267 6073 6074 7382 7383 7385 7390 7391 7392 7393 7394 7395 7396 7404 7412 7414
15 348 1110 2060 2061 2062 2063 2500 2513 2514 4670 4672 4673 4676 4677 4678
34 351 2159 2162 2406 8103 8104 8105 8119 8120 8121 8122 8124 8127 8130 8131 8133 8134 8137 8138 8140 8146 8150 8153 8154 8156 8158 8161 8164 8377 8379 8380 8384 8386 8387
4 357 358 417 419
10 363 416 431 432 434 441 2630 7525 7526 7527
28 368 5702 5704 5705 5706 5708 5710 5711 5713 5715 5806 5807 5808 5810 5811 5812 5841 5842 5848 5852 5856 5857 5858 5859 5880 5883 5884 5885
7 371 6151 6152 6153 6155 6156 6159
15 374 2915 5888 5894 5895 5898 5899 5901 5902 5903 5904 5905 5908 5909 5921
49 375 391 449 779 782 822 823 2777 2778 3711 3714 3715 3716 3717 3820 3834 3835 3836 3837 3838 3878 3879 3882 3884 3885 3901 8489 8490 8491 8497 8499 8503 8505 8510 8523 8524 8530 8531 8534 8536 8540 8541 8542 8609 8610 8612 8619 8628 8629
18 385 392 482 483 1402 1447 3388 3389 3405 3406 5991 7560 7565 7569 7570 7571 7573 7577
18 387 498 509 4664 4679 4680 5998 6000 6001 6002 6004 6006 6008 6183 6185 6186 6187 6202
23 393 395 403 593 598 601 604 860 4681 4695 6167 6170 6175 6177 6178 6180 6182 6206 6208 6210 6211 6214 6216
7 394 523 524 1332 1742 1759 1766
22 396 5217 5225 5382 5383 5384 5385 5386 6068 6085 6086 6094 6269 6284 6285 6294 6295 6297 6298 6299 6300 6301
6 414 963 2095 3917 3918 7194
14 415 5458 5463 5465 5466 5994 5995 5997 5999 6003 6005 6009 6010 6014
32 433 1562 1563 1584 1602 1614 1615 6494 6496 7940 7943 7953 7954 7960 7961 7962 7963 7964 7967 7971 7972 7981 7984 7985 7986 7988 7989 7990 7992 7993 7995 7996
12 440 1060 1061 2966 2967 2970 2971 2972 2988 2989 2993 2994
40 442 5197 5198 5202 5203 5215 6522 6526 6528 6529 6531 6532 6578 6579 6590 6591 6594 6596 8809 8818 8823 8837 8838 8841 8843 8846 8849 8850 8851 8852 8853 8865 8866 8869 8873 8874 8875 8876 8877 8879
2 443 470
17 445 452 489 491 7267 7269 7273 7281 7322 7479 7493 7494 7495 7497 7500 7501 7502
25 460 475 824 6648 6650 6969 6972 7066 7930 8002 8013 8014 8015 8016 8025 8026 8027 8028 8029 8031 8032 8035 8037 8388 8392
22 463 1680 1681 1682 3914 3916 3934 3935 3958 6378 6379 6380 6382 6383 6384 6386 6388 6392 6393 6395 6396 6405
5 464 4703 4704 4705 4793
31 468 492 846 850 854 855 856 6113 6114 6116 6126 6136 6138 6139 6163 6165 6268 6270 6275 6280 6282 6283 6287 6289 6304 6305 6606 6607 6610 6611 6614
12 474 484 534 535 1361 6374 6375 6377 6638 6639 9715 9724
35 505 1316 5347 5348 5349 5350 5352 5354 5355 5356 5358 5361 8703 8704 8708 8716 8719 8721 8724 8725 8726 8728 8729 8737 8739 8741 8742 8743 8744 8948 8949 8952 8953 8955 8964
9 512 858 890 1902 2096 2097 2098 2099 7260
14 516 6619 6629 6631 6653 6654 6667 6679 6746 6747 6748 6750 6751 6830
17 520 1813 1815 3819 3830 3831 3832 3833 3839 3840 6962 6964 6968 6970 6971 6973 6974
50 521 550 562 1802 1829 1830 1860 1861 1863 1864 8445 8447 8448 8451 8454 8455 8456 8464 8467 8471 8472 8473 8478 8479 8481 8482 8484 8639 8641 8643 8649 8651 8652 8653 8654 8655 8656 8658 8665 8666 8667 8668 8670 8680 8685 8686 8687 8689 8692 8696
3 525 577 578
36 530 538 1367 7505 7509 7510 7512 7513 7515 7516 7517 7519 7520 7524 7532 7535 7536 7537 8418 8419 8420 8422 8423 8424 8425 8428 8430 8480 8496 8521 8543 8544 8545 8546 8547 8548
67 540 542 3097 3229 3231 3238 3239 4588 4594 9066 9067 9068 9069 9071 9099 9105 9108 9111 9112 9133 9134 9135 9139 9140 9143 9145 9146 9151 9152 9158 9159 9160 9165 9166 9167 9168 9169 9173 9174 9178 9181 9184 9186 9190 9191 9192 9638 9639 9640 9641 9646 9647 9649 9650 9776 9777 9778 9801 9802 9891 9892 9893 9896 9901 9904 9913 9914
13 551 564 640 3408 3416 3417 3428 3431 3433 3506 3510 3911 3913
9 570 571 574 7178 8053 8054 8060 8070 8395
6 572 579 2205 2207 2208 2217
12 576 586 588 1386 1390 1391 1395 1400 1501 2446 2447 2451
2 584 647
6 585 651 6837 6838 6897 6898
10 589 610 615 618 1522 8677 8678 8679 8693 8694
26 599 1529 4368 4369 5934 5935 5936 6418 6420 6423 6425 6426 6428 6429 6430 6431 6449 6452 6456 6459 6460 6467 6508 6509 6510 6511
45 608 1999 2003 2005 2006 2075 7145 7149 7150 7151 7152 7157 7158 7160 7166 7169 7171 7174 7327 7328 7329 7330 7331 7332 7336 7337 7338 7339 7343 7344 7348 9209 9210 9228 9229 9230 9232 9233 9234 9236 9237 9241 9242 9244 9255
22 609 678 681 684 695 3770 3773 3782 3787 3843 3847 3851 3852 3903 3908 3910 3986 3988 6600 6603 6605 6627
14 612 614 4604 4606 4620 4666 6754 6755 9297 9298 9300 9304 9305 9307
31 627 637 7659 7681 7683 7711 7735 7736 7744 7746 7757 7758 7762 7764 7844 7851 7852 8417 8421 8427 8556 8565 8566 8567 8581 8583 8794 8795 8796 8797 8799
17 633 1524 1534 2266 2270 2277 2287 2289 2291 9977 9983 9986 9987 9988 9989 9990 9991
2 636 697
8 642 734 736 766 768 773 774 1635
16 643 777 835 836 7631 8087 8088 8089 8092 8884 8885 8886 8889 8896 8898 8945
46 645 962 968 970 974 989 1007 1014 1019 2516 7545 7546 7550 7553 7605 7606 7608 8972 8973 8976 8978 9034 9039 9040 9041 9047 9049 9050 9051 9053 9054 9056 9058 9059 9060 9061 9062 9063 9065 9083 9089 9090 9092 9094 9203 9204
9 649 1653 8937 8938 8940 8942 8956 8958 8959
23 658 1896 1901 1963 1968 1971 1972 1973 1994 1995 2996 2997 3003 3005 3006 9713 9726 9729 9730 9731 9739 9740 9741
96 661 7223 7259 7261 7464 7465 7521 8402 8926 8927 8929 8934 8935 8980 8981 8985 8988 8996 8997 9006 9007 9010 9012 9014 9015 9256 9257 9258 9259 9262 9265 9272 9275 9277 9278 9280 9284 9285 9295 9310 9311 9313 9318 9330 9605 9615 9624 9629 9630 9633 9637 9653 9656 9662 9665 9666 9681 9682 9698 9706 9707 9708 9711 9725 9727 9728 9732 9733 9734 9735 9736 9737 9738 9742 9743 9744 9750 9752 9753 9755 9756 9757 9758 9761 9762 9763 9771 9772 9774 9807 9809 9812 9813 9835 9836 9837
24 663 686 726 731 6934 6937 6944 6946 6957 6975 6976 6978 6979 6981 7020 7022 7023 7024 7025 7026 7027 7028 7046 7049
6 664 898 2540 2541 2543 2587
12 669 1228 1239 1256 1271 1273 2083 2105 9344 9348 9349 9354
8 676 714 7626 7627 7630 7632 7634 7649
57 679 715 828 2722 2723 2733 2734 2735 2738 2744 2752 2754 2774 2779 6910 6912 6913 6918 6921 7252 7258 7262 7294 9375 9377 9386 9392 9393 9394 9399 9402 9405 9407 9409 9412 9413 9414 9416 9419 9426 9428 9429 9430 9433 9434 9436 9437 9440 9441 9442 9444 9849 9852 9854 9856 9857 9860
17 680 906 911 948 3355 9455 9456 9457 9458 9461 9462 9464 9465 9469 9470 9473 9481
35 691 698 699 3532 3533 3534 3536 3539 3544 3563 3565 3567 3568 3569 3588 4829 4834 4838 4855 4861 4873 4874 4878 4886 4902 4910 4912 4917 4921 4922 4923 9540 9541 9543 9544
4 707 2108 2117 2719
21 716 1572 1573 1579 1581 1683 1684 1702 2158 2161 2165 2177 3240 3241 3245 3318 3320 3331 3332 3333 3334
9 717 7135 7136 7137 7140 7181 7182 7200 7207
1 722
3 728 2377 2783
2 737 5231
35 745 776 2519 2520 2522 2524 2525 2527 2539 2545 4201 4202 4236 4237 7597 7598 7599 7609 7610 7612 7616 7788 9528 9529 9530 9531 9534 9537 9538 9542 9594 9595 9597 9598 9600
3 748 2785 2786
7 749 7325 7333 7358 7359 7360 7364
13 752 2812 7596 7601 7793 7794 7795 7804 7889 7896 7897 7913 7917
4 765 2787 2888 2895
10 769 8674 8698 8699 8700 8701 8702 8706 8750 9154
22 775 1401 1456 1685 4266 4270 8776 9365 9366 9367 9370 9373 9384 9385 9387 9389 9401 9446 9447 9448 9449 9452
7 778 1032 1035 1036 1044 1056 1154
12 783 3650 3655 7931 7933 7998 8061 9994 9996 9997 9998 9999
2 789 825
34 794 810 830 1686 4798 8916 9453 9454 9459 9460 9466 9468 9484 9485 9487 9491 9492 9493 9495 9496 9499 9500 9501 9504 9506 9507 9509 9512 9515 9517 9521 9523 9526 9527
2 799 1185
15 803 1701 1705 9601 9602 9603 9616 9620 9622 9623 9636 9642 9845 9846 9847
25 804 815 1502 1769 1771 1792 1848 1887 1959 1960 1961 1962 1980 1996 1997 4280 4281 4282 4283 4498 4518 9876 9877 9881 9918
7 820 831 1275 1277 4535 4536 4699
30 833 947 1654 2181 2191 2192 2209 2210 4942 4944 4945 4946 4957 4959 5074 5078 5163 5165 5179 5194 5228 5232 5338 5343 5344 9573 9949 9951 9953 9958
5 838 1288 9923 9924 9932
3 839 853 2936
11 843 8319 8322 8324 8325 8326 8344 8368 8370 8372 8374
2 857 4998
4 859 5048 5051 5054
13 861 1339 1342 1348 1352 1708 1719 1740 1741 2218 2226 2295 2296
3 863 1460 1508
2 865 1184
4 867 2434 5373 5374
1 869
3 877 1518 9563
31 883 884 2297 2298 2299 2321 2348 2362 3017 3023 4002 4003 4004 4005 4006 4008 7208 7216 7217 7219 7220 7232 7235 7236 7237 7239 7240 7241 7255 7421 7422
2 885 3072
2 886 951
3 892 7842 7843
32 893 1031 3371 3382 3407 3410 3411 3412 3414 3511 3512 3519 3523 3611 3612 3613 4106 4109 4110 4113 4143 4144 4145 4146 4151 4152 4153 4176 5036 5037 5040 5042
3 894 8066 8068
10 895 1541 1546 4279 4284 4304 4306 4307 4308 4345
2 899 900
2 901 1106
4 902 925 926 937
9 905 2313 2316 2341 2368 2369 2397 2399 2400
7 910 942 7791 8077 8587 8588 8589
14 917 1597 1600 1619 2573 2575 4038 5378 5381 5387 5388 5389 5393 5398
8 918 1521 1537 2478 9568 9570 9574 9579
2 934 936
13 944 3636 3637 3659 3665 3667 3670 3675 3676 4804 4805 4806 4973
7 945 2912 2913 2914 2916 2935 2938
19 949 952 961 975 1009 1012 1028 1080 1088 2066 2070 2483 5492 5493 5522 5523 5537 5538 5953
1 950
1 977
5 978 8780 8790 8791 8792
10 982 2065 8109 8111 8112 8232 8233 8234 8235 8236
3 985 2485 2487
2 986 1454
1 990
18 1006 4098 4099 4100 4101 4102 4259 4260 4261 4265 4988 4992 5000 5001 5019 5277 5278 5284
1 1022
2 1024 1027
5 1029 1560 1564 1628 5549
5 1030 1053 1065 2795 2796
24 1047 2118 2831 5243 5307 5316 5815 5817 5820 5824 5924 5925 5927 5929 5955 5956 5958 5961 6025 6026 6027 6032 6035 6055
4 1055 1073 2580 2881
5 1059 1090 3180 3201 3202
3 1063 2131 2623
2 1067 1079
8 1078 5318 5319 5337 8411 8413 8414 8416
4 1091 1477 1498 1629
3 1094 1849 1875
10 1097 1107 4492 4496 4510 6364 6365 6366 7523 7542
1 1099
5 1104 1129 6412 6414 6415
5 1109 1111 1113 1117 2565
10 1120 1139 1159 4062 4064 4065 4067 4071 4073 4411
14 1121 1285 1286 3543 3585 3587 3590 3591 4538 4578 4579 4595 4603 4605
7 1132 1186 1189 1202 4692 4693 4698
4 1133 1213 2584 2585
10 1137 1956 1964 1966 5567 5572 5611 5613 5616 5621
5 1138 1233 1297 6081 6091
8 1141 1142 2081 3997 3998 8605 8606 8631
7 1144 1657 1662 2064 2074 5541 5551
6 1148 1164 4348 4349 4350 4353
5 1158 1324 4700 4709 4771
10 1163 1376 3093 3602 3604 3605 3608 3628 3629 3634
7 1166 1943 8914 8915 8920 8923 8986
2 1173 2119
20 1175 1179 1180 4491 4608 6752 6753 6756 6759 6778 6779 6780 6782 8375 8376 9942 9943 9944 9959 9962
1 1181
3 1194 1236 1237
20 1198 1238 1304 1310 1317 1329 1377 1378 7557 7558 7567 7679 7682 7691 7693 7695 7698 7699 7700 7705
3 1208 4773 4775
1 1211
12 1222 1322 1357 7748 7752 7755 7759 7760 7766 7778 7780 7805
2 1230 3116
34 1232 5071 5072 5086 5088 5333 5336 5339 5346 5369 5376 5377 5390 5391 9254 9260 9261 9269 9332 9333 9337 9341 9518 9520 9522 9525 9545 9546 9547 9548 9549 9551 9553 9556
4 1240 2845 2846 2850
12 1242 1379 3486 3496 3497 3969 4039 6645 6658 6660 9043 9064
21 1243 1380 1393 9589 9590 9592 9593 9599 9609 9611 9621 9625 9627 9628 9635 9644 9657 9702 9703 9704 9705
4 1247 1248 1450 2902
26 1251 5539 5556 5560 8602 8604 8607 8608 8627 8632 8637 8779 9033 9035 9038 9042 9044 9057 9072 9073 9074 9793 9794 9797 9798 9799
2 1260 1263
7 1262 2111 2194 2198 2199 5641 5644
6 1265 2792 2882 3035 3036 3038
2 1269 1404
5 1274 5034 5263 5264 5320
6 1276 1287 9966 9967 9970 9971
3 1282 1307 1449
1 1289
2 1291 3719
1 1295
8 1296 5637 5639 5642 5643 5645 5646 5650
1 1298
19 1312 1325 1358 2129 2132 2176 2183 2193 2200 2908 2909 2910 3075 3076 3078 3087 5624 6574 6587
1 1323
3 1326 1472 1473
1 1327
5 1333 9974 9975 9976 9978
7 1338 3150 3151 3155 3156 3158 3159
5 1346 2977 2978 8148 8174
15 1349 1475 6340 6341 6345 6350 6351 6352 6362 6363 6367 6369 6370 6493 6495
12 1359 1360 1679 1699 6117 6119 6120 6128 6129 6132 6154 6157
2 1362 5633
1 1363
17 1364 1365 1366 3727 9130 9131 9132 9198 9249 9252 9286 9287 9291 9583 9584 9585 9586
1 1369
18 1370 1465 1479 6884 6885 6886 6890 6891 6892 6893 6894 6900 6903 6904 6905 6917 6930 6932
5 1372 7221 7228 7710 7713
5 1382 2204 2253 2258 2261
2 1392 2436
1 1397
7 1403 3205 3206 5833 5838 5843 5844
4 1407 1408 1409 2357
10 1414 1440 1455 5990 5992 6108 8147 8159 8166 8167
12 1418 2300 2363 6662 8597 8598 8599 8613 8617 8622 8671 8695
5 1430 1442 1451 2366 6161
4 1437 1443 7099 7100
2 1438 4256
8 1448 1452 2408 2409 2412 2415 2419 2448
12 1453 2468 2469 2472 2473 3291 3292 3294 5860 5861 5862 5864
9 1459 2435 2437 8831 8832 8834 8835 8836 8909
4 1461 2438 6100 6103
1 1470
1 1474
2 1481 6988
5 1482 2452 2455 5993 5996
1 1484
8 1487 1491 1494 2459 2460 4001 4011 4014
11 1488 3341 3344 3357 6160 6162 6166 6225 6227 6232 6303
5 1489 2015 2479 2484 4381
9 1496 2577 2589 2597 7927 7929 7932 7937 7938
2 1497 6818
1 1503
6 1507 2604 2605 4264 4277 4320
11 1514 7177 7179 7180 7183 7184 7188 7189 7190 7191 7192
6 1515 1519 1520 1531 1545 1626
7 1516 1664 2552 2554 2557 2558 2559
6 1517 2724 2726 4327 4328 4354
2 1528 4418
8 1542 1558 1568 1569 5306 5327 5328 6325
6 1548 1721 2486 7441 7447 7463
1 1550
1 1551
4 1552 2608 2609 2611
4 1554 1557 1706 2729
3 1556 1571 2784
18 1561 5594 5599 8882 8883 8901 8904 8906 8907 8908 8911 8917 8919 8921 8924 8925 8931 8932
6 1582 5460 5461 5464 5472 5473
1 1583
2 1586 7806
2 1598 3014
3 1599 1606 3163
1 1607
9 1609 1625 5879 5889 5890 5922 6808 6809 6810
7 1612 1636 2619 8006 8007 8008 8011
12 1617 6336 6409 6411 6416 6417 6432 6438 6500 6501 8034 8045
8 1621 2499 2503 8071 8076 8078 8079 8084
5 1623 3500 3502 3503 3504
2 1624 6598
2 1630 1727
1 1634
1 1638
13 1641 1644 1646 6815 6816 6817 6824 6826 6827 6887 8113 8178 8180
1 1648
8 1650 1942 1944 1976 1977 3845 3846 3859
1 1655
2 1656 4105
5 1663 6640 6641 6643 6647
4 1669 8181 8227 8228
8 1670 1673 2730 2755 2757 2995 2998 3002
5 1674 1694 1725 1733 6022
1 1690
8 1696 6670 6671 6672 6675 6676 6677 6680
5 1698 2607 2610 2622 2627
12 1700 1703 8561 8562 8564 8568 8569 8570 8661 8662 8714 8715
3 1704 1711 1714
12 1707 1720 3314 3359 3440 3442 3443 3448 3449 3462 3463 3542
2 1715 1728
10 1717 1724 1767 1885 2633 2640 2641 7012 7013 7050
3 1730 1784 1801
1 1731
4 1735 1853 2677 2678
4 1743 3698 3699 9080
6 1756 1768 1775 5655 5656 6061
2 1758 1778
3 1763 3723 3810
4 1781 3073 3140 9020
6 1783 2887 2898 5345 5351 5359
1 1793
7 1806 3996 9126 9129 9137 9183 9188
2 1807 1820
