26 0 2 3 4 6 9 17 18 20 21 23 24 27 28 30 31 49 50 51 53 54 56 59 61 62 63
126 1 8 19 25 66 72 73 74 75 317 319 320 321 340 359 360 361 362 526 527 529 531 2526 2528 3004 3005 3006 3015 3016 3017 3020 3021 4927 4937 4938 4939 4945 4946 4947 4972 4973 4975 4976 4977 4979 4985 4986 4987 4988 4989 4990 4993 5008 5009 5015 5017 5018 5019 5021 5032 5045 5046 5047 5050 5071 5072 5073 5075 5078 5083 5085 5087 5089 5104 5105 5108 5109 5110 5116 5117 5118 5120 5122 5125 5126 5127 5128 5129 5130 5131 5134 5135 5137 5141 5147 5149 5151 5152 5159 5160 5161 5163 5164 5167 5169 5170 5172 5181 5183 5184 5185 5186 5187 5188 5189 5190 5201 5202 5207 5208 9946 9953 9955 9956 9957 9958
29 5 7 34 35 36 37 40 41 114 117 118 119 180 182 183 185 186 187 188 189 190 191 192 209 211 212 222 226 233
130 10 82 84 86 90 91 92 94 95 99 100 108 109 115 121 138 139 140 141 142 148 151 154 157 159 160 176 194 196 238 239 241 244 245 246 247 251 252 253 254 256 257 262 283 767 780 781 782 785 786 788 791 794 795 797 798 799 800 801 805 806 807 813 814 818 832 833 835 836 839 840 841 842 848 850 851 853 854 855 856 882 885 888 889 891 910 911 912 918 922 925 926 927 928 929 930 931 932 937 939 940 942 952 953 1104 1105 1106 1132 1134 1135 1138 1139 1140 1141 1142 1144 1145 1148 1149 1150 1166 1167 1168 1169 1170 1173 1174 1175 1176 1177
85 11 122 127 293 294 295 296 307 308 309 310 312 332 333 334 335 336 337 338 339 344 345 346 347 353 357 363 364 367 369 370 372 377 378 384 390 441 442 457 459 460 461 465 467 471 474 475 476 477 478 479 480 495 497 506 507 510 512 513 514 516 540 541 542 543 546 550 552 553 554 555 557 558 559 561 564 567 570 571 572 573 586 587 590 592
40 12 133 134 135 153 169 172 619 620 621 622 626 627 629 630 631 634 659 660 661 671 672 673 676 678 681 683 685 686 688 689 690 692 707 714 718 719 720 721 722
57 13 14 48 71 78 79 130 132 144 146 174 175 177 179 197 236 237 249 250 263 264 265 724 726 728 730 752 763 764 1005 1016 1017 1027 1223 1224 1226 1230 1232 1237 1241 1242 1243 1245 1246 1248 1249 1250 1251 1252 1257 1259 1261 1264 1265 1269 1270 1289
51 15 16 22 26 29 272 278 286 287 616 748 751 754 766 768 770 819 3571 3573 3574 3576 3577 3578 3582 3583 3584 3585 3586 3587 3588 3594 3597 3600 3605 3607 3619 3620 3621 3622 3623 3624 3630 3631 3637 3638 3640 3641 3642 3764 3766 3767
7 32 33 38 45 46 81 85
40 42 43 44 401 422 424 427 435 436 437 438 443 444 450 451 963 974 975 976 977 1323 1326 1327 1328 1333 1348 1349 1353 1354 1355 1356 1362 1363 5442 5443 5444 5449 5450 5451 5453
129 47 518 1036 1037 1038 1039 1040 1041 1042 1043 1046 1048 1049 1050 1051 1052 1055 1056 1059 1060 1061 1065 1067 1069 1070 1071 1214 1215 1216 1220 1221 1238 1239 1240 1271 1272 1276 1278 1279 1291 1294 1297 1322 1324 1325 1330 1331 1339 1341 1342 1343 1344 1345 1391 1394 1395 1396 1413 1414 1420 1421 1423 1425 1426 1427 1428 1435 1436 1437 1438 1443 1447 1458 1461 1462 1464 1465 1466 1467 1468 1469 1470 1474 1476 1477 1478 1487 1488 1490 1493 1495 1496 1497 1502 1504 1505 1506 1515 1516 1518 1519 1520 1521 1522 1612 1613 1623 1626 1628 1631 1632 1636 1637 2545 2549 2553 2555 2556 2561 4117 4118 4122 4123 4124 4126 4127 4128 4130 4131
82 52 102 103 1072 1073 1078 1082 1083 1084 1085 1086 1088 1089 1090 1091 1094 1095 1096 1098 1099 1594 1597 1598 1604 1605 1606 1629 1650 1653 1656 1660 1661 1663 1664 1668 1670 1671 1674 1675 1676 1677 1679 1681 1682 1684 1685 1693 1694 1695 1696 1699 1725 1726 1727 1733 1738 1743 1749 1750 1752 1753 1754 1755 1759 1760 1761 1762 1775 1779 1780 1781 1782 1786 1791 1912 1916 1926 1927 1929 1930 1946 1993
83 55 57 107 110 123 124 4167 4169 4170 4171 4610 4613 4616 4617 4619 4627 4629 4630 4631 4634 4635 4670 4671 4672 4674 4684 4685 4719 4720 4723 4725 4726 4728 4729 4740 4741 4744 4750 4754 4755 4758 4760 4761 4762 4795 4797 4798 4803 4804 4805 4806 4809 4810 4811 4824 4827 4834 4835 4836 4838 4843 4848 4849 4862 4864 4865 4866 4887 4888 4889 4890 4891 4892 4894 4900 4901 9578 9582 9586 9596 9597 9599 9600
42 58 199 204 205 575 898 902 903 905 943 946 2009 2010 2012 2013 2014 2016 2022 2024 2025 2032 2033 2036 2037 2038 2039 2040 2041 2051 2054 2060 2061 2062 2066 2067 2068 2069 2070 2071 2072 2083 2084
31 60 64 208 213 215 216 217 269 314 315 534 535 539 562 579 583 593 594 602 603 605 606 607 609 610 611 613 615 624 2627 2634
49 65 1000 1001 1115 1122 1125 1126 1127 1129 1131 1133 1136 1210 1211 1433 1434 1439 1442 1444 1450 1453 1454 1538 1539 1540 1546 1547 1548 1552 1554 1556 1557 1559 2114 2115 2116 2117 2122 2126 2128 2129 2130 2133 2134 2144 2145 2146 2148 2149
80 67 80 89 93 111 129 325 350 351 352 354 376 380 381 397 398 426 1151 1152 1153 1188 1190 1195 1196 1197 1198 1200 1202 1282 1283 1285 1286 1304 1305 1380 1382 1383 1384 1385 1544 1563 1565 1566 1567 1569 1575 1576 1771 1772 1773 2164 2170 2176 2180 2185 2186 2187 2189 2194 2195 2196 2197 2199 2200 2201 2202 2203 2209 2210 2213 2264 2269 2270 2271 2275 2277 2280 2281 2282 2288
12 68 69 76 163 165 301 303 323 324 408 409 411
107 70 166 1798 1800 1804 1805 1807 1808 1809 1810 1811 1813 1814 1816 1817 1818 1819 1820 1824 1825 1826 1827 1833 1834 1835 1836 1837 1838 1839 1842 1843 1846 1847 1849 1850 1855 1857 1870 1871 1872 1873 1877 1883 1886 1887 1889 1892 1893 1894 1895 1896 1897 1899 1900 1924 1925 1928 1947 1950 1953 1956 1957 1963 1964 1965 1966 1967 2103 7434 7435 7440 7441 7443 7444 7454 7464 7466 7467 7470 7486 7489 7490 7504 7506 7508 7520 7530 7535 7539 7540 7893 7894 7897 7900 7906 7907 7981 7984 7985 7986 7987 7988 7990 7992 7993 7994 7996
17 77 862 863 866 867 876 955 956 958 961 962 964 965 970 971 972 973
28 83 168 173 193 220 224 2290 2292 2293 2294 2304 2305 2306 2331 2332 2333 2335 2336 2339 2340 2349 4015 4017 4018 4019 4024 4026 4037
14 87 149 481 482 483 525 530 536 563 568 577 578 2934 2936
160 88 452 455 998 1004 1006 1011 1012 1013 1032 1033 1062 1063 1075 1100 1101 1111 1112 1113 1114 1119 1531 1532 1535 1536 1537 1542 1543 1976 1977 1978 1980 1982 1986 1987 1988 1989 1996 1997 2048 2049 2050 2055 2056 2057 2058 2065 2100 2104 2109 2136 2138 2140 2141 2143 2233 2234 2235 2236 2237 2239 2240 2241 2242 2243 2246 2247 2248 2250 2251 2253 2254 7682 7695 7696 7697 7707 7708 7709 7710 7711 7718 8065 8069 8070 8071 8078 8079 8085 8086 8087 8091 8092 8110 8117 8124 8126 8149 8151 8966 8967 8970 8971 8972 8973 8974 8975 8976 8977 8978 8981 8995 8996 9002 9003 9004 9008 9011 9014 9015 9031 9032 9033 9034 9038 9039 9040 9041 9044 9045 9076 9077 9080 9083 9085 9092 9093 9094 9097 9098 9099 9100 9110 9111 9113 9118 9120 9121 9122 9126 9127 9129 9130 9131 9132 9135 9136 9137 9142 9154
43 96 228 230 231 273 274 288 289 291 292 327 328 330 331 343 355 429 430 448 2354 2355 2356 2359 2360 2378 2379 2383 2391 2392 2396 2397 2399 2400 2405 2406 2438 2440 2441 2471 2476 2481 2506 2507
13 97 484 485 826 837 838 843 2192 2193 2204 2211 2231 2249
1 98
180 101 414 421 423 665 666 667 668 693 698 699 1183 1186 1187 1189 1201 1309 1311 1367 2568 2571 2580 2585 2608 2609 2610 2612 2614 2615 2617 2619 2620 2621 2625 2629 2632 2641 2645 2646 2647 2649 2650 2653 2656 2658 2664 2665 2667 2677 2678 2705 2706 2714 2715 2716 2732 2734 2735 2736 2737 2743 2744 2745 2747 2749 2751 2769 2770 2772 2773 2776 2784 2791 2949 2950 2951 2958 2962 2966 2967 2969 2985 3031 3032 3034 3035 3038 3044 3045 3059 3108 3109 3110 3111 3119 3120 3135 3137 3141 3142 3147 3150 3151 3153 3154 3158 3159 3175 3176 3177 3178 3181 3182 3183 3184 3187 3188 3258 3260 3261 3263 3268 3269 3270 3272 3273 3274 3277 3278 3279 3298 3300 3303 3304 3308 3353 3354 3364 3366 3390 3392 3394 3395 3400 3403 3515 3516 3517 3889 3891 3892 3893 3894 3895 3896 3897 3899 3901 4506 4507 4509 4511 4512 4522 4523 4524 4525 4527 4529 4530 4531 4540 4544 4545 4546 4548 4551 4554 4555 4556
20 104 645 650 653 654 655 2433 2434 2460 2462 2465 2466 2470 2474 2477 2478 2489 2490 2496 2497
21 105 2314 2316 2318 2319 2320 2323 2325 2326 2328 2404 2408 2411 2414 2415 2416 2417 2418 2419 2420 2423
3 106 155 582
36 112 425 432 433 640 1373 1374 1583 1645 1691 1692 1697 2595 2596 2598 2606 2607 2611 2854 2855 2856 2857 2858 2859 2860 2861 2863 2864 2865 2877 2878 2883 2886 2887 2891 2894
21 113 1640 1643 1649 1700 1701 1703 1792 1793 6112 6115 6116 6124 6126 6127 6128 6131 6138 6139 6147 6148
17 116 207 210 418 463 657 700 701 702 704 708 827 978 2426 2427 2432 2436
3 120 2517 2518
42 125 219 232 234 469 1803 1821 1822 1823 1829 1844 1859 2152 2153 2157 2849 2850 3123 3124 3125 3126 3127 3131 3132 3133 3174 3180 3191 3192 3193 3196 3206 3209 3210 3211 3213 3214 3216 3217 3221 3226 3227
13 126 5620 5622 5625 5628 5633 5682 5683 5684 5685 5697 5706 5707
44 128 147 170 198 488 716 742 745 746 747 749 2525 2531 2532 3236 3237 3243 3245 3250 3252 3253 3256 3257 3281 3282 3293 3296 3297 3307 3311 3409 3410 3411 3413 3417 3418 3420 3422 3427 3429 3430 3431 3432 3436
27 131 489 493 494 496 7978 8184 8185 8186 8187 8188 8198 8200 8201 8202 8205 8206 8209 8215 8219 8226 8228 8240 8266 8267 8268 8311
25 136 755 757 772 776 991 994 995 997 1002 1008 1158 1159 1164 1165 1171 1180 1379 1387 1388 1525 1526 1527 2173 2217
5 137 1769 1770 1774 1778
18 143 368 2781 2837 2838 2840 2841 2842 2843 2844 2846 2848 2912 2913 2918 2920 2923 2925
58 145 2822 2823 2824 2825 2826 2829 2929 2930 2932 2940 2941 2945 2946 2947 2956 3460 3461 3462 3464 3465 3466 3467 3472 3478 3483 3485 3486 3487 3489 3490 3491 3492 3493 3498 3503 3506 3508 3510 3514 3519 3520 3523 3524 3525 3529 3533 3534 3535 3538 3540 3560 3562 3563 3565 3569 3592 3595
27 150 214 498 500 523 532 538 625 628 632 1934 1935 1936 1937 2533 2537 2818 2821 2835 2836 2845 2853 2866 2971 2972 2975 2980
19 152 156 161 300 371 2982 2983 2986 2987 2990 3047 3048 3797 3799 3801 3803 3804 3807 3808
21 158 167 240 3064 3065 3066 3089 3093 3094 3095 3097 3102 3105 3107 6197 6198 6199 6211 6212 6213 6216
14 162 1756 1757 1758 1763 1765 2539 2541 2544 3437 3438 3442 3443 3444
38 164 242 1881 3063 3070 3373 3374 3377 3380 3381 3445 3446 3451 3531 4351 4353 4390 4391 4393 4394 4397 4398 4399 4402 4403 4411 4418 4457 4459 4466 4468 4479 4480 4481 4482 4485 4501 4502
52 171 201 820 821 1975 3022 3028 3033 3037 3039 3040 3041 3062 3668 3677 3679 3680 3681 3682 3684 3690 3691 3693 3694 3695 3696 3697 3699 3703 3704 3705 3710 3719 3722 3723 3724 3725 3727 3728 3731 3733 3734 3740 3745 3747 3750 3760 3768 3769 6904 6905 6906
36 178 501 3661 3662 3663 3793 3811 3812 3814 3816 3817 3819 3821 3824 3825 3828 3830 3831 3832 3833 3834 3836 3838 3840 3845 3848 3859 3868 3888 3904 3905 3907 3908 3909 3912 3913
44 181 3782 3783 3784 3785 3788 3789 3790 3841 3842 3869 3872 3920 3924 3927 3930 3933 3939 3940 3943 3944 3947 3951 3952 8862 8863 8868 8869 8870 8871 8873 8875 8876 8877 8879 9682 9683 9685 9686 9691 9694 9695 9696 9697
74 184 268 651 3659 3660 3664 3884 3885 3887 3890 3914 3915 3917 3922 3923 3926 3928 3934 3935 3953 3954 3955 3957 3983 3985 4006 4007 4011 4012 4014 5388 5389 5393 5394 5395 5397 5398 5422 5433 5434 5437 5438 5439 5440 5441 5447 5457 5458 5460 5462 5463 5465 5466 5467 5468 5470 5501 5502 5503 5504 5507 5527 5531 5535 5536 5540 5545 5546 5547 5548 5556 5558 5559 5561
82 195 2676 2689 2691 2981 2992 2995 2996 2997 3003 3008 4044 4045 4046 4048 4049 4050 4051 4054 4056 4060 4061 4062 4064 4066 4067 4068 4069 4070 4071 4072 4073 4076 4078 4079 4080 4085 4089 4090 4091 4092 4093 4095 4098 4099 4101 4102 4103 4104 4105 4106 4109 4110 4112 4114 4115 4116 4119 4120 4121 4133 4136 4137 4140 4141 4142 4145 4148 4149 4155 4161 4163 4164 4166 4168 4174 4175 4176 4185 4186 4187 4188
41 200 281 282 4214 4216 4225 4227 4229 4231 4232 4234 4240 4245 4247 4248 4249 4250 4253 4257 4260 4261 4262 4264 4266 4267 4268 4292 4294 4295 4297 4311 4312 4314 4316 4317 4320 4322 4323 4324 4326 4331
13 202 4420 4422 4516 4521 4534 4543 4547 4550 4558 4570 4571 4585
38 203 374 2163 2165 2171 2174 2503 2593 2604 2605 2623 5741 5742 5744 5745 5751 5752 5753 5754 5759 5761 5763 5764 5773 5775 5777 5779 5922 5927 5930 5947 5948 5950 5955 5956 5960 5985 5987
95 206 1787 1788 1794 1796 1799 1801 4334 4335 4338 4339 4345 4589 4590 4591 4594 4595 4599 4602 4604 4605 6500 6501 6519 6520 6523 6524 6525 6540 6543 6544 6546 6665 6666 6669 6670 6671 6672 6673 6795 6797 6798 6800 6801 6817 6818 6827 6829 6831 6833 6837 6838 6841 6845 6846 6847 6848 6850 6852 6854 6856 6860 6861 6862 6864 6865 6885 6886 6887 6891 6892 6896 6899 6900 6910 6911 6913 6928 6929 6931 6932 6954 6956 6957 6958 6960 7115 7116 7118 7119 7123 7130 7132 7133 7134
32 218 2755 2757 2758 2760 2761 2762 2763 2764 2765 2766 2768 2771 2775 2777 2778 3424 3425 3426 3457 4038 4191 4195 4197 4284 4286 4287 4383 4384 4651 4654 4659
46 221 229 255 664 715 717 3676 3712 3761 3772 3773 3774 3775 3776 3777 3780 3781 3786 3791 3792 3862 3967 3979 4429 4439 4440 4442 4443 4444 4449 4450 4455 4458 4460 4463 4505 4518 4661 4662 4663 4669 4678 9992 9993 9994 9995
17 223 464 3404 4784 4785 4786 4787 4794 4796 4799 4800 4814 4818 4819 4832 4914 4916
13 225 588 636 637 4902 4907 4924 4925 4926 4928 4934 4940 5211
31 227 235 4372 4380 4609 4614 4624 4645 4646 4660 4664 4687 4690 5301 5303 5305 5309 5315 5319 5321 5329 5331 5333 5335 5338 5339 5343 5344 5373 5374 5410
31 243 275 276 277 5715 5723 7645 7647 7655 7662 7663 7667 7668 7669 7671 7674 7676 7678 7679 7683 7730 7736 7743 7744 7745 7746 7750 7752 7753 7755 7756
29 248 815 817 822 823 2669 2697 2700 2702 2711 2712 4201 4202 4203 4255 4271 4344 4346 4697 4699 5241 5242 5245 5247 5248 5249 5253 5254 5255
9 258 389 392 395 396 4703 4706 4707 6017
73 259 656 658 868 869 5813 5824 5829 5833 5834 5835 5836 6106 6109 6111 6118 6134 6137 6140 6145 6149 6166 6167 6168 6170 6174 6179 6641 6645 6646 6649 6651 6652 6655 6656 6694 6697 6698 6699 6700 6703 6704 6718 6719 6720 6721 6722 6725 6728 6729 6730 7161 7162 7411 7415 7416 7418 7419 7421 7424 7549 7550 7553 7560 7561 7563 7566 7567 7573 7574 7575 7576 7577
71 260 986 987 988 1316 4000 4005 4010 4031 4032 4033 4043 4059 4160 4177 4180 4181 4190 4193 4194 4198 4278 4279 4281 4282 4283 4288 4298 4299 4303 4304 4305 4327 4328 4333 4354 4777 4778 4780 4874 4877 4969 4970 4971 5011 5025 5028 5029 5414 5415 5421 5471 5484 5485 5487 5489 5510 5511 5513 5587 5588 5589 5598 5599 5602 5605 5611 5613 5614 5616 5638
27 261 316 2030 2042 2044 2045 2047 2076 2080 2082 2087 2092 2093 2885 4708 6333 6344 6345 6346 6349 6351 6352 6353 6354 6356 6368 6371
3 266 417 419
37 267 1860 1861 1863 1867 1880 1902 2018 2019 2088 5053 5056 5059 5060 5064 5065 9832 9833 9834 9842 9843 9851 9852 9855 9858 9859 9868 9869 9873 9891 9892 9893 9894 9897 9910 9913 9914
5 270 743 744 825 6405
113 271 279 883 884 906 907 913 1203 1205 1208 1398 1399 5733 5735 5736 5739 5740 5743 5771 5772 5776 5788 5789 7203 7204 7206 7208 7212 7214 7223 7231 7232 7233 7236 7238 7241 7242 7244 7245 7246 7248 7251 7252 7261 7263 7267 7268 7269 7270 7349 7350 7354 7372 7377 7378 7382 7383 7384 7385 7388 7392 7393 7394 7395 7396 7405 7406 7407 7408 7410 7425 7430 7431 7433 7439 7442 7445 7473 7474 7477 7483 7484 7491 7493 7498 7510 7511 7512 7514 7515 7516 7518 7581 7582 7595 7607 7608 7783 7788 7809 7810 7812 7813 7815 7817 7833 7834 7836 7839 7882 7883 7884 7885
63 280 284 1909 1910 1932 1933 1938 1939 4878 4879 4886 4909 4910 4911 4912 4917 4920 5038 5039 5042 5870 5905 5907 5934 5935 5936 5989 5992 5994 5999 6000 6001 6002 6018 6021 6022 6100 6101 6104 6105 6117 6119 6142 6182 6183 6184 6240 6591 6592 6595 6596 8832 8835 8836 8848 8849 8850 8853 8856 8860 8882 8884 8887
40 285 1081 1087 1108 2713 2718 3673 3735 3736 3942 3948 4714 5287 5290 5292 5294 5399 5472 5473 6280 6282 6289 6291 6292 6293 6300 6302 6307 6308 6312 6313 6314 6317 6319 6320 6609 6610 6611 6613 6614
4 290 373 446 447
5 297 774 1290 1292 1298
6 298 2750 2780 2782 2785 2786
34 299 778 789 790 803 881 886 892 5067 5068 5080 5082 5084 5086 5088 5213 5214 5216 6404 6454 6455 6456 6458 6459 6460 6462 6463 6464 6465 6470 6471 6475 6477 6479
45 302 990 5235 5236 5264 5265 5266 5267 5268 5272 5274 5275 6484 6485 6486 6487 6489 6492 6498 6602 6607 6615 6617 6618 6619 6622 6623 6625 9272 9273 9274 9275 9281 9282 9283 9284 9285 9289 9290 9291 9295 9297 9298 9304 9307
42 304 305 737 2928 2937 2942 8658 8689 8690 8703 8706 8711 8712 8715 8724 8725 8727 8728 8730 8731 8742 8745 8746 8749 8750 8764 8765 8766 8767 8769 8770 8893 8894 8896 8897 8899 8900 8904 8906 8907 8908 8909
28 306 311 375 383 385 386 917 934 935 1582 1639 1642 1655 5565 5566 5567 5568 5569 5805 5843 5844 6400 6401 6402 6403 6409 6410 6413
7 313 412 670 684 687 691 694
11 318 777 810 811 812 1120 1123 1124 1130 1137 1154
4 322 695 2896 3057
98 326 1213 1300 1301 1303 1307 1312 1313 6637 6676 6677 6678 6679 6685 6686 6687 6688 6731 6732 6776 6777 6779 6780 6781 6782 6790 6792 6793 6794 6799 6823 6961 6962 6963 6964 6967 6969 7026 7029 7030 7031 7032 7034 7046 7047 7048 7058 7059 7060 7061 7063 8456 8460 8461 8462 8463 8464 8466 8467 8468 8469 8471 8472 8473 8479 8484 8493 8494 8495 8498 8499 8500 8501 8502 8504 8505 8506 8507 8509 8515 8518 8519 8523 8524 8525 8526 8527 8530 8531 8536 8537 8540 8541 8544 8545 8546 8547 8548
16 329 1357 3330 3331 3332 3334 8575 8576 8612 8615 8616 8619 8637 8638 8639 8640
1 341
23 342 1364 1366 1484 7156 7159 7163 7164 7165 7166 7167 7169 7172 7177 7178 7927 7928 7929 7930 7931 7932 7935 7936
25 348 1411 1429 1430 1431 1432 2008 5562 6939 6943 6950 6951 6966 6968 6972 7006 7007 7009 7011 7012 7015 7016 7018 7019 7021
3 349 3385 3386
55 356 405 410 1972 1974 5278 5280 8056 8059 8093 8095 8098 8100 8107 8109 8113 8157 8160 8164 8168 8169 8174 8234 8237 8238 8241 8271 8272 8276 8280 8282 8283 8285 8286 8288 8289 8292 8293 8294 8295 8297 8298 8326 8327 8328 8329 8330 8331 8333 8334 8338 8342 8346 8347 8351
44 358 420 466 468 504 505 1368 1369 6754 6755 9156 9158 9159 9160 9162 9164 9249 9250 9252 9254 9256 9257 9258 9259 9261 9262 9263 9265 9267 9268 9270 9271 9319 9325 9326 9327 9333 9335 9336 9337 9338 9340 9341 9346
35 365 402 413 515 521 544 545 560 635 765 2300 2307 2310 2311 5377 5378 5380 5519 5521 5585 5586 5643 5651 5654 5657 5663 5667 5799 5803 5804 5807 5815 5816 5822 5823
3 366 2162 2810
57 379 871 872 873 874 875 1485 1489 1498 1500 2811 2812 5350 5351 5352 5353 5354 5355 5356 5357 5360 5361 9640 9641 9642 9646 9647 9649 9650 9715 9722 9727 9728 9730 9731 9763 9765 9783 9787 9788 9793 9794 9795 9796 9797 9798 9800 9801 9802 9816 9817 9818 9820 9821 9822 9823 9827
163 382 738 740 756 1400 1581 1584 1638 8014 8017 8018 8026 8027 8028 8029 8030 8038 8039 8040 8043 8050 8051 8052 8053 8054 8103 8104 8166 8167 8372 8373 8374 8399 8400 8401 8402 8412 8451 8455 8457 8459 8478 8480 8482 8483 8485 8550 8553 8554 8556 8572 8573 8577 8582 8653 8654 8655 8656 8661 8662 8663 8664 8674 8675 8677 8678 8679 8681 8682 9423 9440 9441 9442 9444 9449 9451 9455 9459 9462 9463 9464 9467 9468 9470 9471 9474 9516 9517 9524 9531 9533 9534 9537 9538 9540 9542 9548 9549 9550 9551 9559 9561 9562 9563 9601 9602 9612 9613 9616 9621 9622 9623 9625 9626 9627 9628 9635 9636 9637 9657 9658 9660 9665 9666 9667 9670 9671 9672 9674 9677 9678 9680 9681 9687 9698 9702 9703 9704 9706 9710 9711 9714 9716 9717 9734 9736 9739 9746 9747 9748 9933 9934 9960 9961 9962 9980 9981 9984 9985 9988 9989 9990 9991
22 387 638 6881 7075 7078 7081 7082 7086 7087 7088 7089 7101 7107 7113 7121 7142 7143 7145 7149 7150 7151 7153
3 388 1501 2296
8 391 547 9375 9377 9380 9381 9383 9404
12 393 416 434 439 8774 8789 8791 8792 8796 8797 8798 8799
7 394 669 936 7323 7324 7325 7326
71 399 3513 3518 3521 3986 3988 5640 5652 5653 5655 5658 5660 5730 5731 5746 5749 5758 5768 5769 5782 5783 5784 5785 5790 5792 5837 5838 5839 5840 5845 7276 7277 7278 7280 7281 7293 7294 8803 8812 8813 8818 8820 8821 8822 8823 8914 8915 8916 8930 8936 8937 8938 8939 8940 8943 8944 8946 8947 8951 8958 8960 8979 8980 8982 8984 8988 8991 8993 8994 9016 9018
16 400 548 549 1704 1705 7297 7298 7299 7302 7304 7305 7307 7308 7313 7314 7315
7 403 761 1854 1858 1907 1908 1911
8 404 440 1407 1408 1409 1456 1689 1690
18 406 775 1109 1110 2741 2789 7921 8005 8007 8010 8047 8048 8049 8057 8058 8177 8178 8180
7 407 1713 1730 1731 5349 5358 5375
6 415 5893 5894 5895 5896 5897
35 428 847 2366 2499 2501 5862 5865 5866 5867 5871 5872 5898 5899 5901 5902 5903 5904 5909 5910 5911 5913 5916 5918 7625 7626 7632 7633 7634 7635 7636 7637 7640 7644 7650 7652
8 431 456 473 574 8310 8315 8316 8317
17 445 449 1080 1092 1116 1945 2445 2446 2447 2448 7762 7763 7768 7769 7772 9355 9358
2 453 5921
18 454 1959 1960 1969 1970 1983 1984 2110 2121 2158 2159 2255 2256 2258 2259 2261 6087 6088
14 458 2722 2723 2724 2725 2726 2790 2792 2868 2870 2871 2899 2906 2907
2 462 470
25 472 576 580 984 1010 8363 8391 8396 8398 8403 8405 8406 8408 8421 8424 8425 8429 8436 8437 8438 8439 8440 8441 8442 8443
10 486 5639 5641 5669 5670 5671 5672 5677 5680 5681
2 487 491
2 490 1851
8 492 1184 9106 9107 9108 9155 9157 9163
2 499 537
2 502 503
14 508 1949 2455 2456 9930 9931 9935 9936 9937 9938 9945 9972 9974 9977
37 509 6086 6093 6094 9030 9054 9055 9058 9059 9060 9064 9218 9220 9222 9225 9227 9228 9231 9232 9234 9246 9247 9248 9251 9253 9360 9361 9362 9363 9364 9365 9368 9370 9372 9385 9386 9388
1 511
4 517 5967 5969 5970
1 519
2 520 2911
2 522 950
9 524 2221 2222 3050 3052 3054 3060 3061 3074
3 528 533 824
8 551 569 596 598 599 2224 2226 2267
6 556 9421 9424 9427 9430 9431
3 565 584 711
7 566 6378 6380 6384 6386 6387 6390
5 581 6261 6262 6263 6264
19 585 1022 7198 7221 7225 7247 7254 7275 7285 7290 7291 7292 7295 7296 7309 7310 7317 7321 7322
8 589 595 2346 2347 3087 3115 3162 3173
6 591 2442 2443 4389 4404 4412
4 597 601 604 1990
15 600 959 3329 3347 3350 3351 6046 6047 6054 6056 6057 6058 6059 7910 7911
24 608 2564 2566 3389 3397 3615 3650 3653 6636 6750 6752 6757 6760 6761 6762 9193 9196 9198 9201 9397 9398 9416 9417 9418
25 612 614 4577 4579 4580 6272 6273 6321 6322 6323 6326 6329 6331 6334 6335 6374 6375 6381 6396 6397 7189 7199 7202 7205 7207
11 617 7333 7335 7336 7337 7338 7339 7342 7346 7347 7348
3 618 2365 2367
28 623 1064 1066 1074 1118 1143 1146 1162 3367 3368 3369 6766 6767 6768 6770 6771 6869 6870 6871 6872 6873 6874 6875 6883 7759 7760 7761 7774
3 633 1472 1473
15 639 1299 1306 1308 1314 1317 1320 1335 2642 2644 2651 2652 2654 2657 2661
1 641
27 642 723 3552 3556 3557 3559 4701 4702 7780 7798 7799 7830 7831 7843 9806 9807 9810 9812 9815 9824 9828 9878 9915 9916 9919 9924 9927
3 643 1389 1397
2 644 696
9 646 1999 2000 2001 2002 3076 3077 3081 5044
1 647
12 648 762 1406 1471 2425 2450 2452 2453 2459 2463 2479 2480
2 649 2386
3 652 6948 6974
6 662 674 709 829 2502 2504
14 663 710 830 1475 4454 4464 4494 4495 4498 4499 4513 4584 7851 7852
7 675 713 1479 5300 5498 5516 5517
17 677 6980 6981 6996 7001 7003 7024 7037 7038 7039 7041 7071 7073 7095 7105 7106 7854
26 679 712 4451 4608 5552 5553 5554 5555 5560 5728 7863 7864 7866 7868 7873 7875 7876 7877 7878 7879 7880 7881 7889 7891 7898 7903
3 680 1483 1503
14 682 731 8274 8275 8304 8305 9174 9175 9176 9184 9185 9186 9187 9188
1 697
18 703 733 1512 1513 3547 8352 8362 8365 8368 8369 8375 8377 8378 8380 8381 8383 8384 8385
3 705 2384 2385
6 706 735 4764 4765 4766 4767
2 725 3083
7 727 2873 2874 2875 5688 5696 5698
8 729 1524 1529 5940 5943 5949 5951 5953
7 732 7327 7329 7330 7332 7849 7850
19 734 771 773 779 783 5708 5721 5722 5860 5861 5864 8786 8787 8788 8802 8912 8913 8917 8918
5 736 750 759 2513 2514
19 739 784 787 7976 7977 8016 8019 8020 8021 8171 8175 8176 8182 8189 8192 8306 8308 8386 8387
8 741 808 5954 5957 5966 5971 5977 5988
4 753 831 954 1235
5 758 1742 1746 1747 1766
9 760 816 828 5306 5308 5312 5313 5314 5320
1 769
6 792 834 1828 2299 2485 2487
6 793 858 859 6025 6027 6029
1 796
17 802 1624 3234 3240 3241 3242 3249 3251 3262 3265 3266 3267 3271 3275 3280 3283 3285
8 804 809 6223 6224 6225 6228 6234 6235
7 844 1634 8389 8390 8410 8413 8416
1 845
2 846 849
1 852
23 857 6060 6062 6063 6064 6071 6082 6089 6155 6156 6165 6181 9436 9437 9439 9445 9446 9447 9448 9469 9475 9476 9615
1 860
6 861 877 947 1995 6188 6189
5 864 2558 2559 6267 6269
29 865 896 897 3656 3657 3665 3666 3881 3882 3883 3886 3937 3938 6416 6417 6419 6420 6423 6424 6425 6426 6427 6429 6432 6436 6437 6439 6443 6513
1 870
3 878 899 900
6 879 895 967 2560 2562 2565
13 880 5878 5879 5881 5882 9401 9402 9409 9414 9415 9419 9477 9478
6 887 2344 2588 3996 6245 6246
9 890 3376 3383 3384 3387 3388 3401 3405 3406
8 893 914 1723 1724 1729 3991 3992 3993
15 894 8646 8648 8684 8698 8699 8700 8701 8702 8705 8713 8716 8738 8741 8743
13 901 904 2330 2334 2337 2342 2362 3455 3456 3458 3459 7398 7399
5 908 909 982 2098 2099
18 915 920 1574 1577 1578 2666 2671 2672 2673 2674 2679 2680 2682 2684 2694 6577 8783 8784
6 916 1024 1025 1026 3205 3207
10 919 921 3469 4665 4666 9028 9102 9190 9191 9192
2 923 2505
10 924 1028 1034 1233 1236 1254 7859 7871 7872 7886
10 933 948 6364 6366 6659 6937 6985 6986 7524 7542
2 938 2215
2 941 966
4 944 3440 3441 3468
6 945 2964 7548 7596 7597 7602
5 949 968 980 989 1508
1 951
2 957 960
1 969
5 979 985 2511 2512 2516
4 981 2262 2266 2268
10 983 7661 7665 7702 7706 7712 7719 7720 7721 7722
10 992 2884 7181 7183 7184 7185 7186 7188 7191 7192
16 993 996 1014 1019 6185 6186 6192 6194 6252 6256 6257 6258 6259 6275 6276 6279
2 999 2388
4 1003 1044 1262 1268
5 1007 1023 1510 4921 4923
16 1009 1020 1047 2276 2283 2389 2403 2413 2428 2430 2435 2449 6296 6297 6299 6301
1 1015
5 1018 6565 6567 6568 6639
4 1021 1045 1179 1181
4 1029 1592 1595 1596
12 1030 1031 6318 6336 6359 6361 6362 6367 6372 6395 6398 6415
5 1035 1054 1715 1716 7966
3 1053 1057 2493
3 1058 2701 2703
3 1068 1600 1601
7 1076 1077 3548 3549 3551 3553 3555
1 1079
3 1093 1103 1607
2 1097 1266
5 1102 1688 1707 1709 1718
10 1107 4718 4722 4724 4732 4733 7757 7758 7787 7789
5 1117 2546 2557 2563 2567
10 1121 1163 1231 2576 2578 2581 2583 2584 2586 2587
3 1128 1737 1739
7 1147 1683 1711 1712 1717 1719 2329
14 1155 5051 5058 5062 5063 5090 5094 5114 5115 5121 5132 5143 5223 5225
4 1156 2738 2740 2807
4 1157 3014 8781 8782
2 1160 1185
4 1161 2730 2795 2796
2 1172 1263
5 1178 1191 1192 1194 1212
4 1182 1280 1736 2895
4 1193 1222 1256 1375
1 1199
5 1204 1207 1275 1277 7521
17 1206 1451 1904 1905 2519 2520 2521 2908 2910 3078 3084 7958 7959 7962 7964 7967 8307
1 1209
26 1217 1218 1336 3085 3086 3088 3121 3134 3139 3140 6690 6692 6693 6696 6705 6710 6712 6734 6736 6742 6745 9523 9756 9758 9762 9767
2 1219 1295
5 1225 3155 3156 3160 3161
1 1227
3 1228 1401 1958
10 1229 1260 1267 1273 3198 3199 3203 3208 8486 8487
15 1234 3314 3316 3318 3319 3322 3324 3325 3471 3473 3480 3484 3496 3497 3601
3 1244 1609 1615
2 1247 1255
14 1253 1296 4416 8634 8635 8641 8642 8644 8645 8649 8650 8651 8652 8660
14 1258 1338 3112 8549 8552 8557 8561 8562 8564 8566 8568 8569 8571 8589
15 1274 3603 3608 3609 3613 6748 6749 6764 6765 6774 9493 9565 9566 9570 9572
4 1281 9775 9776 9778
12 1284 3309 4711 4715 4716 4717 4721 9750 9751 9752 9755 9759
1 1287
1 1288
2 1293 1315
4 1302 1410 1412 1449
4 1310 1452 1906 3143
3 1318 7546 7555
4 1319 1523 3222 3224
13 1321 1922 4357 4359 4382 4387 4388 4400 4401 4406 4413 4414 4419
5 1329 1491 1492 1494 1991
3 1332 5525 5526
5 1334 3502 3512 3545 3570
3 1337 8529 8559
2 1340 1347
11 1346 2685 2687 2692 3171 3172 3179 3185 3190 3194 3197
1 1350
13 1351 3337 4002 4003 4013 7171 7179 7180 7182 7366 7369 7370 7371
11 1352 2622 2624 2636 2637 2639 3591 5530 5533 5539 5551
7 1358 2097 2102 6003 6004 6010 6014
6 1359 1360 1507 2536 2570 2572
1 1361
5 1365 1371 1616 2903 2957
12 1370 1460 1923 1940 3960 3968 3969 4212 4218 4220 4221 4222
14 1372 7975 7979 7982 7983 7995 7998 8324 8325 8335 8340 8590 8591 8596
9 1376 3667 3669 3670 3672 3674 3692 3702 3706
2 1377 1378
4 1381 6747 6758 6832
6 1386 1390 1402 1948 1955 4347
12 1392 3027 3029 7475 7476 7479 7503 7507 7522 7526 7531 7533
1 1393
2 1403 3474
1 1404
4 1405 1667 2491 9020
4 1415 1416 3099 3101
6 1417 1448 1480 3795 3815 3818
24 1418 2005 2006 3360 3362 3379 3382 3414 4626 4692 4694 4709 4737 4739 4743 4748 4749 4753 4756 4757 4759 4763 4769 4771
2 1419 1580
4 1422 1481 7658 7938
5 1424 1440 1517 3219 7956
3 1441 1499 1509
1 1445
1 1446
5 1455 5889 5890 5892 6517
5 1457 2592 3853 4210 7968
5 1459 2096 2106 2108 2594
6 1463 5299 5326 5327 5332 5342
8 1482 2590 2591 2597 8790 8794 8800 8810
1 1486
8 1511 2662 4650 4652 4655 4656 4734 4735
4 1514 7971 8001 8002
4 1528 4951 4953 4954
9 1530 2710 2720 2727 3643 3644 3648 3654 3655
1 1533
4 1534 5601 5608 5609
4 1541 1545 1585 1943
6 1549 1586 7955 7961 8025 8032
1 1550
1 1551
3 1553 2230 2257
3 1555 1589 2273
5 1558 1560 1568 1570 8244
4 1561 4955 4960 4961
6 1562 1573 1587 1588 1591 5787
5 1564 1654 3858 3861 8270
5 1571 3741 3742 3751 5231
11 1572 1579 1599 1602 1603 1608 1610 1625 5478 5479 5481
7 1590 1611 3863 3864 6558 6560 8753
2 1593 1627
7 1614 1619 5295 5346 5363 8762 8763
6 1617 6890 6893 6894 6915 6916
4 1618 1917 1920 2007
2 1620 1665
2 1621 2308
5 1622 1740 1744 2374 8777
5 1630 2285 8827 8829 8830
6 1633 9654 9655 9669 9673 9700
1 1635
11 1641 1644 1647 1784 1785 1795 1802 1830 2640 2643 2659
3 1646 7462 7471
