29 0 1 3 4 6 10 18 21 22 23 24 45 46 50 61 62 64 67 68 69 70 72 76 78 80 81 82 83 85
192 2 8 29 42 43 44 86 87 88 89 90 91 92 94 95 96 97 105 107 108 109 110 113 115 118 130 131 133 134 135 136 143 145 171 172 173 174 176 183 185 186 190 192 194 195 201 203 205 220 222 228 229 230 231 236 237 238 239 240 246 251 262 269 274 276 277 291 292 294 295 296 297 302 303 304 305 306 307 308 309 310 311 312 313 314 316 323 324 325 330 332 336 337 340 345 348 349 350 351 361 362 369 371 395 396 404 405 406 407 408 410 413 415 418 420 421 422 426 427 430 432 433 436 437 438 443 444 447 1286 1287 1291 1296 1297 1301 1302 1305 1312 1313 1320 1322 1323 1325 1326 1330 1331 1332 1341 1342 1343 1347 1350 1363 5680 5681 5890 5891 5892 5893 5896 5898 5899 5912 5913 5914 5915 5923 5924 5926 5931 5932 5938 5939 5940 5941 5943 5948 5972 5976 5977 5986 5989 5992 5994 5995 5996 6000 6001 6002 6008 6015 6016 6017
94 5 11 35 38 39 40 41 155 157 160 169 181 368 461 462 463 464 472 473 474 475 476 477 478 479 480 491 516 530 531 5643 5645 5646 5647 5648 5649 5650 5662 5663 5667 5668 5669 5670 5671 5672 5675 5676 5686 5690 5785 5786 5788 5800 5801 5802 5803 5804 5805 5817 5818 5819 5820 5826 5827 5829 5830 5832 5833 5835 5836 6027 6028 6038 6123 6125 6126 6133 6228 6231 6233 6234 6235 6237 6238 6239 6240 6292 6294 6295 6296 6297 6298 6300 6301
18 7 31 152 154 161 162 198 199 200 202 534 535 537 583 584 589 590 592
13 9 16 17 33 48 55 57 59 65 508 512 515 519
135 12 533 545 546 549 551 552 553 554 555 557 561 563 564 566 576 578 749 750 751 753 754 759 761 766 767 781 785 786 789 790 791 792 793 794 795 796 805 806 807 812 813 814 834 838 840 847 853 857 865 866 869 881 882 890 893 894 896 897 900 1771 1773 1779 1780 1781 1784 1786 1793 2135 2137 2138 2139 2140 2141 2142 2143 2147 2148 2150 2151 2152 2154 2155 3333 3334 3355 3366 3416 3417 3418 3423 3424 3426 3433 3434 3436 4971 4973 4977 5119 5120 5121 5126 5127 5128 5129 5130 5132 5135 5137 5138 5139 5141 5146 5147 5149 5150 5154 5155 5156 5157 5158 5168 5170 5171 5172 5174 5176 5177 5183 5184 5189 5190 5192 5193
141 13 14 26 27 28 127 603 605 606 607 610 612 614 616 620 621 622 625 627 629 630 631 635 636 637 656 657 660 661 669 670 673 674 675 676 677 680 681 682 683 684 686 687 688 689 690 691 692 699 704 705 708 709 710 711 7418 7419 7421 7422 7504 7506 7507 7510 7511 7512 7514 7515 7516 7517 7526 7528 7529 7530 7536 7537 7564 7566 7567 7571 7572 7573 7579 7581 7582 7587 7594 7595 7596 7597 7598 7599 7600 7603 7604 7614 7615 7620 7625 7626 7631 7644 7652 7679 7680 7682 7684 7692 7696 7699 7701 7705 7734 7739 7742 7743 7744 7745 7746 7758 7760 7761 7762 7763 7764 7784 7786 7787 7788 7793 7794 7795 7798 7799 7801 7811 7812 7815 7816 7817 7884 7885
98 15 19 146 243 244 255 256 257 258 261 263 266 271 272 280 281 282 748 798 799 816 817 818 877 879 880 886 887 888 889 964 965 966 980 981 986 988 1000 1002 1003 1004 1005 1011 1012 1013 1014 1015 1031 1035 1036 1037 1038 1039 1040 1041 1043 1051 1052 1053 1054 1055 1056 1058 1059 1060 1061 1063 1066 1067 1068 1070 1071 1132 1133 1134 1135 1138 1139 1140 1141 1142 1143 1145 1146 1148 1149 1150 1155 1156 1159 1168 1171 1172 1173 1174 1175 1176 1177
8 20 456 457 458 483 487 488 496
51 25 289 290 319 320 321 725 728 733 734 739 740 741 742 776 820 821 829 830 833 835 836 1073 1074 1077 1083 1085 1088 1093 1095 1096 1097 1099 1100 1101 1107 1119 1130 1131 1137 1153 1179 1180 1184 1187 1188 1191 1193 1194 1195 1199
3 30 32 98
77 34 36 49 51 56 99 100 120 975 976 979 982 990 1205 1206 1207 1208 1221 1223 1224 1225 1226 1227 1250 1251 1252 1255 1262 1265 1267 1268 1879 1880 1881 1885 1889 1890 1891 1893 1894 1895 1896 1897 1898 1900 1903 1905 1906 1907 1908 1909 1910 1915 1917 1918 1919 1921 4395 4396 4397 4398 4399 4401 4404 4406 4407 4417 4418 4475 4476 4477 4478 4479 4487 4489 4490 4502
18 37 382 384 386 387 391 393 394 397 398 399 451 1274 1281 1282 1284 1298 6588
21 47 1384 1386 1387 1388 1391 1392 1394 1396 1399 1434 1435 1436 1438 1439 1440 1441 1442 1443 1444 1445
96 52 121 1410 1411 1412 1413 1421 1422 1423 1424 1425 1427 1433 1446 1447 1448 1449 1461 1462 1463 1466 1467 1469 1470 1473 1489 1490 1491 1492 1493 1494 1495 1496 1497 1498 1500 1501 1502 1503 1549 1551 1586 1609 1611 1614 1616 1618 1621 1625 1628 1636 1639 1640 1643 1644 1645 1652 1653 1664 1666 1667 1670 1671 1673 1676 1677 1679 1680 1681 1682 1684 1686 1690 1695 1697 1699 1711 1712 1713 1714 1719 1722 1727 1741 1742 1743 1745 1746 1747 1749 1754 1755 1760 1763 1765 1778
11 53 58 125 129 381 428 441 454 460 465 470
96 54 66 139 214 216 217 374 500 501 1400 1407 1408 1409 1450 1456 1460 1477 1478 1482 1484 1580 1581 1583 1585 1587 1588 1590 1591 1607 1693 1694 1696 1704 1705 1794 1795 1797 1801 1849 1850 1852 1853 1855 1856 1858 1861 1863 1864 1968 1971 1972 1978 1981 1988 1989 1992 1999 2000 2001 2002 2004 2007 2024 2025 2026 2027 2029 2034 2036 2037 2038 2040 2043 2045 2046 2057 2058 2059 2089 2102 2108 2110 2111 2112 2114 2115 2116 2120 2122 2124 2125 2133 2144 2145 2146 2149
76 60 71 102 103 1525 1526 1533 2177 2183 2186 2187 2190 2191 2192 2193 2194 2195 2196 2197 2199 2202 2203 2211 2216 2217 9357 9366 9367 9368 9369 9371 9372 9373 9376 9378 9379 9380 9381 9382 9383 9442 9444 9459 9460 9461 9462 9463 9466 9470 9471 9474 9477 9479 9480 9484 9486 9488 9489 9491 9492 9493 9504 9505 9514 9515 9518 9524 9528 9533 9534 9539 9545 9548 9549 9550 9556
1 63
22 73 74 106 119 2376 2380 2403 2404 2405 2414 2415 2417 2418 2419 2422 2424 2425 2428 2432 2434 2435 2436
74 75 2513 2514 2523 2577 2578 2579 2581 2582 2615 2620 2627 2630 2687 2689 2691 2693 2694 2699 2702 2703 2717 2718 2735 2736 2737 2744 2745 2746 2747 2748 2750 2752 2753 2756 2757 2766 2767 2768 2769 2770 2771 2772 2773 2775 2776 2793 2794 2797 2798 2799 2803 2804 2836 2837 2839 2840 2841 2842 2843 2845 2846 2847 2848 2857 2858 2859 2863 2864 2865 2866 2870 2871 2879
14 77 601 602 604 608 617 1513 1514 1520 1521 1522 2492 2493 2504
40 79 714 1575 1576 1663 1728 1739 2270 2272 2273 2345 2351 2352 2353 2354 2356 2359 2361 2364 2365 2366 2390 2393 2396 2397 2398 2438 2441 2447 2448 2469 2471 2472 2473 2476 2478 2488 2489 2490 2497
14 84 138 140 141 142 450 452 453 945 947 948 971 972 973
17 93 104 506 568 573 1810 1811 1834 1838 1839 1840 1842 1843 1844 1866 1867 1868
48 101 151 594 595 599 641 2235 2236 2237 2239 2240 2248 2259 2260 2261 2266 2267 2590 2592 2597 2599 2600 2601 2602 2605 2608 2609 2610 2611 2633 2635 2636 2637 2638 2641 2645 2647 2648 2649 2650 2656 2662 2664 2665 2668 2676 2679 2681
31 111 156 158 163 165 567 569 572 574 2013 2015 2017 2018 2019 2020 2021 2022 2023 2047 2048 2050 2051 2052 2053 2054 2071 2076 2078 2079 2082 2084
16 112 218 668 678 693 698 700 703 706 707 713 718 719 720 721 722
78 114 654 655 2505 2527 2528 2987 2989 2990 3022 3025 3026 3028 3029 3031 3036 3038 3095 3099 3100 3105 3107 3257 3266 3268 3269 3272 3273 3274 3279 3797 3798 3799 3803 3804 3805 3809 3814 3817 3822 3824 3831 3832 3833 3834 3835 3836 3837 3838 3844 3845 3846 3847 3848 3849 3850 3851 3852 3855 3856 3857 4029 4033 4034 4035 4037 7393 7394 7395 7396 7398 7404 7407 7408 7409 7410 7413 7417
86 116 178 207 208 211 241 245 250 252 253 1019 1022 1876 1878 1922 1924 1925 1926 1927 1929 1934 1936 1940 1943 1949 1952 1954 2898 2899 2900 2901 2915 2926 2940 2941 2943 2945 2948 2950 2951 2953 2961 2964 2970 2973 2976 3047 3048 3504 5459 5473 5481 5501 5505 5507 5526 5557 5558 5584 5585 5587 5588 5589 5602 5603 5607 5610 5611 5612 5613 5616 5618 6400 6402 6403 6404 6411 6412 6415 6431 6432 6436 6437 6438 6440 6441
14 117 167 168 179 378 2167 2170 2306 2529 2543 2546 2551 2556 3232
146 122 642 643 646 747 752 864 872 873 874 875 885 901 902 903 905 909 913 917 919 920 922 930 931 933 936 3059 3282 3285 3455 3458 3460 3461 3463 3467 3480 3481 3484 3485 3486 3487 3489 3492 3493 3499 3501 3502 3503 3505 3506 3507 3509 3523 3533 3534 3535 3539 3543 3544 3545 3546 3548 3549 3552 3553 3554 3630 3631 3632 3633 3675 3676 3682 3683 3684 3685 3687 3689 3695 3696 3697 3704 3705 3706 3711 3712 3721 3722 3723 3724 3725 3726 3727 3737 3739 3741 3742 3745 3748 4073 4074 4075 4089 4090 4093 4094 4095 4096 4097 4192 4193 4194 4195 4196 4230 4234 4238 4239 4240 4244 4246 4247 4249 4250 4252 4253 4263 4264 4267 4269 4276 4277 4281 4282 4283 4285 4287 4297 4315 4317 4322 4323 4324 4325 4326 4329
80 123 213 219 225 227 232 242 938 941 942 1030 1032 1033 1080 1082 1089 1091 1092 1102 1103 1106 3317 3318 3319 3321 3322 3323 3324 3326 3328 3332 3335 3336 3337 3339 3340 3343 3347 3348 3349 3453 3454 3459 3468 3555 3966 3970 3971 3974 3976 3982 3983 3986 3987 3988 3991 3992 3993 4021 4023 4030 4031 4032 4038 4047 4050 4051 4055 4059 4060 4061 4068 4069 4070 4077 4078 4079 4080 4085 4087
43 124 6495 6506 6508 6513 6587 6596 6634 6637 6644 6645 6655 6656 6665 6669 6670 6671 6672 6673 6730 6807 6808 6809 6810 7167 7170 7176 7177 7178 7197 7204 7209 7210 7212 7213 7216 7217 7221 7224 7227 7229 7231 7234
6 126 4812 4816 4817 4819 4821
43 128 137 953 4707 4864 4867 4868 4871 5310 5311 5312 5313 5314 5315 5316 5327 5328 5329 5330 5332 5336 5337 5347 5351 5352 5353 5354 5355 5356 5357 5359 5366 5367 5371 5372 5379 5380 5381 5384 5385 5388 5389 5392
39 132 147 149 1024 1025 1026 1108 1228 1229 1230 1231 1232 1238 1240 1249 1253 1256 1259 1261 1275 1277 1317 1318 1360 1361 1362 1366 1368 1369 3196 3203 3205 3206 3207 3215 3216 3217 3218 3227
20 144 148 949 950 2822 2823 2824 2827 2830 2831 2854 2855 2856 2885 3067 3076 3077 3079 3081 3082
4 150 180 376 411
19 153 273 275 278 286 287 2806 2808 2810 8172 8173 8174 8176 8178 8180 8383 8384 8386 8387
37 159 166 3125 3126 3127 3129 3132 3135 3158 3159 3237 3251 3255 3261 3263 3276 3286 3287 3289 3293 3294 3295 3297 3298 3300 3302 3304 3305 3314 3316 3330 3331 3338 3363 3364 3370 3375
69 164 182 184 187 188 189 327 328 329 863 868 876 967 974 977 3761 3768 3771 3772 3773 3774 3775 3776 3778 3779 3787 3790 3791 3792 3793 3843 3864 3868 3876 4337 4338 4339 4341 4342 4343 4346 4394 4402 4408 4409 4410 4412 4445 4450 4461 4509 4510 4532 4538 4542 4544 4545 4546 4547 4548 4561 4562 4564 4565 4567 4569 4571 4575 4576
88 170 175 177 197 1382 1390 1393 1486 1487 1488 1504 1506 1515 1516 1517 1534 1539 1540 3585 3589 3888 3889 3890 3892 3894 3895 3896 3897 3900 3902 3903 3904 3906 3942 3943 3944 3948 3949 3950 3951 3952 5417 5420 5421 5423 5424 5427 5428 5429 5430 5441 5447 5448 5449 5460 5461 5462 5464 5468 5469 5477 5478 5479 5482 5483 5484 5487 5490 5494 5496 5497 5511 5512 5514 5515 5550 5553 5554 5555 5556 5559 5699 5701 5703 5704 5705 5706 5707
30 191 193 352 353 354 448 3182 3186 3187 3188 4615 4620 4622 4623 4624 4627 4628 4629 4630 4633 4634 4635 4661 4662 4664 4665 4668 4673 4677 4678
11 196 2293 2294 2304 2305 2307 2308 2334 2336 2337 2338
7 204 206 1125 1126 1127 1147 1154
147 209 212 4142 4143 4146 4147 4152 4153 4155 4157 4158 4160 4170 4172 4173 4221 4222 4292 4293 4294 4295 4299 4307 4308 4312 4313 4314 4318 4319 4371 4372 4374 4376 4380 4420 4421 4422 4503 4504 4506 4507 4508 4511 4514 4515 4522 4523 4524 4525 4527 4528 4530 4531 4598 4599 4600 4602 4604 4605 6958 6959 6960 7028 7029 7040 7047 7048 7053 7058 7060 7061 7062 7063 7068 7069 7070 7073 7074 7081 7084 7085 7087 7088 7090 7091 7094 7098 7101 7103 7106 7126 7127 7131 7132 7133 7134 8031 8032 8037 8041 8042 8045 8048 8055 8057 8058 8060 8069 8079 8080 8081 8085 8086 8087 8088 8094 8095 8099 8100 8106 8107 8108 8111 8112 8121 8122 8123 8124 8127 8134 8135 8136 8145 8149 8153 8154 8155 8163 8165 8183 8184 8185 8186 8187 8190 8193 8194
7 210 342 502 503 4911 4912 4916
43 215 224 4893 4894 4895 4905 4917 4918 4920 4922 4923 4948 4950 4951 4952 4953 4955 4956 4966 4967 4968 4970 4979 4983 4984 5000 5001 5003 5009 5011 5013 5014 5015 5016 5019 5022 5023 5024 5026 5030 5031 5033 5410
56 221 226 826 1374 1560 1566 1567 1568 1569 1574 1577 1578 1584 1592 1593 1594 1808 1809 1812 2227 2230 2231 2243 2244 2246 2255 2256 2262 2263 2264 2269 2274 2275 2559 2562 2563 2564 2565 5046 5047 5048 5050 5073 5074 5075 5079 5080 5081 5082 5083 5085 5095 5097 5098 5104 5107
38 223 249 356 357 358 360 365 367 372 1658 1738 4614 4617 4618 4641 4642 4643 4755 4756 4757 4758 4761 4767 4884 4885 4886 4888 4889 4890 4942 4944 4945 4946 4960 4961 5064 5065 6614
1 233
20 234 442 2281 2282 2284 2313 2314 2315 2320 2322 2323 2324 2325 2327 2328 2445 2449 2502 2506 2507
67 235 2743 2754 2781 4695 4697 4698 4700 4702 4722 4724 4725 4730 4731 4733 4739 4740 4749 4750 4751 4752 4770 4773 4774 4776 4778 4781 4785 4786 4791 4796 4797 4798 4806 4807 4808 4809 4810 4828 4829 4830 4831 4834 4835 4836 4837 4838 4839 4842 4845 4855 4856 4859 4860 4863 4877 4879 4882 4896 4897 5200 5201 5202 5203 5205 5206 5208
185 247 493 494 495 1010 3403 5301 5303 5304 5305 5307 5308 5309 5318 5319 5342 5344 5625 5627 5630 5631 5633 5740 5741 5744 5745 5746 5750 5751 5752 5753 5760 5761 5764 5782 5790 5806 5807 5809 5850 5851 6269 6312 6313 6314 6315 6320 6609 6610 6611 6616 6618 6619 6691 6692 6693 6694 6702 6708 6709 6717 6718 6719 6720 6722 6729 6731 6733 6742 6747 6748 6749 6750 6752 6753 6756 6758 6759 6760 6763 6768 6770 6771 6773 6774 6777 6778 6779 6780 6781 6782 6784 6849 6851 6854 6858 6864 6865 6925 6926 6939 6941 6943 6945 6947 6963 6964 6966 6967 6968 6972 6976 6980 6981 6993 6994 6995 6996 6999 7001 7003 7004 7022 7023 7030 7031 7032 7034 7037 7039 7042 7043 7049 7153 8025 8027 8028 8065 8113 8116 8137 8140 8142 8143 8144 8159 8160 8181 8197 8214 8215 8216 8250 8252 8255 8256 8258 8259 8262 8263 8264 8266 8268 8270 8286 8288 8291 8292 8294 8295 8297 8298 8314 8659 8660 8668 8669 8670 9336 9337 9338 9339 9340 9341 9346
23 248 581 2670 3672 3680 3686 3688 3699 3715 3716 3717 3879 3881 3885 3907 3908 3911 3912 3913 8688 8691 8692 8696
39 254 449 485 1957 2910 2919 2921 2922 2923 2924 2927 3051 3052 3060 3061 3064 3065 3073 3083 3393 3394 3395 3397 3398 3400 3402 3404 4100 4101 4105 4115 4116 4119 4120 4124 4126 4127 4130 4131
6 259 338 339 416 417 419
26 260 1121 1122 1123 1129 1833 1836 1837 1846 1847 1870 1871 1872 1874 3407 3408 3409 3413 3414 3427 3429 3430 3439 3440 3441 3444
9 264 486 3163 3168 3558 3559 3574 3579 3580
28 265 5240 7265 7266 7268 7269 7273 7274 7278 7279 7281 7284 7285 7290 7294 7321 7327 7328 7331 7333 7334 7335 7336 7339 7348 7360 7367 7368
74 267 1311 1823 1826 1827 1902 1945 1955 1983 1984 1987 1990 7994 7997 8719 8727 8728 8729 8732 8735 8738 8741 8742 8756 8757 8758 8762 8768 8774 8787 8788 8809 8815 8817 8818 8821 8825 8826 8828 8830 8840 8844 8845 8854 8855 8857 8860 8861 8863 8867 8869 8871 8873 8874 8875 8878 8879 9657 9660 9661 9666 9667 9670 9671 9675 9676 9677 9678 9680 9690 9691 9694 9696 9697
29 268 852 6360 6361 6362 6364 6365 6366 6373 6375 6377 6385 6387 6388 6391 6392 6393 6395 6397 6444 6445 6446 6447 6820 6823 6894 6896 6897 6898
33 270 529 532 544 548 550 565 575 3593 3604 3605 3608 3611 3612 3613 3621 3622 3623 3624 3628 3629 3635 3640 3641 3644 3645 5242 5245 5246 5249 5253 5254 5255
16 279 1018 2064 2068 2069 2070 2088 3661 3663 4652 4653 4654 4655 4656 4658 4659
1 283
58 284 1203 1210 1211 4609 4611 4612 4619 4712 7295 7296 7297 7298 7299 7300 7302 7306 7307 7308 7309 7310 7313 7314 7350 7356 7357 7358 7361 7363 7365 7369 7370 7373 7375 7376 7382 7383 7384 7385 7388 7390 7391 7392 7397 7399 7481 7482 7483 7485 7486 7491 7494 7495 7498 7499 7500 7501 7502
29 285 771 773 774 854 855 856 3925 3926 3927 3933 3937 3938 3941 3954 3955 3957 5241 5243 5259 5261 5262 5263 5264 5265 5266 5267 5268 5273
34 288 298 1355 1371 1376 1378 2587 7892 7895 7903 7927 7928 7930 7937 7938 7942 7944 7946 7947 8020 8021 8023 8066 8070 8219 8240 8338 8340 8342 8343 8347 8348 8350 8351
4 293 2012 2016 9138
46 299 632 2707 2710 2713 2714 2715 2716 7846 7849 7850 7890 7891 7894 7896 7897 7914 7915 7916 7918 7919 7921 7961 7962 7963 7967 7971 7978 8413 8417 8418 8419 8420 8422 8427 8429 8430 8431 8432 8436 8437 8438 8439 8440 8442 8443
4 300 439 6147 6148
5 301 489 490 824 6246
42 315 3201 3202 5298 5299 5300 5439 5450 5456 5457 5465 5466 5636 5639 5640 5651 5653 5654 5656 5659 5660 5714 5715 5718 5721 5723 9319 9323 9325 9328 9329 9331 9388 9578 9584 9585 9586 9596 9597 9598 9599 9600
13 317 2055 2056 2060 2086 2087 2094 3996 4008 4009 4010 4012 4014
4 318 615 623 647
38 322 505 891 4134 4135 6267 6270 6273 6278 6279 9134 9142 9143 9155 9156 9157 9158 9159 9160 9161 9704 9705 9714 9715 9718 9719 9720 9721 9722 9726 9728 9730 9733 9736 9737 9739 9740 9741
24 326 946 8455 8456 8457 8459 8467 8470 9881 9884 9886 9888 9889 9890 9891 9892 9893 9894 9935 9936 9937 9939 9940 9941
27 331 510 521 579 2171 2172 2201 2205 2206 2207 2208 2268 4137 4139 4175 4178 4179 4183 4184 8516 8534 8535 8544 8545 8546 8547 8548
17 333 334 504 511 8601 8605 8606 8613 8614 8621 8622 8623 8624 8625 8626 8627 8629
23 335 652 3220 3221 3225 3226 4428 4429 4431 4433 4434 4436 4437 6586 6589 6590 6595 6597 6598 8354 8357 8359 8360
1 341
25 343 344 3471 3472 7563 7601 7657 7661 7662 7663 7664 7666 7710 7712 7713 7836 7838 7839 8916 8921 8922 8927 8928 8930 8932
22 346 2302 2669 2726 2727 2728 2732 3123 3124 3131 3136 3138 5219 5222 5224 5225 5276 5293 5294 5726 5728 5738
32 347 3648 3649 4465 4466 4467 4468 4469 4470 4480 4481 4482 4491 4493 4496 4498 4529 4533 4534 4536 4559 4560 4572 4579 4581 4582 4583 4584 4925 4926 4927 4962
20 355 956 958 959 2283 2285 2957 8708 8775 8776 8882 8886 8890 8891 8940 8941 8960 8961 8963 8964
25 359 598 600 663 664 667 671 685 695 3002 3658 3671 3673 3736 3740 3749 3770 3777 3780 3782 3783 3784 3785 3786 3808
35 363 388 1048 1050 1114 1160 1162 2373 2377 2384 2385 5857 5858 5862 5863 5865 5866 5867 5869 5870 6097 6098 6100 6101 6103 6108 6116 6145 6146 6152 6153 6155 6156 6158 6164
35 364 1234 1279 3960 3961 3963 3969 3994 4015 4016 4017 4018 4019 4020 5696 5697 5710 5713 5716 5724 5725 5838 5840 5843 5844 6041 6045 6047 6050 6053 6057 6058 6059 6171 6172
49 366 1511 1541 1542 1543 4647 4649 4660 4672 4679 4680 6219 6225 6226 6227 6229 6230 6241 6253 6254 6257 6258 6259 6260 6308 6335 6339 6348 6350 6356 6358 6381 6382 6383 6408 6452 6453 6454 6457 6458 6461 6462 6470 6471 6474 6475 6476 6478 6479
44 370 1166 1167 1169 1201 1306 1307 1308 1315 8503 8504 8505 8506 8507 8509 8510 8573 8575 8577 8581 8582 8592 8594 8595 8596 8706 8707 8713 8716 8745 8747 8784 9608 9618 9620 9625 9627 9628 9629 9630 9634 9636 9637 9700
6 373 586 587 6066 6080 6088
77 375 379 763 1219 1222 1233 1235 8019 8022 8026 8029 8046 8047 8050 8051 8054 8115 8118 8119 8164 8243 8244 8277 8278 8282 8283 8304 8305 8318 8319 8322 8323 8325 8326 8330 8332 8335 8336 8352 8355 8356 8358 8361 8363 8373 8374 8401 8403 8406 8407 8408 8445 8446 8449 8451 8497 8498 8499 8500 8501 8644 8645 8646 8649 8651 8652 8653 8654 8655 8656 8664 8671 8674 8677 8680 8681 8682
13 377 380 389 390 6523 6524 6535 6536 6540 6541 6544 6545 6546
15 383 402 412 638 6585 6601 6602 6606 6607 6620 6621 6622 6623 6624 6627
15 385 401 2394 2399 2400 6188 6191 6192 6193 6197 6198 6199 6204 6206 6207
30 392 459 3110 3112 4088 4091 4092 4098 4106 4113 4132 4133 4199 4203 4213 4214 4215 4224 6487 6497 6498 7980 7982 7983 7988 7989 7990 7993 7995 7996
15 400 467 6547 6549 6552 6554 6555 6556 6557 6558 6569 6582 6604 6638 6639
86 403 633 883 884 1215 1216 1319 1324 1559 8986 9020 9026 9028 9029 9031 9032 9033 9034 9035 9036 9040 9041 9052 9053 9054 9055 9057 9059 9062 9064 9085 9097 9098 9099 9105 9107 9108 9112 9114 9118 9119 9120 9121 9123 9125 9128 9129 9130 9131 9133 9135 9147 9148 9164 9184 9185 9186 9187 9188 9259 9261 9262 9263 9264 9266 9270 9271 9272 9274 9275 9276 9280 9282 9283 9284 9285 9289 9290 9293 9317 9318 9391 9393 9394 9398 9403
9 409 414 1243 1244 1246 1278 1285 1288 6787
2 423 2791
8 424 1300 1309 1316 6029 7882 7883 7886
19 425 445 446 455 6093 6094 6920 6957 6986 7007 7008 7446 7447 7448 7449 7450 7451 7458 7460
30 429 434 482 497 6813 6814 6815 6816 6817 6818 6831 6833 7560 7561 7562 7609 7610 7611 7612 7613 7616 7714 7731 7948 7949 7951 7999 8001 8002 8307
34 431 499 514 788 8376 8700 8701 8703 8730 8731 8946 8947 8950 8951 8953 8954 8955 8985 8989 8990 8991 8993 8995 8996 8997 9001 9176 9200 9201 9207 9209 9210 9211 9212
48 435 524 1379 1481 2958 2966 2967 2968 9255 9828 9842 9846 9850 9851 9852 9854 9855 9857 9859 9865 9868 9869 9879 9905 9921 9922 9923 9928 9933 9934 9948 9953 9960 9961 9962 9964 9966 9968 9973 9975 9976 9977 9981 9984 9985 9987 9998 9999
5 440 1333 4878 4880 4881
16 466 539 743 746 755 1352 1402 1415 1420 1429 1430 1451 1454 7184 7186 7187
9 468 588 1485 1499 1505 1507 1510 2622 2623
16 469 4425 4426 4597 4601 4606 4696 4701 4703 4705 4720 4727 4734 4737 4741 4963
45 471 1597 1598 1626 5110 6841 6844 6845 6846 6847 6860 6861 6867 6871 6872 6875 6876 6877 6878 6880 6881 8364 8365 8366 8367 8369 8377 8379 8380 8381 8388 8397 8399 8400 8404 8405 8515 8527 8588 8589 9763 9765 9774 9785 9786
8 481 1546 2977 2978 4994 4995 6907 6952
11 484 543 2955 2959 9228 9231 9234 9242 9243 9244 9404
14 492 822 839 841 843 7154 7192 9445 9446 9447 9448 9450 9507 9510
22 498 513 559 850 858 906 907 908 910 911 915 916 944 1632 1642 1647 1657 1660 1661 1662 1675 1678
21 507 1545 1547 1548 1572 1573 1579 1582 1777 1788 1789 1802 1805 1806 1813 1814 1883 1904 1913 1914 1946
13 509 7261 9405 9408 9409 9412 9413 9414 9419 9421 9426 9430 9431
20 517 6168 6170 6180 6181 6889 6890 6891 6892 6902 6903 6908 6910 6911 6924 6934 6948 6949 6954 6955
1 518
3 520 2098 2099
32 522 727 1963 1964 1965 1966 3179 3180 3191 3192 3193 3194 3195 3197 9557 9569 9571 9572 9809 9810 9813 9821 9824 9830 9831 9833 9834 9840 9877 9880 9883 9895
4 523 525 639 951
5 526 527 653 658 1875
3 528 536 1627
11 538 1631 1634 7145 7151 7152 7524 7525 7531 7532 7533
17 540 542 3291 3292 3306 3307 3313 3344 3350 3351 6502 6504 6505 6516 6517 6726 6737
7 541 571 577 580 1021 1023 1027
1 547
1 556
6 558 560 659 662 666 694
5 562 1982 3019 3020 3021
2 570 582
2 585 819
2 591 1993
13 593 597 712 3140 3152 3153 3154 5232 5297 5321 5341 5373 5375
3 596 609 769
7 611 1047 1112 4359 4360 5952 5953
2 613 1289
7 618 1707 1708 1710 1725 1729 2105
3 619 717 7820
1 624
6 626 628 770 3384 3385 3386
8 634 5966 5967 5968 5969 5974 5982 5987
25 640 5059 5060 5068 5069 5070 5076 5086 5087 5091 5291 5292 5295 5322 5323 5325 5326 5331 5343 5349 5350 5358 5396 5397 5398
35 644 724 729 848 871 892 6333 6338 6342 6368 6369 6370 6424 6425 6426 6427 6429 6433 6443 6451 6481 6482 6483 6486 6488 6489 6574 6579 6685 6687 6688 6785 6786 6788 6804
4 645 1299 1334 2008
7 648 758 1479 4803 4804 4805 4811
8 649 1740 1744 1757 1959 1960 1961 1967
15 650 2301 2309 2339 2340 4387 4389 4447 4448 4449 4903 4904 4906 4908 6325
31 651 9070 9074 9174 9177 9181 9246 9247 9248 9249 9250 9251 9252 9256 9260 9267 9269 9286 9287 9288 9291 9303 9308 9309 9316 9321 9322 9327 9333 9352 9353
2 665 697
3 672 2454 7050
11 679 702 715 775 1692 1700 1701 1702 2483 5195 5196
1 696
3 701 716 1766
4 723 3561 3564 3583
1 730
6 731 8599 8600 8612 8632 8636
11 732 7998 8202 8273 8274 8284 8301 8312 8313 8394 8395
4 735 4937 4938 4940
7 736 737 5955 5956 5957 5959 5960
19 738 744 1831 1832 1882 1892 1947 7114 7116 7117 7118 7124 7130 7136 7137 7143 7155 7161 7162
26 745 757 2499 2500 2512 2515 2533 7238 7239 7240 7243 7244 7247 7248 7253 7255 7442 7443 7444 7465 7520 7855 7856 9432 9451 9452
4 756 1951 5214 5215
11 760 780 782 844 1353 1602 1604 1606 2010 2011 2031
12 762 2003 2009 2033 2091 2092 2095 7733 7751 7753 7755 7756
1 764
2 765 2789
10 768 777 992 2220 2222 3004 3013 3016 3017 3030
11 772 2161 2162 4988 4989 4990 4992 4997 4999 5230 5231
10 778 803 2176 2178 2179 2181 2251 2280 2286 2288
6 779 783 5035 5036 5037 5042
4 784 802 1346 2367
6 787 8899 8900 8906 8907 8909
13 797 2629 2631 2632 2640 2642 2643 2644 2651 2653 2655 3119 3120
17 800 810 811 815 1608 1610 1613 2382 2387 2389 2402 2465 2466 2491 5521 7851 7852
29 801 2539 2547 2555 2557 2558 2560 2576 2580 2588 3176 3177 3181 3183 3184 3198 3200 3209 3210 3211 3223 3234 3238 3239 6321 6322 6323 6329 6332
9 804 808 5228 5229 5233 5235 5237 5239 5256
9 809 8983 8984 8987 9955 9963 9965 9993 9996
5 823 5533 5534 5535 5536
1 825
8 827 3556 3560 3562 3565 3567 3568 3570
5 828 3657 3660 3662 3664
9 831 1165 1170 1200 2734 2738 2740 2782 2783
9 832 1009 1016 1017 5539 5540 5541 5542 5543
2 837 849
2 842 2371
1 845
8 846 851 862 867 2815 2816 2819 8683
14 859 6840 6956 6961 6962 6982 6983 6984 7006 7009 7011 7012 7013 7021
5 861 1242 1258 1272 1635
1 870
11 878 921 2984 2992 2996 2997 2998 3000 3088 3090 3092
4 895 1292 1293 1295
19 898 5409 5411 5412 5415 5431 5475 5476 5480 5485 5518 5528 5531 5532 5537 5538 7782 7783 7804
6 899 904 2299 2459 2461 3710
3 912 2628 3918
5 914 1683 1685 5733 5734
6 918 1120 1163 1182 1344 1345
2 923 2516
2 924 1105
7 925 943 954 1523 2811 2818 2828
5 926 934 935 3651 3652
7 927 939 952 957 961 963 4592
3 928 929 937
4 932 5619 5620 5635
1 940
11 955 2363 4067 4071 4072 4086 4136 4164 4185 4187 4197
1 960
3 962 968 969
11 970 983 5954 5958 5963 5979 5997 5998 6005 6006 6013
1 978
9 984 1691 1698 1706 2159 3666 3690 3701 3708
18 985 2790 2832 2833 2852 2853 2860 2861 3246 3248 3360 3373 3374 5811 5812 7810 9069 9642
5 987 997 1111 1113 1115
9 989 1829 1950 2378 2379 2733 3001 3003 3006
12 991 1045 1202 4001 4002 4005 4011 4039 6039 6044 6048 6065
7 993 994 995 1008 3377 3379 3381
4 996 999 2536 2537
8 998 2164 2930 2931 2932 4225 4228 8981
1 1001
4 1006 4261 4288 4300
5 1007 1064 1065 2934 5936
2 1020 1079
4 1028 1046 2584 2585
7 1029 1357 7878 7879 7912 7913 7923
4 1034 1401 1512 1518
4 1042 1057 2173 2895
6 1044 1354 1359 1364 1365 1367
5 1049 1062 1072 4328 4331
2 1069 1385
4 1075 3391 3405 3406
5 1076 1078 5111 5159 5161
14 1081 1098 1178 1183 6290 6309 6310 6316 8245 8246 8247 9745 9746 9748
4 1084 4460 4462 6090
10 1086 5018 5027 5051 5052 5053 5056 5088 5546 5549
9 1087 3018 3027 3032 4933 4934 4957 4958 4965
4 1090 3039 3040 3041
3 1094 2130 2296
8 1104 1189 1190 3046 3169 3172 3174 3208
13 1109 1110 5683 5684 5735 5886 5887 5888 6083 6085 6086 7163 7164
3 1116 3754 3810
5 1117 2672 2673 2674 2678
9 1118 1290 1398 1403 2960 2971 2972 3044 3045
5 1124 1157 3874 4980 4981
4 1128 1715 1717 1718
1 1136
2 1144 1404
3 1151 1197 1209
4 1152 1158 1335 4364
15 1161 2880 4333 4358 4362 6276 6277 6281 6282 6284 6286 6287 6289 8798 8799
8 1164 4454 4457 4459 9050 9066 9067 9071
1 1181
1 1185
23 1186 1196 1198 1214 1519 1535 2223 2224 2408 2409 2420 3376 3383 3387 3388 3390 3446 3447 8233 8235 8237 8239 8241
7 1192 1204 1213 3049 3050 3053 6216
1 1212
3 1217 1236 1237
14 1218 1453 2440 2442 2443 7667 7669 7678 7681 7686 7757 7767 7771 7774
11 1220 1241 1245 1247 1254 9648 9649 9651 9655 9656 9698
4 1239 1257 1260 1263
10 1248 1538 8199 8200 8201 8206 8209 8217 8226 8228
4 1264 1269 1381 6076
1 1266
1 1270
5 1271 1273 3515 3516 3517
11 1276 1314 2085 2097 2101 2104 9622 9624 9638 9709 9723
2 1280 1937
8 1283 1328 6215 6221 6223 6224 6250 6251
9 1303 1703 6306 6307 6347 6352 6379 6389 6390
3 1304 1459 1939
2 1310 1527
3 1321 1730 1731
1 1327
3 1329 1595 1596
3 1336 3055 3057
2 1337 8520
7 1338 3058 3063 3087 4607 4621 4625
14 1339 1348 1349 1556 1563 3616 3620 3625 3627 8525 8531 8552 8558 8559
9 1340 1351 3229 3231 3519 3520 3521 8566 8567
3 1356 6526 6532
7 1358 2210 8848 8849 8850 8852 8895
3 1370 1537 2938
10 1372 8938 8939 8942 8943 8948 8949 8952 8956 8965
2 1373 1375
5 1377 1383 2289 2290 3451
4 1380 1395 1600 1601
14 1389 1753 1756 1764 1767 1769 1772 1775 3922 3923 3934 3935 5167 5173
1 1397
7 1405 1822 1824 1825 1848 2450 2451
8 1406 2062 2109 8806 8807 8812 8813 8819
2 1414 1550
8 1416 2666 2698 2700 4463 7096 7097 7100
10 1417 1458 2342 2368 2369 2372 2485 2621 5218 5227
5 1418 2132 2160 9079 9080
3 1419 1649 3668
8 1426 3718 3866 3867 3869 3878 3880 3979
1 1428
10 1431 1650 1860 1865 1869 7634 7642 7643 7645 7647
10 1432 7179 7180 7181 7183 7185 7188 7191 7193 7207
11 1437 1452 2250 9751 9753 9754 9755 9756 9757 9758 9766
6 1455 5732 5737 5739 5742 5747
5 1457 2524 2525 2531 2532
1 1464
4 1465 1468 1471 3530
2 1472 1474
7 1475 8642 8643 8697 8699 8704 8789
8 1476 4255 9743 9747 9749 9750 9762 9767
12 1480 3494 3497 4717 4718 4719 4784 4787 4802 4813 4854 4875
11 1483 1969 1973 3241 3243 3244 4065 4066 4076 4081 4111
1 1508
1 1509
4 1524 1674 1709 1958
9 1528 4931 4932 7824 7826 7831 7834 7840 7841
1 1529
7 1530 2877 2884 9946 9951 9954 9969
5 1531 1536 2981 3007 4271
5 1532 1669 8562 8563 8585
2 1544 1974
3 1552 2625 3474
10 1553 2278 3034 3108 3109 3283 3284 3312 3325 3729
4 1554 1564 1723 1800
6 1555 1646 6034 6036 6037 6040
4 1557 1733 5164 5211
9 1558 1570 8010 9793 9800 9801 9896 9897 9904
3 1561 5213 5216
5 1562 1619 4986 5005 5007
8 1565 4537 9008 9009 9017 9019 9021 9022
2 1571 3522
9 1589 2228 2229 3731 3732 4709 5522 5525 5527
3 1599 1612 1629
2 1603 1648
2 1605 5561
1 1615
3 1617 5567 5569
7 1620 1654 4286 4289 4296 9566 9573
2 1622 1665
3 1623 3757 3758
4 1624 5572 5682 5685
2 1630 2189
2 1633 9784
1 1637
1 1638
2 1641 1651
1 1655
2 1656 4681
2 1659 1672
7 1668 1734 1735 1752 1758 1759 1790
11 1687 5856 5861 5871 6117 6118 6167 6174 6175 6183 6184
6 1688 1792 1804 1816 1818 1820
