22 0 1 2 3 4 6 7 14 15 16 17 18 24 49 50 51 53 55 56 58 62 63
16 5 8 32 35 36 38 39 44 74 76 80 81 82 83 84 85
66 9 20 87 89 90 91 92 93 94 95 96 97 100 102 103 119 133 134 135 138 139 141 142 151 160 177 178 183 184 185 186 194 196 205 207 208 210 211 214 219 220 221 223 224 268 273 274 277 329 330 331 332 333 334 335 337 340 368 379 385 386 394 397 398 408 411
124 10 104 116 117 120 123 126 1218 1219 1220 1221 1225 1226 1228 1230 1234 1237 1245 1246 1248 1251 1259 1260 1261 1267 1268 1310 1311 1312 1313 1315 1328 1333 1350 1366 1367 1391 1392 1395 1396 1406 1408 1409 1410 1411 1414 1415 1416 1419 1421 1422 1423 1425 1426 1432 1436 1437 1438 1439 1440 1441 1443 1444 1446 1456 1458 1460 1461 1462 1464 1473 1474 1475 1482 1483 1484 1511 1512 1513 1515 1516 1517 1518 1524 1526 1527 1535 1536 1538 1545 1547 1548 1551 1583 1587 1588 1590 1591 1593 1594 1596 2384 2386 2428 2429 2430 2431 2447 2449 2452 2453 2454 2455 2468 2469 2470 2472 2474 2475 2478 2488 2493 2517 2518
161 11 129 132 136 143 144 145 278 279 280 281 282 426 435 436 437 439 450 451 478 479 480 485 497 503 766 767 768 769 771 772 773 774 780 781 783 786 791 792 794 795 796 826 829 837 838 840 852 896 898 901 905 906 907 909 910 912 914 915 916 918 919 920 922 923 925 927 928 929 930 932 935 941 942 948 951 979 980 981 987 988 989 992 994 995 996 997 998 1002 1005 1010 1043 1051 1052 1053 1055 1056 1060 1061 1064 1065 1067 1068 1072 1074 1075 1077 1080 1081 1083 1084 1085 1086 1103 1105 1113 1114 1119 1130 1131 1132 1134 1135 1139 1141 1142 1144 1145 1148 1149 1150 1159 1162 1164 1165 1166 1169 1171 1174 1175 1176 1179 1180 1184 1196 1198 1200 1204 1205 1206 1207 1208 1211 1275 1276 1277 1278 1279 1281 1284 1289
20 12 307 312 314 315 344 351 357 358 359 360 361 362 567 568 571 573 587 591 592
32 13 19 69 71 72 153 154 159 161 162 175 176 189 190 191 192 364 371 508 510 511 765 803 805 806 816 817 818 861 865 867 870
17 21 22 23 25 372 447 3721 3722 3723 3725 3729 3731 3732 3733 3734 3766 3767
10 26 27 28 206 227 228 230 231 232 233
98 29 250 252 253 482 483 499 501 525 526 527 529 530 532 534 535 538 540 541 542 544 545 546 547 621 623 629 630 631 636 637 700 706 707 708 713 718 723 730 752 756 758 764 879 880 881 882 889 892 959 960 2711 2712 2713 2714 2716 2736 2737 2738 2740 2746 2747 2748 2749 2762 2763 2765 2766 2767 2768 2769 2771 2774 2775 2777 2778 2782 2784 2795 2796 2802 2806 2807 2814 2821 2822 2823 2824 2832 2833 2834 2860 2861 2866 2891 2892 2893 2894
100 30 45 46 234 236 239 241 243 245 248 258 261 262 561 610 611 615 617 649 656 657 658 665 666 667 668 673 675 676 677 684 685 686 689 690 691 692 693 696 1290 1292 1294 1295 1302 1303 1304 1305 1306 1307 1309 1314 1317 1318 1322 1323 1353 1355 1365 1368 1369 1504 1514 1528 1553 1555 1557 1559 1600 1601 1607 1631 1632 1634 1659 1660 1661 1662 1663 1664 1666 1667 1668 1669 1676 1677 1678 1749 1754 1756 1757 1758 1759 1760 1761 1762 1765 1772 1774 1775 1778
156 31 598 599 601 602 603 604 607 620 624 2991 2999 3002 3006 3010 3011 3012 3018 3019 3020 3021 3220 3222 3230 3234 3235 3236 3237 3270 3271 3274 3290 3292 3293 3297 3298 3300 3301 3302 3303 3311 3327 3330 3331 3332 3333 3334 3337 3339 3340 3342 3343 3347 3348 3349 3356 3359 3361 3362 3363 3364 3365 3366 3373 3374 3378 3381 3408 3409 3411 3413 3414 3416 3417 3418 3421 3423 3424 3425 3426 3431 3435 3438 3446 3447 3456 3457 3458 3462 3463 3465 3468 3490 3491 3492 3493 3497 3504 5900 5902 5908 5909 5911 5914 5915 5920 5922 5923 5925 5926 5928 5954 5955 5956 5958 5960 5974 5976 5977 5979 5980 5989 5993 5994 5996 5997 5998 6001 6002 6016 6018 6019 6038 6063 6064 6073 6074 6160 6161 6176 6177 6178 6179 6341 6344 6345 6349 6353 6354 6355 6361 6362 6363 6365 6366 6371
59 33 34 37 313 318 320 321 1027 2033 2035 2038 2039 2040 2043 2046 2048 2049 2050 2053 2054 2060 2061 2062 2063 2093 2111 2113 2114 2116 2117 2118 2119 2120 2123 2129 2131 2132 2133 2136 2137 2139 2140 2141 2142 2144 2145 2146 2147 2150 2151 2153 2155 2594 2610 2611 2619 2620 2632 2634
32 40 42 43 47 1035 1036 1037 1038 1039 1040 1041 1109 1110 1120 1121 1122 1124 1125 1126 1127 1137 1138 1146 1152 1153 1156 1158 1163 1167 1172 1182 1185
80 41 1186 1187 1188 1190 1192 1193 1194 1195 1203 1210 1212 3647 3648 3649 3674 3680 3681 3682 3683 3685 3686 3689 3690 3696 3697 3739 3741 3742 3746 3748 3954 3956 3959 3968 3969 3971 3972 3973 3976 3977 3981 3982 3983 3988 3990 4005 4006 4007 4009 4010 4015 4016 4022 4023 4024 4025 4026 4033 4035 4041 4048 4049 4051 4052 4053 4055 4056 4065 4066 4067 4068 4069 4070 4073 4077 4078 4079 4084 4087
45 48 59 64 115 121 1373 1374 1375 1383 1384 1402 1404 1501 1570 1573 1574 1576 1686 1693 1694 1697 1722 1724 1726 1731 1744 1747 1748 1763 1768 1769 1770 1771 1779 1780 1783 1784 1785 1786 1788 1789 1791 1849 1850 1851
77 52 106 108 110 111 112 122 287 1715 1716 1721 1737 1738 1816 1817 1818 1819 1820 1825 1827 1828 1829 1831 1832 1833 1834 1844 1855 1858 1860 1861 1862 1863 1864 1956 1957 1963 1964 1965 1966 1971 1972 1974 1976 1977 1978 1981 1997 2003 2004 2005 2007 2156 2157 2374 2380 2434 2441 2445 2461 2482 2483 2501 2511 2512 2513 2515 2526 2527 2528 6394 6395 6396 6401 6408 6412 6413
35 54 113 453 1274 1280 1287 1714 1875 2023 2031 2184 2185 2186 2187 2189 2215 2218 2219 2223 2224 2225 2226 2228 2229 2230 2234 2235 2236 2237 2238 2239 2240 2243 2246 2249
34 57 130 131 152 155 291 293 296 476 477 481 493 494 496 4277 4278 4279 4281 4282 4285 4286 4287 4304 4305 4306 4307 4308 4311 4312 4315 4316 4317 4319 4329
68 60 61 65 1815 1882 1883 1884 1885 1886 1887 1889 1890 1893 1894 1895 1896 1897 1898 1899 1900 1905 1906 1907 1908 1909 1910 1915 1916 1928 1947 1953 1986 1991 2531 2532 2650 2654 2655 2657 2658 2659 2963 2964 2965 2966 2967 2969 3023 3025 3026 3027 3028 3035 3036 3037 3038 3039 3040 3041 3044 3045 3064 3065 3066 3068 3071 3077 3080
56 66 165 324 328 336 338 339 342 354 369 373 376 401 448 1938 1939 2017 2018 2019 2022 2065 2176 2177 2190 2197 2202 2204 2205 2206 2207 2208 2209 2210 2252 2253 2254 9879 9887 9888 9889 9890 9891 9892 9893 9898 9899 9900 9921 9922 9928 9931 9933 9935 9939 9940 9941
9 67 127 2290 2291 2961 2962 2973 2975 2980
13 68 75 6545 6551 6553 6555 6556 6557 6558 6559 6561 6571 6575
94 70 105 557 559 566 2289 2294 2295 2296 3625 3628 3629 3630 3631 3632 3633 3634 3777 3780 3781 3782 3783 3784 3785 3787 3788 3789 3792 3794 3797 3799 3800 3822 3823 3827 3828 3831 3832 3833 3834 3842 3844 3845 3846 3847 3848 3857 4564 4565 4570 4571 4579 4580 4581 4582 4583 4584 4597 4599 4600 4604 4605 4831 4834 4835 4837 4839 4841 4849 4852 4853 4854 4856 4857 4858 4859 4862 4864 4866 4872 4874 4875 4891 4892 4893 4895 4900 4901 7543 7544 7546 7550 7558 7559
27 73 77 583 585 588 596 597 600 619 625 626 627 628 634 744 749 1296 1346 1347 1599 1602 1604 1605 1612 1614 1615 2338
75 78 86 164 167 168 169 174 179 267 460 462 463 465 467 2305 2306 2342 2343 2344 2349 5779 5804 5805 5813 5826 5827 5828 5829 5831 5832 5833 5834 5835 5836 5847 5848 5850 5851 5868 5869 5870 5873 5893 5894 5897 6096 6097 6098 6099 6100 6101 6110 6118 6119 6122 6125 6126 6136 6149 6182 6183 6184 6185 6186 6187 6188 6190 6191 6192 6194 6197 6198 6199 6201 6202
150 79 1705 2314 2315 2317 2318 2319 2324 2325 2327 2329 2367 2552 2553 2567 2578 2579 2585 2600 2601 2602 2606 2608 2609 2612 2616 2647 2649 2652 2653 2656 2662 2665 2680 2682 2683 2686 2687 2688 2694 2695 2696 2703 2704 2706 2720 2721 2758 2759 2781 2902 2903 2904 2917 2919 2921 2922 2924 2926 2929 2931 2934 2940 2942 4250 4252 4253 4256 4332 4333 4337 4339 4344 4345 4376 4377 4378 4381 4386 4387 4388 4389 4391 4392 4393 4394 4395 4396 4397 4398 4399 4403 4404 4408 4409 4413 4414 4416 4421 4422 4427 4428 4429 4431 4434 4442 4443 4445 4448 4453 4455 4456 4457 4458 4459 4466 4467 4468 4479 4485 4490 4502 8353 8364 8365 8366 8367 8369 8370 8371 8373 8374 8381 8382 8386 8387 9862 9863 9865 9877 9883 9885 9886 9903 9906 9907 9909 9910 9913 9914
6 88 574 2954 2955 2959 3082
1 98
28 99 157 201 415 2358 2360 2373 2381 2382 2383 2387 2390 2391 2392 2398 2404 2405 2410 2411 2415 2416 2418 2419 2422 2432 2433 2435 2436
20 101 202 3084 3088 3089 3097 3109 3113 3115 3122 3123 3124 3125 3126 3127 3128 3129 3133 3135 3143
73 107 137 474 475 486 876 885 893 895 924 933 934 936 3083 3144 3145 3146 3147 3150 3151 3152 3153 3154 3158 3159 3168 3176 3178 3180 3181 3182 3183 3184 3188 3217 3219 3267 3269 3275 3276 3281 3285 3531 3913 8274 8276 8277 8278 8279 8280 8284 8286 8287 8288 8289 8290 8297 8298 8302 8306 8317 8329 8331 8332 8335 8338 8340 8341 8342 8355 8362 8376 8392
103 109 147 148 473 484 488 517 1798 2534 2535 2537 2596 2614 2615 2622 2623 6456 6457 6458 6460 6461 6462 6464 6465 6478 6482 6483 6484 6485 6486 6487 6489 6492 6493 6496 6576 6595 6596 6642 6645 6652 6653 6655 6656 6658 6659 6666 6669 6671 6672 6673 6678 6679 6683 6684 6686 6690 6692 6693 6694 6696 6699 6700 6701 6704 6707 6708 6710 6711 6714 6717 6718 6719 6725 6727 6729 6730 6735 6736 6737 6790 6792 6794 6795 6796 6797 6803 6805 6806 6807 6811 6812 6813 6815 6817 6818 6823 6824 6825 6843 7005 7007 7010
61 114 639 640 815 822 823 853 860 2266 2267 3517 5079 5080 5081 5083 5084 5086 5089 5092 5103 5104 5105 5106 5108 5109 5110 5113 5114 5118 5123 5124 5125 5127 5129 5130 5131 5132 5133 5134 5135 5136 5137 5138 5140 5144 5145 5153 5154 5155 5156 5157 5158 5165 5168 5169 5170 5171 5173 5176 5177 5178
2 118 519
106 124 8965 8966 8967 8969 8971 8972 8973 8974 8976 8980 8981 8993 8994 8995 8996 8998 9008 9009 9010 9011 9012 9015 9049 9051 9052 9053 9054 9055 9056 9058 9059 9060 9062 9065 9071 9086 9088 9094 9113 9128 9129 9130 9131 9132 9134 9143 9160 9162 9164 9177 9178 9179 9181 9187 9188 9196 9199 9204 9433 9440 9441 9442 9443 9444 9473 9476 9482 9483 9485 9486 9492 9494 9495 9496 9497 9498 9499 9500 9501 9504 9505 9507 9508 9511 9514 9515 9516 9525 9526 9527 9544 9617 9618 9619 9620 9641 9643 9726 9733 9734 9735 9737 9738 9739 9741
71 125 193 225 254 255 322 347 1717 1718 2335 2336 2351 2352 2354 2355 2361 2362 2424 2426 2439 2440 2442 2443 2530 3546 3548 3549 3554 3570 3859 3866 3867 3868 3934 3935 3936 4100 4101 4103 4105 4108 4109 4112 4114 4115 4116 4118 4121 4125 4133 4135 4162 4166 4167 4168 4170 4172 4173 4179 4184 4615 4619 4641 4642 4643 4652 4653 4655 4656 4657 4659
20 128 140 181 2631 2641 2728 2731 2798 2799 2800 2801 2804 3206 3207 3397 3400 3401 3403 4820 4821
89 146 581 2595 2604 2605 2626 2815 2816 2819 2850 3612 3613 3617 3619 3620 3621 3623 3624 3637 3639 3641 3650 3653 3768 3773 3774 3775 3776 3803 3804 3806 3807 3809 3814 3816 4229 4230 4231 4232 4234 4235 5224 5225 5240 5303 5304 5305 5330 5332 5335 5338 5340 5342 5357 5358 5361 5489 5498 5499 5500 5501 5504 5511 5512 5513 5520 5521 5543 5572 5581 5583 5584 5586 5601 5602 5603 5604 5605 5607 5628 5629 5635 5771 5772 5773 5774 6205 6206 6207
64 149 961 962 963 977 4724 4725 4726 4727 4728 4729 4730 4731 4733 4756 4758 4759 4760 4761 4766 4767 4787 4789 8088 8089 8090 8091 8097 8098 8099 8100 8122 8123 8124 8125 8126 8129 8130 8131 8133 8134 8136 8138 8142 8146 8147 8149 8155 8156 8159 8160 8161 8162 8164 8165 8174 8183 8184 8185 8187 8188 8190 8191 8194
68 150 156 158 166 2989 2995 2996 2997 3009 3013 3016 3017 3022 3049 3051 3053 3061 3062 4505 4512 5005 5006 5008 5009 5019 5020 5022 5023 5024 5027 5034 5035 5037 5042 5066 5067 5068 5069 5070 5071 5072 5075 5076 5077 5078 5097 5098 5100 5117 5122 5142 5143 5179 5181 5182 5183 5184 5191 5196 5204 5205 5209 5210 5213 5215 5252 5253 5255
31 163 172 3166 3167 3169 3170 3173 3555 6314 6316 6317 6319 6321 6322 6323 6331 6332 6390 6414 6415 6418 6419 6420 6426 6428 6429 6432 6435 6438 6440 6441
7 170 180 270 271 275 276 283
9 171 187 188 195 1801 4261 4262 4267 4275
11 173 198 204 213 263 402 403 404 412 418 419
90 182 197 738 739 741 745 746 747 750 751 760 763 798 807 809 2545 2566 2569 2570 2572 3480 3483 3487 3488 3494 3495 3496 3498 3505 3506 3507 3508 3510 3520 3521 3527 3537 3538 3540 4606 4607 4609 4612 4613 4626 4633 4634 4635 4661 4662 4663 4665 4666 4708 4920 4922 4923 4925 4927 4928 4931 4932 4934 4937 4938 4939 4946 4955 4956 5298 5299 5302 5306 5307 5308 5309 5311 5312 5313 5314 5315 5318 5319 5362 5365 5391 5395 5398 5415 5418
5 199 216 217 709 711
85 200 242 827 884 944 953 6742 6743 6744 6745 6752 6753 6754 6755 6891 6892 6893 6894 6895 6899 6904 6907 6915 6917 6927 6929 6934 6935 6936 6937 6942 6967 6968 6972 6999 7000 7001 7002 7040 7044 7045 7048 7054 7055 7066 7082 7084 7085 7095 7100 7101 7103 7108 7109 7110 7112 7116 7117 7118 7120 7121 7123 7126 7128 7129 7132 7133 7136 7137 7138 7139 7142 7143 7150 7151 7152 7156 7162 7517 7521 7522 7523 7525 7526 7527
51 203 256 257 259 265 5473 5743 5752 5753 5754 5767 5768 5769 5770 5775 5780 5837 5838 5839 5842 5843 5846 5849 5932 5936 5969 5970 6543 6544 6562 6563 6564 6775 6776 6853 6861 6862 6864 6865 7163 7166 7174 7180 7181 7185 7186 7187 7231 7232 7233 7234
29 209 215 218 2908 2909 2911 4555 4557 4560 4561 4646 4647 4648 4650 4651 4691 4694 4695 4710 4712 6226 6233 6235 6249 6251 6257 6258 6259 6271
3 212 6299 6301
21 222 420 421 422 423 1022 4214 4215 4217 4218 4219 4220 4221 4222 4288 4295 4296 4321 4327 4328 4331
25 226 457 459 1455 1471 1478 1623 1637 7939 7942 7943 7945 7960 7961 7966 8001 8002 8004 8005 8006 8007 8009 8467 8469 8470
34 229 237 284 548 549 643 646 660 661 3194 3196 3205 3211 3212 3213 3239 3335 3336 3344 3355 4776 4778 4781 4783 4784 4785 4786 4790 4793 8037 8439 8441 8442 8443
9 235 3586 3592 3593 3603 3604 3605 3607 4347
24 238 247 433 669 670 671 672 724 725 875 955 965 966 6455 6468 6469 6470 6471 6472 6473 6474 6475 6476 6491
30 240 4812 4814 4815 4822 4823 4825 4826 4830 4832 6883 6959 6960 7273 7275 7276 7278 7279 7280 7292 7295 7297 7298 7301 7303 7308 7311 7312 7314 7319
40 244 449 469 1921 7592 7593 7646 7661 7662 7663 7666 7670 7671 7672 7673 7674 7675 7676 7677 7699 7701 7702 7706 7709 7710 7715 7716 7718 7864 7865 7866 7867 7868 7876 7877 7880 7882 7883 7884 7885
51 246 873 877 886 899 903 937 4809 4810 4842 4844 4845 4855 4860 4882 4885 4887 4888 4889 4890 4979 4981 4985 4989 4990 4991 4999 5044 7351 7352 7353 7356 7359 7360 7377 7378 7380 7382 7383 7384 7385 7386 7400 7401 7403 7409 7410 7413 7422 7435 7456
77 249 288 289 290 294 295 297 516 4794 4795 4796 4797 4798 4803 4804 4805 4806 4898 4903 4904 4905 4907 4972 4975 4977 8482 8483 8484 8496 8498 8500 8503 8504 8505 8507 8508 8510 8523 8524 8526 8528 8529 8530 8531 8534 8538 8540 8542 8543 8544 8545 8546 8547 8549 8550 8552 8554 8556 8557 8571 8572 8573 8576 8578 8579 8580 8583 8606 8614 8615 8616 8620 8621 8623 8625 8626 8629
3 251 3371 3386
2 260 969
84 264 308 309 310 348 974 978 3715 3716 3717 3719 4191 4193 4194 4195 4196 4197 4355 4356 4358 4359 4368 4369 4425 4426 4480 4481 4482 4486 4489 4492 4498 4499 4501 4503 4504 4507 4508 4519 4520 4521 4522 4529 4530 4531 4536 4541 4548 5403 5406 5409 5411 5412 5414 5419 5420 5421 5423 5424 5425 5427 5430 5434 5435 5436 5437 5439 5440 5442 5444 5445 5448 5449 5462 5463 5464 5465 5466 5479 5481 6076 6081 6085 6088
15 266 285 733 797 1023 1025 1028 1029 1030 1031 1378 1644 1645 1647 1648
70 269 1447 1643 1649 1656 1657 1671 1672 5052 5054 7721 7722 8743 8779 8790 8791 8793 8794 8795 8796 8800 8801 8802 8804 8809 8810 8819 8849 8850 8851 8852 8859 8860 8862 8865 8866 8872 8873 8874 8876 8878 8880 8890 8892 8894 8895 8914 8916 8918 8941 8943 8944 8948 8949 8950 8951 8953 8956 8958 8960 8963 8983 8984 8985 8990 8991 8992 8997 9006 9018
7 272 1016 1017 1719 1787 1792 1793
24 286 292 349 2098 2099 5711 5719 5787 6092 6093 6094 6213 6214 6215 6219 6224 6225 6227 6228 6237 6238 6239 6243 6246
41 298 1499 1500 1800 3394 3398 3402 3404 5684 5685 6286 6288 6289 6290 6297 6298 6302 6303 6312 6315 6333 6373 6375 6376 6378 6379 6380 6381 6410 6411 6417 6424 6425 6427 6436 6442 7203 7204 7205 7206 7207
25 299 522 537 9743 9744 9745 9746 9750 9753 9755 9756 9757 9758 9760 9761 9762 9765 9771 9772 9773 9775 9777 9778 9785 9786
5 300 306 311 323 341
34 301 350 352 353 355 1020 1021 1026 1034 1042 1044 1045 1047 1048 1049 1050 1076 1078 1821 1830 1835 1836 1837 1839 1840 1843 1869 1944 1945 1949 1968 1983 1984 1993
64 302 828 2068 2073 2087 2094 3880 3883 3884 3897 3898 3900 3921 3922 3923 3927 3929 3930 3938 4137 4138 4198 4200 4201 4202 4211 4225 4247 4248 4249 4255 4383 4385 4400 4401 4406 4419 9349 9365 9367 9369 9370 9371 9372 9373 9377 9383 9398 9404 9426 9427 9429 9431 9646 9647 9648 9650 9792 9794 9796 9797 9798 9800 9802
33 303 841 842 850 854 856 3879 3887 3888 3889 3894 3903 3904 3905 3908 3914 3915 3917 3919 3924 3932 3933 3937 3939 3941 3943 3946 5057 5058 5059 5060 5061 5065
16 304 305 363 365 366 1217 1222 1223 1231 1244 1247 1252 1253 1254 2949 2952
28 316 2110 2124 2127 2178 2179 2180 2183 2192 2199 2263 2264 3470 3476 3477 3478 3672 3691 3698 3699 3700 3701 3702 3704 3705 3706 3707 3708
51 317 1918 1923 1925 1926 1927 1931 1934 1952 1955 2201 2211 3737 3738 3749 3755 3756 3757 3760 5294 5370 5371 5372 5484 5487 5493 5494 5496 5497 5507 7426 7427 7428 7430 7432 7434 7437 7439 7440 7454 7455 7457 7461 7466 7468 7469 7470 7726 7733 7738 7774
44 319 325 945 1095 1096 1098 1099 7860 7861 7891 7892 7906 7908 9277 9280 9281 9282 9283 9286 9287 9288 9289 9290 9292 9294 9295 9296 9312 9316 9326 9327 9331 9340 9341 9342 9345 9353 9405 9409 9411 9412 9413 9414 9418
13 326 1032 1063 1088 1111 1112 2312 2331 2332 2333 2347 2496 2497
45 327 343 345 370 1191 1202 1673 1675 1680 1683 1685 2577 2583 2584 2586 2587 8211 8212 8213 8214 8215 8217 8219 8240 8429 8431 8432 8433 8434 8435 8436 8437 8438 8444 8445 8446 8449 8450 8451 8456 8459 8462 8463 8464 8465
8 346 2547 2548 2555 2557 2558 2560 2561
27 356 380 382 428 441 2573 2574 2576 2592 2723 2754 2755 2756 2757 2787 2791 8652 8653 8654 8655 8656 8657 8658 8662 8665 8666 8670
16 367 489 490 1155 1687 1700 1701 1706 1710 1796 1803 1913 1914 1917 1922 2217
10 374 2868 2869 2874 2875 2886 2888 2889 2890 2895
8 375 383 390 5659 5660 5672 5680 5681
23 377 378 5652 5653 5654 5655 5656 5657 5668 5669 5670 5671 5675 5676 5682 5686 5689 5691 5694 5695 5696 5697 5698
37 381 1319 1320 1327 6502 6503 6530 6531 6532 6542 7784 7786 7789 7798 7799 7801 7802 7803 7804 7814 7817 7925 7926 7933 7938 8076 8077 8199 8200 8201 8202 8223 8224 8227 8228 8632 8636
56 384 417 424 1215 1236 1238 1239 1240 1256 1257 1258 1262 1297 2913 2914 2915 6569 6587 9249 9251 9252 9253 9254 9255 9264 9266 9268 9269 9274 9275 9298 9299 9300 9301 9310 9311 9315 9317 9318 9378 9379 9384 9387 9388 9667 9676 9678 9679 9681 9685 9686 9690 9691 9694 9696 9697
88 387 452 454 1376 1377 1379 1448 1449 5263 5264 5265 5266 5267 5268 5270 5276 5547 5550 5551 8673 8675 8677 8678 8679 8681 8683 8734 8736 8738 8761 8762 8766 8767 8768 8840 8844 8847 8854 8855 8857 8869 8882 8883 8884 8885 8886 8889 8896 8897 8898 9225 9231 9232 9239 9240 9241 9243 9244 9258 9260 9263 9267 9270 9279 9285 9399 9400 9402 9424 9425 9428 9432 9445 9446 9447 9448 9454 9455 9458 9459 9460 9462 9463 9548 9549 9550 9553 9555
38 388 1338 1357 3174 3175 3189 3192 3193 3200 3204 3240 3242 3244 3249 3250 3251 3255 3259 3260 3261 3262 3263 3312 3313 3314 3315 3317 3318 3319 3320 3323 3324 3325 3326 3328 5705 5706 5707
11 389 391 429 430 550 551 552 553 555 556 6784
11 392 455 3874 4089 4090 4093 4095 4097 9825 9826 9827
12 393 399 2948 2950 2953 5384 5386 6048 6049 6053 6055 7533
14 395 396 5286 5401 5402 5709 5716 5717 7515 7524 7532 7538 7539 7540
51 400 471 1359 1361 4595 4602 4603 4631 4637 4638 4640 4654 4680 7196 7200 7218 7221 7225 7227 7228 7243 7246 7634 7637 7638 7639 7640 7669 7683 7719 7720 7723 7724 7725 7727 7728 7729 7837 7854 9074 9080 9101 9110 9112 9135 9136 9137 9145 9146 9158 9163
13 405 409 468 491 9943 9944 9947 9953 9963 9967 9968 9978 9999
34 406 579 2828 6283 6284 6291 6292 6296 6305 6602 6605 6608 6618 6620 6623 6624 6628 6630 6631 6770 6771 6848 6877 6878 6879 6880 6881 6963 6969 8428 8471 8474 8478 8479
34 407 1388 2277 2302 3534 3535 3544 3545 3551 3553 3556 3558 3559 3578 3820 3821 3824 3849 3850 3851 3852 3853 3862 3871 3872 7342 7343 7344 7345 7346 7347 7349 7350 7364
4 410 2912 2916 2925
4 413 505 1332 2213
17 414 872 883 904 949 950 7844 7845 7846 7849 7850 9839 9840 9858 9859 9902 9904
15 416 425 427 4589 4590 7003 7004 8318 8319 8321 8323 8377 8383 8384 8385
13 431 495 1497 2944 2945 2960 2971 2972 2981 2982 2983 2985 8696
27 432 434 442 4801 4802 4807 4808 4811 7320 7321 7324 7325 7327 7329 7330 7331 7332 7334 7338 7339 7419 7421 7423 7429 7444 7459 7460
24 438 1523 1560 1561 1597 1598 1606 1608 1609 1610 1611 1621 1622 1624 2309 2364 2365 2366 3067 3074 9221 9397 9401 9438
18 440 1381 3161 8407 8408 8417 8418 8419 8421 8423 8427 8480 8481 8485 8593 8594 8595 8596
10 443 445 446 464 4799 4813 4843 4868 4880 4881
2 444 1397
8 456 466 502 504 513 523 528 531
6 458 3429 3430 3440 3441 3444
4 461 1401 1405 1428
1 470
3 472 533 582
6 487 498 514 653 654 655
2 492 697
7 500 1433 1435 1450 1531 1532 1533
12 506 3450 4160 4161 4175 4176 4533 4535 4537 4551 4552 7270
13 507 954 967 1640 1691 1692 1699 3513 3514 3524 3525 3528 3529
7 509 6204 6209 6275 6276 6278 6279
10 512 703 705 1565 1867 1870 1874 6506 6527 6537
2 515 518
77 520 2808 2812 5277 5278 5281 5282 5283 5288 5291 5293 5295 5296 5297 5321 5325 5326 5327 5328 5329 5336 5337 5515 5859 8723 8725 8726 8727 8728 8729 8731 8774 9578 9581 9582 9593 9595 9597 9605 9610 9621 9622 9623 9639 9652 9657 9661 9666 9668 9669 9670 9671 9672 9675 9677 9682 9711 9713 9715 9720 9721 9722 9779 9781 9783 9787 9788 9812 9813 9816 9818 9819 9832 9833 9835 9836 9837
20 521 539 593 595 1582 1903 1992 2394 2397 2399 2400 7475 7476 7481 7482 7483 7484 7486 7500 7502
23 524 1996 2000 2009 2010 2011 2013 2014 2024 2025 3819 3825 3858 3860 3861 4098 4099 4104 4106 4123 4126 4128 4131
9 536 1385 7507 7508 7513 7529 7530 7541 7542
14 543 3574 3577 4150 5552 5553 5554 5556 5557 5558 5587 5588 5589 5591
7 554 558 560 580 732 7259 7260
12 562 2077 2079 3584 3588 5794 5795 8043 8256 8258 8259 8265
7 563 569 589 590 608 2848 7608
15 564 609 645 843 7777 7778 7781 7782 7783 7790 7792 7794 7795 7797 7806
8 565 575 7863 7870 7871 7872 7873 7886
38 570 572 576 612 614 5229 5230 5236 5237 5238 5241 5242 5251 5256 8913 8917 8920 8922 9027 9029 9031 9032 9193 9209 9213 9214 9217 9218 9222 9247 9257 9261 9291 9466 9470 9471 9477 9478
2 577 578
2 584 641
44 586 594 635 770 3713 5815 5816 5817 5818 5819 5857 5858 5865 5866 5882 7918 7919 7920 7924 7928 7929 7930 7986 7987 7988 7989 7992 7993 7994 7999 8012 8014 8016 8019 8020 8022 8023 8029 8030 8042 8045 8079 8081 8395
7 605 606 618 1584 1619 2106 2107
7 613 868 938 943 947 971 973
1 616
9 622 3391 3392 3393 3395 3428 3503 3509 3580
17 632 4154 4155 5946 6145 6146 6153 9576 9807 9810 9811 9814 9815 9820 9821 9824 9829
7 633 1335 3367 3368 3389 3415 3422
1 638
16 642 664 814 6519 6521 6522 6523 6525 6568 6584 6586 6591 6592 6636 6731 6732
4 644 650 2269 6932
1 647
6 648 679 680 857 5546 5561
1 651
3 652 6973 6974
20 659 662 663 674 683 993 999 1430 1431 1457 1466 1467 1472 1476 2276 2280 2281 2285 3765 3769
5 678 682 698 699 4707
3 681 687 694
4 695 6156 6162 6164
12 701 702 710 729 1007 1013 1496 1502 1568 1569 2906 2907
13 704 712 4157 4158 4159 4226 4240 4241 4243 4244 4260 4263 4268
1 714
7 715 753 775 1301 1316 7566 7568
3 716 1520 1522
12 717 7607 7611 7612 7617 7862 7890 7893 7894 7895 7909 7923
3 719 720 722
5 721 728 3736 3953 3957
4 726 727 3091 3092
1 731
10 734 735 4704 4715 4716 4717 4719 4720 4734 4735
21 736 737 6748 6756 6758 6759 6761 8672 8692 8700 8703 8704 8705 8706 8707 8708 9541 9564 9565 9566 9572
6 740 742 2158 2159 3992 3993
19 743 779 785 787 7932 7944 7948 7949 7950 7954 7976 7977 7980 7982 7983 7985 7990 7995 7996
3 748 4460 4461
17 754 6504 6505 6507 6508 6510 6512 6518 6526 6675 6676 6681 6687 6688 6767 6768 6783
8 755 2032 2036 2037 2044 2057 2064 2067
4 757 4029 4914 4916
9 759 2835 2836 2837 2840 2841 2842 2843 2844
2 761 2481
32 762 1625 3201 3203 3223 4140 4141 4142 4143 4149 4151 4152 4153 4177 4186 4187 4272 4273 4289 4290 4291 6987 6994 6995 6996 6997 6998 7014 7015 7016 7018 7021
6 776 4550 4554 4573 4574 4576
2 777 819
4 778 804 808 5227
2 782 824
2 784 788
12 789 802 1089 1091 1093 1094 1214 1330 1331 4636 4639 4644
8 790 813 820 821 5798 5799 5822 5823
6 793 832 844 1362 4577 4585
3 799 858 940
3 800 812 1651
4 801 2128 2169 2170
3 810 811 825
18 830 1616 1805 1806 2090 2091 2092 2095 7578 7587 7588 7597 7598 7599 7601 7633 7636 7641
33 831 1336 1811 8405 8494 8495 8511 8515 8600 8602 8603 8607 8608 8630 8638 8639 8641 8642 8643 8686 8687 8688 8690 8711 8712 8825 8833 8834 8835 8836 8901 8908 8909
3 833 835 836
25 834 1901 2847 2849 2851 2852 2858 2859 2864 2865 6981 7068 7070 7076 7077 7079 7096 7097 7102 7122 7124 7130 7140 7177 7178
3 839 847 4690
1 845
3 846 848 849
11 851 859 7247 7248 7251 7252 7254 7256 7257 7263 7272
2 855 1079
15 862 863 1018 6444 6445 6446 6448 6450 6451 6454 6466 6467 7240 7250 7368
2 864 2516
21 866 1370 1371 1394 2543 4906 4908 8911 8912 8923 9033 9034 9079 9081 9087 9089 9090 9095 9097 9098 9100
1 869
5 871 908 917 1485 1486
3 874 878 990
7 887 1912 4910 4911 4924 4960 4961
4 888 1000 1014 1015
3 890 4774 4775
1 891
1 894
3 897 4983 4984
1 900
6 902 926 939 957 958 2088
10 911 1069 1087 2788 2790 2793 2794 2797 2805 2809
3 913 3043 3057
4 921 4374 4375 4412
2 931 946
8 952 968 970 975 986 1358 1481 5221
4 956 1004 1008 3530
9 964 1019 5003 5014 5016 7509 7510 7512 7604
6 972 1092 1100 1101 4538 4539
12 976 2172 4967 4968 5001 5047 5186 5200 5201 5202 5206 5208
4 982 1493 1494 1503
5 983 8046 8047 8048 8060
7 984 1492 1495 1530 1567 1626 8268
4 985 2987 8083 8084
11 991 1104 1151 1157 3718 3961 3963 3965 5369 5373 5374
1 1001
17 1003 1465 1468 1469 1713 1807 1809 1810 1813 1814 5350 5351 5352 5355 5359 8775 8776
2 1006 5392
6 1009 1046 2168 2171 2196 5453
3 1011 1213 2406
4 1012 1033 2485 2487
3 1024 1066 1071
12 1054 1534 5262 5271 5474 5476 5478 5480 5482 5483 5485 5491
4 1057 1854 1866 1967
4 1058 3134 3136 3138
5 1059 1073 2898 4340 4346
8 1062 1070 1537 2341 2495 2500 2502 2504
5 1082 1216 4447 4451 4699
12 1090 3160 3162 3256 3257 5532 5533 5539 5563 5565 5567 5569
6 1097 1479 7687 9919 9920 9950
4 1102 1544 1585 1629
1 1106
6 1107 5522 5523 5524 5525 5526
9 1108 5665 9107 9108 9168 9169 9171 9190 9192
1 1115
17 1116 4980 4982 5530 5540 5564 5566 5568 5571 7822 7823 7826 7829 7835 7836 7840 7841
3 1117 2676 5257
2 1118 1263
2 1123 1136
4 1128 1491 1498 1690
3 1129 9997 9998
9 1133 1183 7564 7571 7603 7606 7610 7615 7618
8 1140 1143 1147 1489 1630 1633 8198 8203
1 1154
4 1160 1224 2717 2718
5 1161 2735 2744 2745 2751
15 1168 1269 1272 1985 1987 5399 5400 5404 5422 5457 5458 5594 5620 5642 5644
9 1170 1712 1720 2880 5662 5703 5704 5708 5712
3 1173 2108 2275
1 1177
5 1178 1241 1243 1282 1288
1 1181
2 1189 1298
2 1197 1227
1 1199
4 1201 5722 6138 6139
1 1209
8 1229 1300 1321 1506 5971 5983 5984 5985
5 1232 6175 6195 6256 6260
5 1233 1337 8328 8339 8343
1 1235
5 1242 1325 1326 1341 2371
2 1249 1766
2 1250 1266
1 1255
3 1264 1265 3098
1 1270
7 1271 1273 3615 3995 6740 6746 6762
8 1283 1286 4002 4004 4011 4021 4036 8715
4 1285 1291 3599 3645
4 1293 1334 5579 5593
3 1299 1344 1363
2 1308 1881
2 1324 5738
4 1329 1490 1636 2257
13 1339 1340 1348 1351 2977 2979 3004 3121 3130 3131 3132 3156 3163
6 1342 1356 6005 6006 6010 6014
3 1343 5746 5747
1 1345
5 1349 1364 1372 9106 9109
12 1352 2334 2337 2339 2340 8751 8752 8755 8757 8759 8769 8770
4 1354 1387 1389 1529
16 1360 1505 1507 2287 2301 2304 2307 3286 3296 5964 5966 5967 5973 5978 6004 6091
9 1380 1386 1390 1398 1407 1412 1427 1477 1509
2 1382 2273
1 1393
1 1399
6 1400 3560 3563 3564 5731 5734
5 1403 3090 3093 5574 5575
8 1413 2625 3569 5963 5999 6000 6007 6011
2 1417 1470
12 1418 1847 1902 6846 6852 7036 7037 7038 7039 7042 7047 7049
2 1420 1540
6 1424 1429 1487 1525 1579 1580
16 1434 1442 1488 3594 3996 9207 9305 9489 9490 9506 9509 9521 9534 9546 9551 9580
1 1445
2 1451 1958
2 1452 2105
6 1453 2403 2412 2420 4045 4063
1 1454
15 1459 2030 2082 2221 2233 2241 2242 2247 2258 2259 3869 3945 4088 4092 4111
6 1463 6134 6140 6144 6171 6172
2 1480 4300
1 1508
6 1510 6706 6738 6763 6777 6830
19 1519 1581 3771 3772 3790 5724 5726 5727 5740 5742 5744 5745 5788 6911 7686 7693 7695 7696 7731
4 1521 1542 1549 1638
7 1539 1541 1571 3078 3086 3087 6311
1 1543
2 1546 8777
1 1550
3 1552 2310 2311
9 1554 1556 1558 1577 1578 4349 4350 4351 4354
4 1562 1586 6951 6952
9 1563 4424 4454 4472 4473 4474 4475 4513 4586
5 1564 1641 1642 1736 3952
12 1566 1589 1933 1948 2026 3966 6268 6270 6272 6280 6282 6308
10 1572 1575 1592 1618 1781 3007 4686 6154 6155 6157
3 1595 1617 6901
10 1603 1681 1688 1689 1695 1703 7842 7848 7851 7852
3 1613 4743 4746
1 1627
1 1628
1 1635
5 1639 1696 6912 6914 6921
3 1646 6954 6955
3 1650 1804 1812
2 1652 4962
1 1653
2 1654 4517
1 1655
3 1658 6908 6909
1 1665
7 1670 1674 1702 7025 7026 7027 7063
11 1679 1711 1723 1729 7065 7067 7290 7291 7293 7395 7396
1 1682
2 1684 4964
5 1698 2322 2323 2330 2345
10 1704 1708 1767 1802 1846 1848 2484 6643 6644 6647
6 1707 1733 6387 6402 6403 6498
18 1709 1853 2458 6933 6939 6958 6982 6983 6984 7157 7158 7159 7173 7176 7179 7182 7498 8075
2 1725 1739
1 1727
1 1728
