20 0 1 2 3 4 5 6 10 14 15 16 20 37 38 39 41 50 59 62 63
18 7 35 36 43 44 68 69 70 71 72 74 76 79 80 81 82 83 85
6 8 93 94 95 96 98
97 9 28 52 73 78 84 86 90 91 97 101 108 109 111 112 114 115 117 120 127 128 129 130 131 134 136 137 141 142 144 145 146 151 154 155 158 159 160 162 165 166 184 187 188 189 190 191 192 201 202 213 214 215 216 217 218 230 231 234 236 237 240 247 251 260 267 275 276 277 293 297 298 299 301 302 305 306 307 308 311 314 315 317 318 319 320 322 325 326 333 334 335 337 338 339 340 341
70 11 123 138 139 168 170 171 172 286 287 342 346 352 353 355 358 359 362 440 447 1024 1025 1029 1030 1031 1037 1038 1039 1040 1041 1047 1048 1049 1050 1051 1052 1053 1056 1058 1061 1066 1067 1068 1069 1070 1071 1086 1093 1095 1096 1099 1104 1105 1114 1115 1118 1120 1122 1125 1126 1129 1131 1132 1134 1135 1136 1194 1197 1198 1199
18 12 370 374 380 381 382 384 388 389 390 434 435 436 438 439 451 465 470
52 13 18 205 241 242 281 282 474 475 481 482 483 484 485 492 494 496 5871 5872 5880 5882 5899 5900 5901 5904 5906 5907 5923 5926 5935 5936 5939 5940 5941 5942 5945 5946 5947 5948 5950 5985 6001 6002 6006 6007 6008 6035 6036 6037 6038 6055 6202
36 17 161 173 174 176 180 183 193 194 195 366 367 368 410 413 415 471 472 478 497 500 501 503 530 531 2908 2909 2910 2918 2919 2920 2921 2922 2923 2924 2925
53 19 199 203 204 206 284 288 289 290 292 296 407 416 417 418 433 459 461 462 463 504 505 509 512 513 514 515 516 517 520 526 527 528 529 532 533 535 537 801 804 805 806 807 814 819 7984 7985 7986 7987 7991 7994 7995 7996
12 21 23 25 543 545 547 581 584 586 587 591 592
126 22 26 27 30 31 549 554 555 556 565 568 570 571 572 573 576 577 578 1284 1285 1286 1287 1294 1296 1305 1306 1307 1308 1312 1313 1325 1326 1327 1341 1342 1343 1347 1350 1365 1366 1367 1375 1387 1388 1393 1398 1399 1437 1438 1441 1442 1443 1455 1456 1466 1467 1469 1471 1473 1485 1487 1488 1489 1492 1493 1494 1495 1500 1503 1505 1506 1510 1511 1513 1514 1517 1519 1520 1521 1522 1538 1568 1569 1570 1579 1580 1591 1594 1603 1605 1610 1614 1616 1617 1619 1620 1621 1623 1625 1629 1630 1631 1632 1635 9080 9087 9088 9089 9090 9092 9093 9094 9102 9106 9107 9108 9123 9124 9126 9127 9130 9131 9132 9133 9134 9138
79 24 607 617 621 631 634 640 655 681 682 683 686 688 689 690 692 702 703 704 705 710 713 715 717 731 738 740 742 746 747 748 754 759 760 761 763 765 778 779 780 781 782 785 786 787 798 799 800 808 827 828 829 832 834 835 836 839 840 842 843 845 3395 3402 3403 3404 3407 3409 3410 3411 3412 3414 3421 3424 3431 3432 3439 3440 3441 3444
130 29 557 560 561 599 602 603 606 608 628 630 633 635 637 849 874 875 877 879 880 884 886 888 889 896 897 900 1924 1925 1926 1927 1928 1931 1932 1933 1934 1935 1937 1939 1977 1979 1987 1988 1989 1991 2023 2027 2028 2030 2031 2036 2037 2038 2039 2040 2042 2043 2044 2045 2047 2048 2050 2051 2052 2053 2055 2056 2058 2059 2067 2086 2087 2092 2093 2101 2102 2105 2176 2178 2179 2180 2182 2183 2185 2186 2188 2189 2206 2208 2220 2227 2228 2229 2230 2231 2233 2234 2235 2236 2237 2238 2239 2240 2247 2248 2258 2260 2261 2263 2264 2268 2270 2271 2274 2275 2287 2290 2291 2462 2466 2471 2476 2478 2489 2490 2492 2493 2495 2496 2497
42 32 99 143 150 153 157 177 185 186 564 574 929 930 931 932 936 995 998 1001 1010 1225 1226 1227 1236 1237 1246 1262 1263 1264 1265 1275 1277 1288 1356 1364 1368 1369 1639 1640 1643 1645 1648
92 33 34 42 45 46 221 222 223 224 1689 1693 1695 1696 1698 1699 1701 1703 1704 1705 1716 1719 1721 1728 1748 1749 1750 1752 1753 1754 1756 1757 1759 1760 1761 1764 1765 1768 1769 1770 1773 1887 1891 1898 1900 1902 1907 1908 1910 1911 4438 4442 4443 4445 4450 4456 4457 4458 4459 4460 4461 4494 4495 4496 4506 4507 4508 4509 4510 4515 4520 4521 4522 4524 4525 4527 4528 4530 4531 4547 4549 4550 4552 4557 4562 4563 4566 4568 4569 4571 4573 4575 4576
54 40 49 53 54 87 103 943 945 946 1866 1869 1872 1873 1875 2303 2304 2305 2306 2342 2344 2347 2348 2349 3304 3306 3307 3308 3309 3314 3316 3317 3318 3322 3323 3324 3325 3327 3330 3331 3332 3333 3334 3360 3361 3363 3364 3365 3366 3379 3380 3381 3392 3393 3399
21 47 1137 1138 1139 1140 1141 1142 1146 1147 1151 1153 1160 1161 1162 1164 1168 1169 1173 1174 1176 1177
27 48 121 1409 1411 1412 1415 1416 1418 1422 1423 1424 1425 1426 1427 1428 2807 2853 2854 2855 2856 2862 2863 2864 2866 2874 2875 2879
19 51 66 210 243 245 253 667 668 677 1005 1017 1075 1082 1083 1084 1085 1087 1108 1185
163 55 116 147 169 197 579 596 597 598 600 601 604 609 611 612 613 614 872 873 876 895 901 902 903 907 908 909 912 919 920 922 927 928 933 935 940 1186 1187 1188 1190 1193 1200 1204 1205 1206 1208 1214 1217 1219 1220 1223 1224 1240 1241 1242 1243 1247 1248 1259 1260 1261 1267 1268 2619 2622 2623 3030 3034 3037 3039 3040 3041 3058 3061 3062 3077 3078 3079 3081 3088 3091 3092 3099 3100 3101 3106 3157 3163 3164 3165 3170 3171 3172 3173 3214 3216 3218 3225 3226 3228 3229 3231 3235 3236 3237 3244 3245 3248 3249 3250 3251 3252 3254 3255 3262 3265 3266 3267 3268 3269 3271 3276 3279 6466 6467 6468 6470 6471 6474 6475 6476 6480 6546 6711 6712 6715 6717 6727 6728 6730 6817 6819 6820 6821 6822 6823 6847 6848 6859 6860 6861 6863 6873 6874 6876 6877 6879 6880 6881 6894 6895 6897 6898
44 56 198 209 211 261 262 1332 1338 1339 1344 1345 1781 1783 1784 1785 1786 1794 1797 1798 1799 1800 1805 1806 1807 1809 1810 1811 1814 1818 1819 1822 1823 1824 1825 1826 1827 1828 1830 1834 1842 1843 1847 1849 1851
75 57 256 257 259 264 268 270 273 274 280 283 7051 7055 7065 7066 7093 7094 7101 7103 7104 7106 7127 7137 7144 7146 7151 7152 7158 7159 7163 7166 7174 7184 7189 7191 7192 7193 7194 8959 8985 8987 8991 8992 8993 8994 8999 9001 9002 9004 9005 9006 9007 9008 9010 9011 9012 9013 9015 9173 9174 9179 9180 9181 9182 9183 9185 9189 9190 9192 9379 9381 9382 9383 9398 9403
111 58 303 327 328 329 401 639 646 649 651 1663 1680 1681 1683 1685 1687 1688 1697 1859 1876 1877 1884 1885 1890 1893 1894 1895 1896 1897 1901 1903 1913 1914 1917 1918 1922 1923 1929 1941 1944 1946 2523 2542 2543 2545 2547 2549 2551 2553 2554 2555 2556 2606 2607 2608 2609 2610 2611 3691 3692 3695 3696 3697 3699 3702 3703 3705 3713 3724 3725 3726 3728 3729 3732 3748 3825 3826 5077 5078 5079 5081 5086 5087 5093 5095 5098 5100 5103 5104 5111 5119 5121 5123 5127 5128 5129 5130 5131 5133 5135 5139 5140 5153 5154 5158 5167 5170 5171 5172 5177 5178
35 60 65 2074 2099 2366 2371 2372 2373 2374 2376 2378 2379 2391 2392 2396 2397 2399 2400 2404 2406 2421 2427 2432 2434 2437 2438 2444 2458 2459 2460 2461 2499 2502 2503 2504
42 61 64 330 331 332 336 343 345 347 953 2779 2784 2789 2819 2823 2824 2830 2831 2837 2839 2840 2841 2842 2843 2844 2893 2899 2913 2914 2915 2941 2942 3793 3797 3798 3801 3802 3803 3805 3806 3807 3808
59 67 226 404 405 406 409 424 450 452 453 1291 1299 1301 1302 1304 1310 1314 1317 1319 1323 2126 2129 2130 2133 2137 2138 2139 2140 2141 2143 2144 2145 2146 2147 2148 2150 2152 2153 2157 2515 2516 2522 2525 2526 2528 4302 4304 4305 4311 4312 4316 4319 4320 4321 4322 4324 4326 4330 4331
21 75 5583 5584 5585 5586 5594 5596 5597 5598 5599 5602 5603 5605 5606 5608 5609 5631 5633 5636 5637 5638
18 77 954 955 956 957 958 960 7617 7627 7628 7629 7630 7632 7636 7637 7639 7640 7641
6 88 701 706 707 721 722
33 89 100 378 2320 2321 2331 2333 2335 2336 2351 2352 2353 2354 2355 2356 2363 2364 2368 2369 2375 2377 2403 2408 2412 2413 2416 2417 2418 2420 2424 2433 2435 2436
22 92 304 309 316 680 693 695 941 942 1483 1496 1502 1504 1523 1541 1543 1711 1712 1713 1714 2633 2634
3 102 104 697
15 105 1787 1790 1951 1953 1966 2012 2013 2014 2015 2016 3792 3814 3817 3818
27 106 113 789 791 792 793 809 2033 2060 2062 2065 2118 2124 2125 2160 2174 2199 2201 2202 2203 2302 2308 2445 2449 2513 2517 2518
47 107 119 3671 3673 3674 3675 3676 3683 3684 3685 3686 3689 3727 3760 3769 5746 5749 5751 5752 5753 5761 5762 5763 5764 5770 5773 5778 5781 5785 5786 5788 5799 5804 5805 5807 5816 5818 5822 5823 8910 8912 8913 8914 8915 8916 8918 8932
7 110 132 140 227 228 229 233
30 118 699 857 1328 1330 1337 1351 1352 1353 1360 1361 2603 2604 2605 2612 2617 2618 2625 2627 2637 2638 2641 2648 2649 2650 2659 5446 5447 5450 5453
30 122 511 2777 2778 2812 2814 2953 2956 2964 2966 2968 3002 3010 3011 3012 3016 3017 3023 3043 3049 3051 3053 3069 3073 3074 3349 3383 3384 3385 3386
107 124 8808 8809 8815 8817 8823 8825 8826 8827 8828 8829 8830 8833 8834 8835 8836 8847 8849 8850 8851 8852 8864 8866 8868 8878 8880 8933 8934 8935 8937 8938 8940 8952 8953 8955 8981 8983 8984 8990 8997 9016 9020 9027 9029 9033 9034 9036 9037 9038 9039 9040 9041 9043 9044 9045 9067 9070 9071 9219 9221 9223 9224 9225 9230 9233 9234 9240 9242 9244 9246 9247 9248 9250 9256 9260 9261 9264 9265 9267 9268 9269 9273 9274 9276 9277 9280 9281 9282 9283 9289 9291 9293 9302 9304 9305 9318 9322 9323 9324 9327 9328 9329 9331 9334 9335 9342 9346
72 125 249 348 397 398 449 460 464 2310 2311 2673 2674 2675 2678 2734 2735 2737 2753 2759 2761 2762 2763 2764 2767 2768 2769 2770 2771 2773 2774 2775 2776 2963 2965 2967 2970 2972 2975 2976 2981 2982 2988 2991 3001 3004 3005 3006 3445 3446 3448 3449 3450 3458 3462 3463 3465 3467 3472 3517 4252 4253 4256 4338 4340 4350 4351 4354 4355 4356 4358 4359 4361
18 126 7698 7699 7700 7702 7704 7705 7716 7717 7724 7725 7726 7750 7751 7752 7753 7754 7756
5 133 266 272 624 7649
34 135 356 357 363 365 369 376 391 392 396 2685 2687 2689 2690 2695 2698 2699 2700 2702 2717 2719 3846 3850 3851 3852 3853 3854 3855 3856 3857 4668 4670 4674 4678
168 148 723 736 741 743 744 749 2602 2613 2614 2615 2628 2662 2667 2727 2740 2742 2744 2745 2746 2747 2748 2750 2787 2793 2794 2795 2796 3111 3119 3120 3292 3293 3294 3295 3296 3335 3337 3342 3346 3347 3348 3350 3352 3367 3368 3369 3370 3371 3374 3426 3454 3455 3456 3469 3480 3481 3482 3483 3486 3489 3490 3491 3493 3498 3507 3509 3515 3516 3518 3519 3520 3521 3528 3529 3543 3544 3547 3548 3551 3552 3556 3557 3559 3563 3565 3568 3570 3577 3585 3588 3594 3598 3600 3605 3613 3616 3617 3623 3624 3636 3637 3639 3640 3641 3648 3650 3654 3655 3667 3668 3787 3791 3795 3811 3813 3815 3816 3905 3907 3908 3909 3911 3912 3914 3915 3916 3917 3918 3934 3935 3943 3944 3948 3951 3952 8524 8529 8530 8531 8536 8539 8561 8562 8563 8571 8574 8584 8585 8587 8588 8589 8591 8595 8596 8621 8624 8626 8632 8650 8653 8654 8655 8656 8659 8660 8669 8670
6 149 1401 1403 1404 3076 3080
20 152 163 175 178 399 1430 1431 1432 1433 1434 1435 1436 1444 1448 1449 2930 2931 2932 2934 2936
55 156 164 208 220 225 427 2539 2540 2557 2558 2559 2560 2561 7893 7894 7895 7897 7906 7907 8213 8215 8217 8218 8232 8233 8238 8239 8241 8245 8247 8249 8251 8253 8254 8258 8261 8262 8263 8264 8266 8267 8268 8273 8274 8275 8278 8279 8280 8283 8287 8290 8301 8302 8305 8307
28 167 207 212 3927 3938 3954 3955 3956 3976 3977 3979 3984 3986 3990 3995 3998 4009 4010 4012 4016 4017 4018 4019 4020 4033 4034 4035 4037
21 179 724 725 854 855 861 864 868 869 4158 4159 4161 4162 4163 4164 4165 4167 4168 4169 4170 4171
28 181 3139 3140 3146 3148 3185 3187 3188 4595 4597 4598 4599 4600 4603 4604 4606 4610 4611 4612 4613 4631 4641 4642 4643 4651 4654 4658 4659
36 182 196 3127 3128 3129 3131 3133 3158 3159 4194 4195 4196 4200 4201 4203 4204 4205 4206 4212 4215 4216 4218 4219 4220 4224 4227 4228 4232 4236 4237 4246 4247 4248 4249 4250 4254
28 200 252 258 428 432 441 978 2939 2944 2947 2948 2949 2952 7395 7396 7418 7419 7420 7426 7427 7428 7435 7479 7481 7483 7484 7486 7492
50 219 431 443 454 729 735 1552 1555 1556 1557 1558 1559 4133 4135 4283 4288 4289 4290 4293 4294 4296 4336 4367 4373 4374 4375 4376 4379 4384 4392 4393 4395 4397 4398 4399 4403 4406 4409 4414 4420 4421 4425 4427 4471 4475 4477 4479 4578 4582 4585
10 232 239 458 994 996 1000 1002 1004 1006 1154
73 235 3174 3179 3180 3183 3184 3191 3192 3194 3198 3199 3202 3286 3288 3289 3537 3538 3662 3663 4589 4590 4680 4691 4692 4693 4694 4695 4699 4703 4704 4711 4712 4765 4766 4767 4830 4831 4832 4868 4869 4871 7764 7771 7772 7788 7806 7823 7825 7827 7829 7830 7834 7835 7836 7840 7841 7847 7848 7852 7856 7866 7867 7868 7871 7872 7874 7875 7876 7877 7879 7883 7884 7887
17 238 250 263 490 539 550 552 553 558 559 563 566 3282 3283 3284 3285 4916
30 244 751 758 766 767 1482 1508 7076 7077 7078 7080 7081 7082 7083 7084 7085 7087 7088 7089 7229 7230 7231 7238 7239 7240 7241 7251 7252 7257 7260
116 246 775 815 820 821 1589 1590 1592 1593 1597 1598 1599 1600 1601 3535 3536 3539 3542 3784 3785 3788 3819 3820 3827 3828 3830 3835 3836 3837 3841 3862 3864 3866 3867 3868 4791 4879 4887 4888 4893 4894 4895 4900 4903 4904 4905 4910 4911 4912 4926 4928 4933 4934 4938 4940 4941 4942 4943 4948 4949 4950 4951 4952 4953 4954 4957 4958 4959 4960 4961 4965 4967 4968 4969 4970 4976 4977 5042 5047 5061 5062 5063 5064 5065 6999 7002 7007 7008 7074 7092 7098 7099 7107 7275 7277 7278 7281 7287 7288 7290 7291 7294 7297 7298 7299 7300 7301 7304 7306 7307 7308 7310 7312 7316 7318 7319
35 248 750 755 883 890 991 992 1007 1008 1009 1011 1019 1548 1550 3875 3876 5687 5688 5693 5696 5697 5701 5702 5709 5714 5715 5718 5724 5725 5726 5727 5730 5731 5734 5738
32 254 588 671 673 718 719 720 726 727 964 966 4983 4984 4986 4990 4993 4995 5008 5009 5026 5027 5030 5031 5032 5033 5243 5246 5251 5252 5259 5261 5284
42 255 850 853 1155 1378 1746 1747 1758 1762 3885 3887 3888 3890 3892 3896 3897 3900 3904 3910 3919 3920 3921 3922 3923 3925 3926 3931 4083 4084 4085 4086 4090 4093 4094 4096 4097 5383 5384 5385 5388 5389 5392
58 265 5231 5294 5315 5316 5318 5319 5321 5329 5331 5334 5335 5343 5345 5346 5348 5349 5350 5352 5353 5354 5357 5360 5364 5369 5370 5371 5372 5377 5378 5379 5380 5400 5401 5402 5409 5412 5414 5422 5428 5429 5430 5440 5441 5442 5443 5445 5456 5457 5458 5464 5467 5468 5473 5478 5479 5481 5674
19 269 1577 1578 1586 1636 1638 5224 5225 5233 5234 5235 5236 5262 5263 5264 5265 5266 5267 5273
21 271 278 522 540 541 544 548 551 562 986 1021 1022 4062 4063 5830 5832 5833 5836 6081 6087 6091
30 279 977 6312 6313 6315 6316 6317 6322 6324 6325 6332 6366 6367 6368 6369 6370 6374 6376 6377 6381 6386 6387 6389 6390 6416 6417 6418 6420 6421 6422
13 285 983 1662 1668 1674 1677 1679 1702 1734 1736 1737 1738 6121
12 291 294 295 300 455 2890 2891 2892 2901 6291 6293 6301
62 310 488 1042 1046 1062 1063 1064 1065 1079 5039 5044 6243 6254 6264 6268 6269 6280 6281 6282 6285 6286 6287 6289 6290 6306 6307 6308 6338 6339 6362 6363 6364 6365 6373 6380 6391 6395 6396 6397 6445 6446 6447 6452 6454 6455 6457 6460 6461 6462 6463 6464 6465 6504 6505 6507 6508 6510 6511 9955 9956 9957 9958
34 312 2066 2068 2072 2318 2319 2341 2440 2441 3962 4183 4184 6649 6651 6654 6659 6660 6673 6901 6912 6914 6915 6916 6918 6920 6921 6937 6940 6945 6950 6951 6952 7363 7364
31 313 324 1076 1077 1381 1855 1856 1862 1864 6986 6994 6996 6997 7004 7320 7321 7323 7324 7325 7328 7329 7330 7332 7347 7348 7383 7384 7385 7386 7445 7456
8 321 4071 4072 4076 4078 4079 4080 4087
15 323 351 1879 1880 1881 4107 4108 4109 4110 4111 6156 6158 6162 6163 6164
56 344 2585 5495 5498 5506 5507 5511 5512 5513 5838 5839 5841 5842 5843 5846 5847 5849 6203 6206 6208 6209 6210 6214 6215 6217 6240 7370 7371 7376 7380 7381 7382 7387 7388 7389 7392 7394 7397 7398 7401 7402 7403 7405 7406 7407 7408 7409 7411 7461 7465 7475 7477 7493 7496 7497 7502
25 349 2568 2570 2571 3098 3209 3210 3211 3212 3215 3220 3222 3238 3239 3242 3243 3246 3270 3485 3494 3496 3497 3502 3503 3504
19 350 354 1109 1110 1972 1973 1974 2589 2594 6580 6581 6582 6584 6585 6586 6587 7520 7525 7527
6 360 486 2882 2885 4057 4058
77 361 1156 1165 1166 1178 1179 1180 1324 1572 1573 1574 1575 1581 1607 4277 4279 4280 4282 4284 4285 4335 4341 4342 4371 4387 4388 4390 4391 4394 4402 4410 4429 4466 4467 4468 4553 4554 4572 4601 4602 4615 4677 4679 4682 6187 6188 6190 6191 6192 6194 6197 6198 6199 6201 6224 6228 6230 6231 6233 6234 6235 6547 6548 6551 6552 6555 6558 6560 6562 6564 6623 6624 6628 6629 6630 6631 6632
2 364 1651
65 371 6542 6700 6703 6705 6706 6709 6736 6738 6739 6742 6743 6745 6749 6751 6759 6768 6771 6772 6773 6774 6791 6792 6793 6794 6795 6799 6802 6803 6806 7760 7761 7762 7763 7765 7766 7768 7769 7770 7808 7813 7815 7816 7818 7843 7845 7846 7851 7853 7857 7908 9879 9880 9881 9885 9886 9901 9903 9907 9908 9909 9910 9911 9927 9932
82 372 2022 2073 2163 2164 2171 2194 2198 2204 2205 2209 2210 2536 2538 2541 2546 2564 2565 7611 7612 7614 7615 7623 7624 7642 7643 7644 7655 7928 7929 7930 7934 7941 7942 7943 7944 7945 7951 7953 7955 7956 7959 7965 8002 8003 8004 8005 8006 8007 8008 8009 9664 9665 9666 9667 9681 9682 9686 9691 9692 9693 9704 9705 9728 9729 9731 9756 9758 9761 9762 9764 9765 9768 9849 9857 9859 9861 9862 9865 9871 9872 9873
22 373 487 493 495 1280 1282 1283 1290 1292 1354 1355 1383 1395 1396 4126 4129 4136 4138 4173 4186 4187 4188
41 375 377 379 619 620 622 1740 1744 1767 1776 1777 1779 1782 1837 1838 1853 1854 1861 1865 1870 1878 2529 2567 4261 4268 6824 6825 6829 6831 6832 6841 6843 9651 9654 9655 9656 9662 9663 9679 9740 9741
3 383 386 647
5 385 387 507 865 870
23 393 394 521 534 536 948 2669 2720 2722 2723 2766 2780 2781 7517 7562 7564 7565 7569 7570 7572 7573 7576 7577
50 395 400 538 1192 1196 1201 1560 1562 1563 1566 1567 1606 1656 1660 1661 1718 4100 4102 4105 4124 4125 4139 4141 4142 4143 4147 4148 4152 4153 4154 4156 4160 4172 4174 4176 4238 4241 4243 4255 4257 4733 4736 4737 4745 4746 4784 4785 4787 4793 8395
25 402 403 575 4696 4697 4698 4833 4836 4840 4843 4849 4857 4858 4860 4861 4873 4875 8085 8086 8089 8091 8095 8096 8310 8311
2 408 411
8 412 590 594 616 5189 5190 5191 5193
50 414 1091 1106 8010 8011 8012 8013 8014 8015 8016 8020 8021 8022 8023 8026 8027 8029 8030 8043 8047 8051 8055 8057 8058 8059 8061 8077 8102 8108 8110 8130 8131 8132 8165 8170 8171 8172 8174 8183 8185 8188 8197 8205 8206 8207 8208 8209 8210 8225 8351
1 419
31 420 499 510 580 618 1202 2007 8328 8329 8335 8338 8339 8340 8345 8347 8349 8350 8352 8356 8357 8364 8365 8368 8369 8370 8371 8372 8373 8374 8384 8385
14 421 422 423 2286 2292 2307 2309 2313 2314 2315 2322 2324 2325 2338
32 425 430 627 629 636 643 658 1406 1408 1410 1413 1474 2955 2957 8498 8502 8503 8504 8505 8506 8508 8510 8513 8514 8782 8787 8788 8791 8792 8801 8802 8805
4 426 4769 4770 4775
23 429 442 4700 4701 4705 4755 4757 4758 4759 4760 4761 4777 4778 4779 4781 4795 4796 4798 5202 5203 5206 5207 5208
10 437 524 1379 1478 2797 2798 2804 7610 7616 7690
12 444 1380 1382 1400 1475 2806 2808 2809 9630 9632 9633 9643
21 445 446 448 5519 5526 5544 5555 5556 5557 5558 5563 5577 5579 5581 5589 5592 5593 5610 5612 5614 5618
10 456 498 506 2010 2019 2076 2080 2082 2083 2084
20 457 476 477 480 5663 5664 5665 5853 5854 5855 5856 5857 5858 5862 5867 5869 5881 5883 5884 5885
58 466 585 661 5477 5482 5483 5485 5487 5491 5958 5960 7594 7599 7600 7605 7606 7607 7613 7618 7691 7694 7696 7697 7921 8146 8152 8153 8158 8163 8202 8295 8298 8320 8321 8322 8323 8327 8330 8333 8343 8382 8393 8399 8400 8401 8402 8445 8446 8447 8448 8450 8451 8454 8459 8467 8468 8469 8470
29 467 5625 5635 9430 9432 9435 9436 9437 9440 9441 9442 9443 9444 9585 9586 9597 9605 9606 9607 9805 9814 9815 9817 9819 9831 9832 9833 9834 9838
11 468 626 632 2848 5643 5648 5650 5949 5951 5952 5953
23 469 2888 2906 2911 8607 8608 8610 8611 8614 8617 8619 8702 8704 8708 8716 8722 8732 8733 8734 8735 8741 8742 8743
3 473 641 8770
4 479 502 508 1551
2 489 519
1 491
4 518 9551 9553 9555
6 523 525 610 644 650 1993
4 542 2829 5983 5988
9 546 652 3959 5973 5974 5976 5977 5990 5991
5 567 654 656 657 2254
14 569 659 660 662 665 670 675 678 679 684 685 687 691 694
1 582
11 583 1539 1540 6018 6019 6021 6022 6031 6034 6049 6051
9 589 593 595 1812 3872 6167 6168 6169 6179
14 605 615 700 1116 1975 4981 6067 6068 6075 6077 6094 6143 6144 6148
5 623 728 2442 2447 2451
11 625 638 6522 6524 6567 6570 6571 6578 6579 6595 6596
13 642 709 730 8766 8767 8772 8774 9155 9156 9157 9158 9160 9161
16 645 913 2161 2166 2168 2169 2170 8516 8556 8557 8559 8575 8576 8605 8627 8629
6 648 756 1657 1658 2520 2532
2 653 711
13 663 698 708 2820 2821 2826 2827 2846 2847 2849 2850 9543 9544
19 664 769 6451 6469 6486 6488 6490 7013 7014 7015 7017 7019 7026 7027 7050 9500 9502 9504 9505
19 666 669 810 811 812 1729 2871 2872 2873 2876 2877 2880 2887 2912 2926 4980 4982 4997 4998
5 672 2588 2929 2961 2969
12 674 716 1269 1274 2601 2621 2978 3762 3763 3764 3765 3767
8 676 745 757 2790 2800 2815 2816 2980
16 696 9613 9621 9622 9623 9626 9628 9634 9636 9637 9742 9743 9744 9746 9747 9748
6 712 2996 2997 2998 3000 3008
7 714 6609 6610 6611 6612 6613 6614
11 732 5529 5530 5533 5536 6699 6701 6710 6713 6809 6810
13 733 1817 1820 6815 6816 6818 6892 6903 6908 6909 6965 6972 7010
2 734 796
5 737 3883 3884 3903 3906
24 739 823 3124 3137 3138 7541 7542 8687 8689 8690 8712 8748 8749 8765 8768 9790 9791 9792 9793 9794 9800 9801 9813 9827
19 752 3118 3122 3123 3125 3151 3152 3153 3154 4800 4803 4804 4805 4806 4809 4810 4877 6155 6157
6 753 830 1453 1624 2788 2791
15 762 1802 1804 1816 1821 1829 1839 1844 2284 3781 3782 3783 3789 3861 3870
2 764 9481
10 768 770 3117 3121 3145 3147 3155 3156 3160 3161
32 771 802 892 5293 5295 5298 5299 5302 5304 5307 5308 5309 5310 5312 5313 5314 5317 8135 8140 8142 8143 8144 8148 8149 8162 8164 8672 8678 8679 8680 8681 8682
17 772 1882 1883 1886 1956 1957 3980 3981 3983 3994 4005 4006 4007 4025 4026 7975 7978
11 773 774 1964 1967 9961 9962 9976 9979 9983 9986 9987
3 776 2993 2994
9 777 894 5228 5229 5230 5245 5247 5248 5275
25 783 4028 4030 4031 4032 4038 4065 4066 4067 4068 4069 4070 4098 4099 4101 4103 4114 4115 4116 4117 4118 4121 4272 4273 4274
5 784 790 833 860 6598
12 788 9073 9074 9096 9097 9099 9166 9167 9170 9202 9203 9204
23 794 803 1962 1968 1971 1983 1984 1997 4040 4041 4046 4047 4051 4053 4054 4055 4059 4060 4061 4632 4633 4634 4635
39 795 816 817 822 878 881 904 1649 2094 6617 6618 6619 6620 6621 6636 6637 9360 9361 9362 9363 9364 9366 9368 9371 9372 9374 9395 9397 9399 9406 9407 9408 9409 9412 9413 9414 9416 9417 9418
14 797 2598 2836 2845 2858 2859 2868 2869 3009 3013 3018 3019 3020 3021
6 813 831 915 916 917 937
9 818 8072 8073 8074 8076 8078 8079 8112 8114
1 824
1 825
4 826 4686 4689 4708
6 837 846 847 3064 3065 3082
5 838 905 1992 3102 3107
14 841 856 6182 6183 6185 6200 6204 6219 6241 6261 6262 6263 6265 6266
3 844 949 950
21 848 858 952 959 3971 3972 3973 3999 4027 4145 4146 4180 4182 4185 4189 4190 4191 4192 4197 9419 9422
4 851 859 5006 5007
1 852
3 862 867 2487
19 863 976 1998 1999 2000 2001 2002 3113 3114 3115 3168 7067 7072 7086 7090 7507 7508 7539 7540
33 866 1035 1036 1044 1059 1072 3110 3134 3169 3175 3189 3313 3326 3338 3506 3511 3512 3522 9459 9460 9461 9468 9471 9475 9476 9490 9491 9493 9506 9507 9508 9525 9527
5 871 906 910 911 973
4 882 9570 9571 9573
9 885 3475 3501 3505 3508 3523 3590 3591 3633
6 887 2004 2005 2006 2095 5211
7 891 7982 7983 7990 7992 7993 7997
7 893 985 2255 2256 2265 2266 2267
7 898 4626 4630 4636 4637 4638 4644
3 899 914 1211
9 918 1032 1034 1090 2282 5022 5023 5024 5029
5 921 3405 3417 3419 3422
12 924 1117 2097 2100 2104 5035 5036 5037 5040 5046 5048 5050
9 925 926 944 3664 9771 9773 9774 9783 9784
11 934 938 1429 1439 1451 1457 1465 1468 1470 8764 8771
2 939 951
4 947 1641 1642 1653
25 961 962 963 4676 4715 4716 4717 4718 4721 5183 5185 5186 5187 5188 5192 5196 9754 9755 9759 9840 9890 9891 9892 9893 9895
7 965 1609 1626 5220 5222 5223 5227
2 967 2498
12 968 970 972 987 1073 2453 2574 2576 2579 4748 4788 4789
1 969
14 971 974 1124 1127 1157 3093 3358 5165 5181 5182 5197 5198 5199 5204
33 975 980 988 3666 3723 3733 3735 3736 3749 3874 4514 4517 6327 7224 7226 7227 7228 7265 7269 7283 7284 7285 7296 7309 7311 7351 7355 7357 7358 7359 7360 7361 7362
2 979 990
2 981 1801
16 982 1960 1996 2009 2018 2021 2025 5276 8435 8436 8439 8441 8442 8444 8484 8887
4 984 1279 5283 5374
2 989 1363
15 993 997 1163 1228 1232 4727 4728 4729 5278 5279 5286 5518 5540 5541 5549
10 999 2110 2112 3473 3524 3525 3526 3865 3869 3940
10 1003 1234 3581 3582 3583 9610 9647 9648 9652 9723
10 1012 1023 1238 1254 5898 5902 5913 5916 5917 5918
3 1013 2121 2123
22 1014 1016 1057 2088 6529 6532 6597 6599 6600 6601 6603 6605 6606 6607 6608 6718 6720 6721 6747 6748 6750 6755
1 1015
13 1018 5676 5852 5887 5888 5889 5890 5891 5892 5894 5895 5896 5897
14 1020 1088 2089 5013 5017 5937 8902 8950 8951 8971 8972 8973 8975 8979
5 1026 3602 3714 3780 3796
1 1027
10 1028 1081 1102 1357 5961 5966 5967 5968 5969 5970
17 1033 2483 5971 5972 5993 5994 5995 5997 5998 6000 6003 6004 6030 6033 6042 6043 6052
3 1043 2629 2630
7 1045 1297 6056 6057 6058 6063 6065
19 1054 2096 2109 6106 6110 6119 6124 6128 6130 6131 6278 6283 6284 6288 6295 6296 6298 6302 6305
8 1055 1078 5397 5399 5404 5405 5406 5410
9 1060 1074 1107 5439 5448 5449 5957 6026 6028
9 1080 1089 1113 1119 6406 6409 6410 6411 6413
7 1092 1182 1373 1374 6309 6310 6311
28 1094 1480 2655 5510 5514 5515 6519 6520 6521 6525 6528 6541 6589 6670 6674 6676 6677 6678 6684 6688 6978 6980 6981 6982 6983 6984 6987 6988
3 1097 1384 4364
7 1098 1189 1230 2660 2707 2715 2716
5 1100 1101 4276 4286 4287
13 1103 1476 4431 4432 4433 4434 4453 4470 4486 4487 4488 4492 4512
20 1111 1112 6424 6425 6426 6427 6428 6429 6431 7740 7743 7745 7746 7807 8065 8126 8134 8139 8166 8167
5 1121 1316 7176 7177 7178
3 1123 1128 1454
8 1130 1133 1143 1145 1527 6433 6434 6435
6 1144 1419 1421 1440 1447 6442
30 1148 1149 1171 1720 2244 2245 2253 2269 7171 7173 7175 7179 7180 7181 7182 7202 7203 7204 7205 7206 7208 7220 7536 7538 7543 7544 7545 7546 7548 7555
1 1150
11 1152 1159 4852 4853 4864 4865 4885 4886 4899 4920 5517
7 1158 1329 1386 1389 1516 1529 6513
12 1167 1257 1258 1272 2242 2243 2277 4536 5641 5657 7416 7422
13 1170 1553 1554 1564 1582 4544 4545 4546 4555 4624 7530 7531 7533
4 1172 1472 1477 1484
3 1175 1183 7559
1 1181
1 1184
17 1191 1195 2454 7583 8403 8405 8425 8452 8489 8496 8497 8511 8512 8515 8751 8752 8753
5 1203 1281 7723 7728 7731
3 1207 1293 1295
1 1209
2 1210 1212
2 1213 2494
7 1215 1537 2298 2301 2316 2362 4978
6 1216 4649 4813 4817 4818 4821
10 1218 1390 1392 2283 2439 2450 2452 2455 5001 5002
2 1221 2467
24 1222 1348 1358 1633 7561 7566 7567 7581 7587 7590 7591 7595 9591 9592 9593 9596 9602 9719 9720 9722 9780 9781 9785 9786
4 1229 1253 1370 1397
7 1231 2533 8883 8884 8885 8886 8895
3 1233 1417 1445
1 1235
3 1239 1250 1315
2 1244 1655
5 1245 1362 5376 5381 5930
16 1249 1733 4924 4999 7601 7980 7981 7998 8793 8794 8796 8800 8806 8813 8814 8819
4 1251 5912 5914 5915
5 1252 3108 3206 5508 5527
1 1255
15 1256 1459 1731 8980 8982 9021 9048 9055 9056 9059 9060 9061 9082 9162 9164
1 1266
1 1270
9 1271 1273 2817 2833 2884 9084 9086 9101 9193
7 1276 1309 1501 5677 9140 9144 9152
2 1278 1289
1 1298
3 1300 1371 1627
3 1303 1659 1665
2 1311 6404
2 1318 7654
2 1320 1727
2 1321 1793
40 1322 1372 7689 7693 7701 7706 7708 7709 7711 9215 9216 9226 9299 9308 9309 9310 9314 9315 9316 9319 9336 9337 9338 9340 9341 9377 9457 9458 9469 9470 9472 9516 9519 9530 9545 9547 9548 9549 9552 9556
4 1331 6150 6152 6153
7 1333 9943 9945 9964 9966 9967 9968
7 1334 4907 9207 9209 9210 9211 9212
5 1335 5150 5162 5164 5470
4 1336 2581 2586 2587
12 1346 2642 2643 2644 2645 2647 2651 2653 2654 2656 2666 2670
4 1349 1462 1479 8555
4 1359 1376 3471 3474
3 1377 1391 2751
1 1385
2 1394 3580
9 1402 1832 2280 2281 2294 7933 7974 7977 8314
8 1405 1835 1845 3240 3241 3257 6502 6506
2 1407 1446
5 1414 1452 1904 1909 1916
8 1420 1461 2111 2469 2470 2473 3357 5559
8 1450 3427 3433 5144 5145 6359 6361 6371
2 1458 2119
8 1460 1948 2114 2214 9576 9789 9930 9934
5 1463 5528 5531 5539 5551
1 1464
2 1481 7121
1 1486
9 1490 2120 2122 2132 2226 2512 2519 2524 2530
4 1491 1497 6800 6804
4 1498 2241 2246 3355
2 1499 1509
2 1507 2385
3 1512 1515 1518
4 1524 1546 7663 7666
8 1525 1532 1544 1848 2595 2599 2600 2616
13 1526 1647 1745 1751 1755 5929 5934 5938 5954 5955 5956 6010 6012
7 1528 5005 5010 5018 5034 5680 5681
2 1530 2691
2 1531 1533
8 1534 6270 6273 7735 7736 7782 7783 7789
2 1535 2386
2 1536 2480
14 1542 1547 1565 3753 3754 3860 3863 3877 3878 3879 3882 3889 3902 3913
13 1545 1646 6517 9201 9445 9446 9447 9448 9449 9564 9568 9569 9580
3 1549 1725 1766
2 1561 5711
9 1571 3291 3297 3299 3300 3303 3340 3343 3345
1 1576
3 1583 9940 9941
12 1584 3356 3377 3453 3470 3484 3499 3562 3564 5766 5767 5774
12 1585 2279 2295 2317 6593 7157 7160 7168 7253 7254 7263 7414
4 1587 1588 1602 1637
2 1595 1596
3 1604 1622 1791
2 1608 1634
9 1611 3593 6697 6698 6756 6757 6780 6781 6782
9 1612 1644 1666 1667 2486 7442 7443 7446 7453
6 1613 4262 4263 4265 7684 7722
1 1615
3 1618 1942 1943
1 1628
3 1650 1889 1930
5 1654 3978 3997 4002 4014
10 1664 2635 2636 2639 3942 3974 3996 8552 8553 8554
2 1669 7805
3 1670 1671 1954
1 1672
5 1673 3042 3044 3046 4275
2 1675 1678
2 1676 1874
1 1682
2 1684 4915
5 1686 8923 8936 8939 8941
1 1690
4 1691 1692 1963 2491
15 1694 1970 5066 5067 5068 5069 5070 5074 5076 5146 5148 5149 5151 5152 5173
3 1700 1706 3645
3 1707 1708 1990
10 1709 2034 3032 6889 6890 6891 6893 6904 6931 6932
8 1710 3720 3722 3731 3737 5437 9427 9450
5 1715 1717 1722 6073 6074
