1 0
3 1 4 7
4 2 3 5 6
2 8 12
3 9 13 60
4 10 14 16 20
4 11 17 21 44
3 15 18 49
4 19 22 26 479
2 23 108
5 24 25 28 31 54
5 27 30 36 56 142
4 29 33 51 124
6 32 34 37 38 40 58
4 35 42 59 480
5 39 43 45 68 70
4 41 46 53 73
5 47 50 63 75 79
5 52 62 77 78 86
5 55 67 72 82 144
5 57 64 65 71 89
6 61 66 74 80 103 107
6 69 76 81 87 110 131
5 83 94 101 132 160
7 84 85 96 99 111 136 170
6 88 90 106 113 129 143
6 91 93 97 115 139 148
8 92 98 104 105 121 123 140 176
7 95 112 114 127 134 149 165
5 100 116 135 163 181
5 102 118 145 171 182
6 109 120 125 153 185 195
7 117 119 122 126 158 188 204
7 128 130 154 162 184 192 207
6 133 151 167 189 205 220
5 137 152 179 197 224
7 138 150 155 186 191 221 226
4 141 161 174 231
6 146 173 177 198 201 229
4 147 178 213 218
3 156 164 180
9 157 159 168 183 214 215 227 228 234
9 166 172 175 193 194 202 217 236 242
8 169 196 199 219 235 238 246 263
4 187 209 237 240
8 190 200 206 210 216 223 243 247
3 208 230 251
6 211 232 253 255 265 587
4 212 233 257 900
7 222 225 239 244 256 258 270
5 241 249 259 274 295
5 245 250 261 262 325
6 248 252 260 264 296 5592
4 254 267 269 299
7 266 272 275 276 281 298 302
8 268 271 278 286 287 289 304 562
6 273 277 279 288 291 307
4 280 283 294 316
4 282 290 301 321
5 284 285 308 312 322
8 292 293 305 309 314 327 343 623
6 297 300 310 317 329 336
3 303 306 361
5 311 318 323 366 383
4 313 319 324 390
6 315 326 330 331 371 391
3 320 333 392
6 328 332 334 341 393 729
5 335 340 349 395 398
4 337 344 360 406
5 338 339 347 401 418
4 342 345 386 410
4 346 351 411 431
5 348 350 362 421 757
4 352 356 389 443
6 353 357 359 404 416 432
6 354 358 363 420 424 638
6 355 365 367 427 430 452
2 364 438
1 368
4 369 407 436 437
5 370 373 429 441 465
5 372 374 379 388 446
5 375 377 384 447 455
9 376 380 382 385 387 413 451 472 526
7 378 381 396 397 414 454 464
7 394 399 426 460 466 471 616
7 400 402 412 434 469 488 630
5 403 405 433 440 495
5 408 449 450 504 635
6 409 442 453 470 522 557
6 415 425 467 478 525 535
5 417 428 468 491 532
8 419 444 448 456 484 486 534 548
9 422 457 485 490 496 528 538 556 632
5 423 435 458 487 492
9 439 459 473 481 500 503 540 566 840
8 445 461 477 505 509 547 559 573
8 462 463 475 508 539 570 571 758
2 474 476
5 482 510 514 517 579
7 483 493 498 512 515 555 590
9 489 494 516 518 546 551 564 592 603
5 497 499 574 593 611
5 501 520 558 594 626
8 502 506 521 544 569 595 598 644
5 507 524 576 605 797
9 511 523 527 531 577 597 625 648 667
8 513 529 536 581 619 631 662 818
7 519 537 567 602 651 653 901
6 530 541 542 588 609 664
5 533 543 584 613 669
7 545 578 591 604 637 675 710
7 549 550 552 589 614 642 685
7 553 560 561 600 628 652 690
7 554 572 586 620 640 679 702
4 563 596 634 641
8 565 575 608 647 650 654 705 706
6 568 580 612 670 673 707
5 582 621 678 681 722
9 583 599 618 639 659 676 712 731 1425
6 585 601 657 684 721 737
7 606 607 622 695 727 736 746
8 610 615 624 668 696 735 738 747
5 617 636 687 743 748
7 627 629 643 692 703 745 749
6 633 645 658 698 725 750
8 646 663 682 701 717 752 759 906
5 649 674 686 755 762
6 655 660 680 693 756 790
7 656 661 671 683 689 714 763
5 665 688 694 733 764
5 666 699 754 765 766
6 672 691 709 716 723 770
8 677 697 720 740 767 776 778 784
9 700 704 708 728 732 771 777 781 792
3 711 742 773
5 713 715 760 783 794
6 718 724 774 785 787 795
5 719 782 788 796 805
7 726 730 744 786 789 804 807
6 734 739 751 791 811 971
3 741 793 828
5 753 761 779 798 831
7 768 772 780 800 803 810 836
7 769 775 799 801 806 822 845
7 802 808 809 829 834 855 859
5 812 814 815 858 868
2 813 820
3 816 819 835
3 817 844 869
5 821 824 848 860 888
6 823 826 827 850 879 910
8 825 830 832 833 838 861 885 899
4 839 866 898 913
6 841 851 875 890 911 914
6 842 843 847 882 891 925
6 846 857 862 895 912 926
7 849 863 880 915 927 936 1653
6 852 865 870 903 917 923
8 853 864 871 878 909 919 932 939
6 854 867 877 904 937 948
4 856 872 953 955
4 873 940 944 954
4 874 931 958 962
6 876 883 941 959 960 966
4 881 884 964 973
6 886 887 907 952 968 976
3 889 974 980
7 892 893 894 977 983 1001 1207
5 896 897 905 981 994
6 902 916 924 929 984 995
6 908 928 930 972 985 998
5 918 933 963 988 1003
7 920 921 922 934 935 943 1006
5 938 969 999 1007 1009
5 942 946 1011 1019 1038
6 945 947 967 989 1014 1015
3 949 965 978
6 950 951 970 1012 1016 1020
5 956 957 979 1017 1018
7 961 975 982 987 991 1021 1035
4 986 990 996 1022
6 992 993 997 1025 1043 1134
1 1000
4 1002 1008 1026 1052
3 1004 1027 1055
5 1005 1028 1036 1056 1202
5 1010 1013 1029 1044 1060
3 1023 1059 1064
5 1024 1031 1032 1049 1076
7 1030 1033 1034 1063 1073 1074 1080
4 1037 1068 1077 1082
3 1039 1070 1083
6 1040 1041 1042 1053 1058 1084
3 1045 1061 1157
7 1046 1047 1050 1065 1069 1085 1120
4 1048 1051 1071 1086
4 1054 1057 1072 1087
3 1062 1075 1088
3 1066 1067 1089
3 1078 1091 1288
4 1079 1081 1092 1136
3 1090 1093 1242
3 1094 1095 1173
2 1096 1107
4 1097 1098 1099 1115
6 1100 1101 1102 1103 1118 1293
6 1104 1106 1108 1116 1127 1137
4 1105 1112 1128 1150
3 1109 1110 1114
7 1111 1113 1117 1126 1129 1139 1507
3 1119 1124 1131
7 1121 1122 1133 1141 1158 1210 1958
3 1123 1125 1140
4 1130 1144 1147 1204
5 1132 1145 1148 1149 1823
1 1135
5 1138 1142 1151 1152 1153
4 1143 1155 1156 3897
4 1146 1161 1164 1254
5 1154 1162 1166 1172 1174
1 1159
5 1160 1163 1167 1180 1185
4 1165 1171 1183 1191
6 1168 1175 1184 1187 1195 1212
3 1169 1182 1190
6 1170 1176 1179 1188 1205 1226
5 1177 1181 1196 1197 1213
5 1178 1186 1203 1214 1216
6 1189 1193 1198 1219 1225 1403
2 1192 1230
4 1194 1229 1234 1244
4 1199 1231 1238 1247
6 1200 1201 1217 1236 1249 1336
5 1206 1218 1237 1241 1258
3 1208 1259 1261
6 1209 1211 1224 1239 1262 1277
7 1215 1220 1232 1233 1243 1268 1285
7 1221 1235 1253 1270 1274 1290 1301
5 1222 1223 1245 1246 1306
8 1227 1248 1255 1260 1278 1279 1295 1300
6 1228 1250 1264 1265 1280 1304
7 1240 1251 1266 1283 1287 1318 1360
3 1252 1275 1284
6 1256 1281 1289 1291 1312 1322
6 1257 1263 1276 1286 1292 1327
6 1267 1271 1294 1296 1333 1343
8 1269 1272 1282 1297 1298 1303 1341 1547
7 1273 1299 1302 1308 1329 1347 2038
6 1305 1307 1310 1317 1337 1350
5 1309 1314 1321 1354 1367
5 1311 1316 1331 1334 1356
3 1313 1319 1344
4 1315 1320 1351 1359
6 1323 1324 1325 1358 1366 1410
5 1326 1328 1342 1361 1374
4 1330 1338 1362 1375
2 1332 1339
6 1335 1340 1352 1368 1373 1377
4 1345 1357 1370 1378
7 1346 1348 1353 1365 1379 1404 2090
5 1349 1355 1371 1380 1437
5 1363 1364 1382 1383 1385
6 1369 1387 1388 1389 1390 1408
3 1372 1376 1452
3 1381 1395 1446
5 1384 1391 1398 1418 1549
6 1386 1392 1396 1397 1419 1426
3 1393 1400 1472
4 1394 1401 1427 1680
1 1399
4 1402 1405 1435 1439
5 1406 1409 1411 1454 1510
5 1407 1412 1413 1445 1456
5 1414 1416 1440 1462 1495
4 1415 1417 1442 1473
3 1420 1467 1479
4 1421 1468 1476 1478
6 1422 1423 1463 1481 1483 1540
7 1424 1428 1432 1482 1484 1514 1552
4 1429 1434 1486 1542
6 1430 1431 1444 1487 1526 1558
4 1433 1448 1488 1569
5 1436 1450 1464 1490 1559
7 1438 1441 1443 1449 1457 1497 1562
6 1447 1451 1458 1506 1570 1691
5 1453 1459 1517 1522 1573
4 1455 1461 1536 1574
5 1460 1469 1477 1544 1575
4 1465 1466 1485 1545
8 1470 1471 1498 1505 1533 1572 1576 1950
4 1474 1520 1548 1577
7 1475 1480 1493 1499 1566 1579 1662
7 1489 1496 1501 1525 1567 1581 1594
6 1491 1502 1516 1519 1585 1599
7 1492 1494 1504 1531 1556 1586 1602
3 1500 1508 1546
6 1503 1509 1535 1588 1614 1619
6 1511 1513 1538 1582 1607 1615
7 1512 1518 1532 1539 1554 1611 1622
9 1515 1521 1523 1541 1571 1600 1616 1624 1972
2 1524 1555
8 1527 1534 1551 1578 1583 1617 1623 1633
5 1528 1529 1608 1618 1636
7 1530 1537 1590 1621 1638 1641 1677
7 1543 1550 1553 1561 1596 1606 1642
4 1557 1560 1563 1645
4 1564 1584 1591 1626
8 1565 1568 1587 1597 1603 1631 1643 1708
6 1580 1592 1598 1610 1632 1646
4 1589 1604 1648 1652
6 1593 1595 1612 1649 1654 1658
6 1601 1628 1640 1656 1659 2169
5 1605 1629 1650 1661 1682
8 1609 1613 1630 1634 1639 1647 1651 1663
6 1620 1637 1655 1657 1665 1694
6 1625 1644 1666 1669 1683 1699
8 1627 1660 1667 1668 1670 1696 1698 1731
5 1635 1671 1673 1701 2223
5 1664 1672 1675 1703 1704
4 1674 1676 1678 1705
3 1679 1706 1718
4 1681 1684 1712 1713
6 1685 1686 1714 1719 1720 1722
2 1687 1726
3 1688 1728 1730
3 1689 1690 1732
5 1692 1702 1727 1736 1740
4 1693 1695 1739 1744
5 1697 1700 1707 1748 1758
6 1709 1724 1737 1749 1751 2853
6 1710 1711 1742 1753 1760 1801
5 1715 1743 1759 1764 1809
6 1716 1717 1754 1772 1788 2130
7 1721 1733 1756 1761 1762 1786 1805
5 1723 1741 1763 1798 1808
6 1725 1738 1746 1765 1792 1813
6 1729 1747 1766 1793 1822 1825
6 1734 1750 1769 1782 1795 1829
7 1735 1745 1767 1770 1797 1812 1837
6 1752 1768 1775 1802 1820 1848
7 1755 1776 1780 1811 1824 1851 1868
7 1757 1771 1779 1781 1806 1826 1858
8 1773 1774 1783 1787 1818 1841 1865 1892
4 1777 1778 1846 1878
3 1784 1785 1881
3 1789 1847 1887
5 1790 1807 1832 1849 1898
6 1791 1810 1814 1859 1894 1929
7 1794 1796 1816 1819 1877 1901 1905
7 1799 1800 1804 1821 1890 1909 1948
4 1803 1836 1882 1923
2 1815 1817
5 1827 1850 1893 1903 1931
5 1828 1853 1895 1928 1951
7 1830 1831 1834 1839 1899 1906 1935
7 1833 1838 1840 1854 1919 1938 2363
6 1835 1842 1856 1904 1925 1939
3 1843 1844 2252
3 1845 1852 1855
4 1857 1915 1927 1962
7 1860 1876 1885 1916 1926 1936 1966
2 1861 1880
7 1862 1870 1886 1924 1943 1952 2002
6 1863 1871 1875 1933 1953 1961
8 1864 1872 1889 1917 1934 1940 1974 2029
6 1866 1873 1879 1911 1946 1956
8 1867 1869 1883 1884 1891 1954 1969 1976
6 1874 1896 1918 1957 1982 4795
8 1888 1897 1902 1921 1959 1971 1987 4277
6 1907 1941 1960 1983 2010 2114
8 1908 1910 1913 1945 1964 1990 2019 2138
4 1912 1914 1932 1973
5 1920 1965 1975 1991 2007
4 1922 2030 2103 8012
6 1930 1937 1977 2001 2011 2032
3 1942 1947 1998
6 1944 1955 1979 2003 2022 2055
8 1949 1963 1985 2004 2005 2035 2069 2098
6 1967 1988 2013 2024 2049 3626
6 1968 1980 1989 2012 2027 2070
9 1970 1981 1996 2014 2028 2046 2059 2073 2170
7 1978 1984 1994 1999 2034 2064 2100
9 1986 1997 2000 2016 2037 2043 2067 2080 2096
10 1992 1993 1995 2006 2017 2018 2047 2054 2094 2117
7 2008 2021 2023 2044 2050 2097 2152
8 2015 2033 2040 2057 2083 2113 2139 3664
6 2020 2025 2045 2063 2120 2134
8 2026 2031 2041 2058 2066 2091 2133 2175
7 2036 2039 2048 2065 2087 2127 2145
6 2042 2051 2071 2101 2136 2148
5 2052 2088 2131 2158 2163
1 2053
7 2056 2061 2062 2068 2095 2125 2165
6 2060 2072 2074 2075 2144 2185
6 2076 2081 2137 2149 2155 2208
6 2077 2084 2085 2146 2157 2172
6 2078 2086 2150 2161 2182 2188
6 2079 2092 2189 2195 2196 6934
